round, agentid, utility
1, 0, 1.699884
1, 1, 1.059824
1, 2, 1.558931
1, 3, 0.816047
1, 4, 0.689879
1, 5, 1.932408
1, 6, 0.000000
1, 7, 1.279816
1, 8, 1.983912
1, 9, 1.773463
1, 10, 1.200925
1, 11, 0.700000
1, 12, 1.146933
1, 13, 1.160060
1, 14, 1.527542
1, 15, 0.778250
1, 16, 1.599759
1, 17, 1.542171
1, 18, 1.448951
1, 19, 1.629493
1, 20, 2.049719
1, 21, 1.612431
1, 22, 1.938047
1, 23, 0.092338
1, 24, 1.259859
1, 25, 1.310600
1, 26, 0.792157
1, 27, 1.292401
1, 28, 1.649233
1, 29, 1.417298
1, 30, 1.302521
1, 31, 0.992359
1, 32, 0.582264
1, 33, 1.735959
1, 34, 1.359806
1, 35, 1.572595
1, 36, 1.492729
1, 37, 1.499912
1, 38, 1.057220
1, 39, 1.677813
1, 40, 1.667616
1, 41, 1.565429
1, 42, 1.359704
1, 43, 1.689755
1, 44, 0.650000
1, 45, 1.342471
1, 46, 0.694881
1, 47, 1.403404
1, 48, -0.160080
1, 49, 1.332694
1, 50, 0.929995
1, 51, 1.049860
1, 52, 1.405548
1, 53, -0.011880
1, 54, 1.440408
1, 55, 1.522501
1, 56, 1.209727
1, 57, 1.521811
1, 58, 1.475831
1, 59, 0.242591
1, 60, 0.739992
1, 61, 1.132378
1, 62, 1.257503
1, 63, 0.789893
1, 64, 1.652411
1, 65, 2.261884
1, 66, 1.175369
1, 67, 1.509896
1, 68, 1.708143
1, 69, 2.048582
1, 70, 1.973362
1, 71, 1.916228
1, 72, -0.020282
1, 73, 2.029933
1, 74, 1.722558
1, 75, 1.119767
1, 76, 1.457203
1, 77, 0.894318
1, 78, 1.284766
1, 79, 1.606354
1, 80, 1.087739
1, 81, 1.205176
1, 82, 0.705132
1, 83, 0.748671
1, 84, 1.224680
1, 85, 1.872385
1, 86, 1.166707
1, 87, 1.927225
1, 88, 1.797889
1, 89, 0.921054
1, 90, 0.984982
1, 91, -0.040000
1, 92, 1.009850
1, 93, 1.133487
1, 94, 1.126716
1, 95, 0.640000
1, 96, -0.040000
1, 97, 2.434449
1, 98, 1.603383
1, 99, 0.832109
1, 100, 1.069416
1, 101, 0.214209
1, 102, 1.479837
1, 103, 0.000000
1, 104, 1.700791
1, 105, 1.805776
1, 106, 1.239854
1, 107, 0.890330
1, 108, 1.032149
1, 109, 0.690000
1, 110, 1.567454
1, 111, 1.069877
1, 112, 1.169904
1, 113, 1.425774
1, 114, 0.882359
1, 115, 1.652222
1, 116, 1.811392
1, 117, 1.983936
1, 118, 1.409992
1, 119, 0.955346
1, 120, 1.299908
1, 121, 1.852278
1, 122, 2.058095
1, 123, 1.589912
1, 124, 1.702981
1, 125, 2.596981
1, 126, 0.257731
1, 127, 0.899674
1, 128, -0.090005
1, 129, 1.477340
1, 130, 1.289445
1, 131, 1.092290
1, 132, 1.210455
1, 133, 0.999993
1, 134, 1.269670
1, 135, 1.267784
1, 136, 0.651667
1, 137, 1.412326
1, 138, 1.319854
1, 139, 1.691566
1, 140, 1.587419
1, 141, 1.337357
1, 142, 1.807308
1, 143, 1.688859
1, 144, 1.099826
1, 145, 1.369869
1, 146, 1.470830
1, 147, 1.823309
1, 148, 2.074062
1, 149, 1.867920
1, 150, 1.362366
1, 151, 1.236285
1, 152, 0.943649
1, 153, -0.048841
1, 154, 1.288955
1, 155, 1.224085
1, 156, 0.547021
1, 157, 1.889582
1, 158, 1.788538
1, 159, 1.547884
1, 160, 1.852717
1, 161, 1.248106
1, 162, 1.942067
1, 163, 1.748005
1, 164, 0.989995
1, 165, 2.234476
1, 166, 1.996420
1, 167, -1.707632
1, 168, 0.971152
1, 169, 1.427493
1, 170, 1.387988
1, 171, 0.870000
1, 172, 1.239741
1, 173, 1.457893
1, 174, 1.356855
1, 175, 1.074105
1, 176, 1.681938
1, 177, 1.869677
1, 178, 1.772278
1, 179, 1.963823
1, 180, 1.722004
1, 181, 0.999988
1, 182, 1.191625
1, 183, 1.059084
1, 184, 0.765914
1, 185, 0.687281
1, 186, 2.035454
1, 187, -0.003131
1, 188, 1.319981
1, 189, 1.725237
1, 190, 1.051421
1, 191, 1.397384
1, 192, 1.077923
1, 193, 1.815573
1, 194, 1.372945
1, 195, 0.597500
1, 196, -0.160111
1, 197, 1.254814
1, 198, 0.809898
1, 199, -0.302692
3, 0, 1.753514
3, 1, 1.099824
3, 2, 1.650110
3, 3, 0.586232
3, 4, 0.652348
3, 5, 2.089907
3, 6, 0.000000
3, 7, 1.165492
3, 8, 2.050977
3, 9, 1.799116
3, 10, 1.258068
3, 11, 0.898417
3, 12, 1.189178
3, 13, 1.064378
3, 14, 1.595460
3, 15, 0.908005
3, 16, 1.792137
3, 17, 1.872277
3, 18, 1.698036
3, 19, 1.654965
3, 20, 2.253160
3, 21, 1.651134
3, 22, 2.105947
3, 23, 0.722347
3, 24, 1.306527
3, 25, 1.364775
3, 26, 1.249773
3, 27, 1.539849
3, 28, 1.763392
3, 29, 1.569842
3, 30, 1.319996
3, 31, 1.090951
3, 32, 0.648483
3, 33, 1.780013
3, 34, 1.532478
3, 35, 1.704372
3, 36, 1.492729
3, 37, 1.499912
3, 38, 1.074233
3, 39, 1.748677
3, 40, 1.758315
3, 41, 1.564615
3, 42, 1.359704
3, 43, 1.732638
3, 44, 0.492703
3, 45, 1.385528
3, 46, 0.786160
3, 47, 1.415481
3, 48, -0.160080
3, 49, 1.332694
3, 50, 0.774680
3, 51, 1.159337
3, 52, 1.436355
3, 53, 0.339598
3, 54, 1.599761
3, 55, 1.568582
3, 56, 1.273324
3, 57, 1.639207
3, 58, 1.484208
3, 59, 0.382467
3, 60, 0.582500
3, 61, 1.387088
3, 62, 1.329008
3, 63, 0.789893
3, 64, 1.751226
3, 65, 2.407348
3, 66, 1.180301
3, 67, 1.509896
3, 68, 1.719635
3, 69, 2.087447
3, 70, 2.207279
3, 71, 2.006106
3, 72, 1.062258
3, 73, 2.094026
3, 74, 1.748507
3, 75, 1.119767
3, 76, 1.456838
3, 77, 0.928850
3, 78, 1.549889
3, 79, 1.643022
3, 80, 1.177944
3, 81, 1.226125
3, 82, 0.831476
3, 83, 0.782087
3, 84, 1.273970
3, 85, 1.969237
3, 86, 1.836185
3, 87, 2.003989
3, 88, 1.868926
3, 89, 0.784370
3, 90, 1.127096
3, 91, 0.467995
3, 92, 1.009850
3, 93, 1.224190
3, 94, 1.097332
3, 95, 0.437500
3, 96, 0.550917
3, 97, 2.657593
3, 98, 1.638177
3, 99, 1.257110
3, 100, 1.021667
3, 101, 0.256245
3, 102, 1.614003
3, 103, 0.000000
3, 104, 1.841312
3, 105, 1.900562
3, 106, 1.258183
3, 107, 0.941204
3, 108, 1.202461
3, 109, 0.705744
3, 110, 1.625403
3, 111, 1.248567
3, 112, 1.166332
3, 113, 1.852683
3, 114, 1.009837
3, 115, 1.968193
3, 116, 1.819434
3, 117, 2.014548
3, 118, 1.303567
3, 119, 0.892651
3, 120, 1.612408
3, 121, 2.076729
3, 122, 2.154377
3, 123, 1.614493
3, 124, 1.713052
3, 125, 2.827162
3, 126, 0.321455
3, 127, 0.897504
3, 128, -0.090005
3, 129, 1.522526
3, 130, 1.343649
3, 131, 1.429791
3, 132, 1.219066
3, 133, 0.937763
3, 134, 1.492171
3, 135, 1.249229
3, 136, 0.453717
3, 137, 1.401748
3, 138, 1.247730
3, 139, 1.708974
3, 140, 1.999919
3, 141, 1.586897
3, 142, 2.009809
3, 143, 1.691461
3, 144, 0.830398
3, 145, 1.369869
3, 146, 1.507355
3, 147, 2.128389
3, 148, 2.110104
3, 149, 1.906193
3, 150, 1.442243
3, 151, 1.178448
3, 152, 1.011589
3, 153, 0.639487
3, 154, 1.267137
3, 155, 1.249161
3, 156, 0.547021
3, 157, 1.975330
3, 158, 1.817507
3, 159, 1.559222
3, 160, 1.887336
3, 161, 1.317475
3, 162, 2.039646
3, 163, 1.810486
3, 164, 1.241271
3, 165, 2.341232
3, 166, 2.035102
3, 167, -0.870131
3, 168, 0.971152
3, 169, 1.499885
3, 170, 1.414841
3, 171, 0.953246
3, 172, 1.288959
3, 173, 1.557760
3, 174, 1.460385
3, 175, 1.110041
3, 176, 1.714550
3, 177, 1.908731
3, 178, 1.772278
3, 179, 1.999443
3, 180, 1.925537
3, 181, 1.129988
3, 182, 1.311051
3, 183, 1.063956
3, 184, 0.649029
3, 185, 1.487286
3, 186, 2.074804
3, 187, -0.000134
3, 188, 1.325816
3, 189, 1.809637
3, 190, 1.115644
3, 191, 1.542314
3, 192, 1.115728
3, 193, 1.861028
3, 194, 1.380572
3, 195, 0.530000
3, 196, 1.240635
3, 197, 2.039814
3, 198, 0.951060
3, 199, 0.550116
5, 0, 1.753514
5, 1, 1.071404
5, 2, 1.731896
5, 3, 0.608468
5, 4, 0.642485
5, 5, 2.126837
5, 6, 0.000000
5, 7, 1.022532
5, 8, 2.140671
5, 9, 1.825795
5, 10, 1.268632
5, 11, 1.101494
5, 12, 1.327958
5, 13, 1.064378
5, 14, 1.641346
5, 15, 1.042743
5, 16, 1.685936
5, 17, 2.159777
5, 18, 1.920762
5, 19, 1.552660
5, 20, 2.340590
5, 21, 1.607195
5, 22, 2.003573
5, 23, 1.109847
5, 24, 1.320907
5, 25, 1.413635
5, 26, 1.465182
5, 27, 1.549517
5, 28, 1.780697
5, 29, 1.640546
5, 30, 1.319996
5, 31, 1.181889
5, 32, 0.606624
5, 33, 1.828161
5, 34, 1.673973
5, 35, 1.796273
5, 36, 1.502350
5, 37, 1.552275
5, 38, 0.733396
5, 39, 1.799744
5, 40, 1.767494
5, 41, 1.560991
5, 42, 1.359704
5, 43, 1.749108
5, 44, 0.526291
5, 45, 1.418031
5, 46, 0.911631
5, 47, 1.422217
5, 48, 0.925747
5, 49, 1.332694
5, 50, 0.742975
5, 51, 1.163038
5, 52, 1.434137
5, 53, 0.407990
5, 54, 1.731207
5, 55, 1.638113
5, 56, 1.300912
5, 57, 1.715603
5, 58, 1.487760
5, 59, 0.507063
5, 60, 0.652250
5, 61, 1.394398
5, 62, 1.395850
5, 63, 0.789893
5, 64, 1.754588
5, 65, 2.464765
5, 66, 1.175507
5, 67, 1.533833
5, 68, 1.731921
5, 69, 2.096196
5, 70, 2.379760
5, 71, 2.085630
5, 72, 1.429941
5, 73, 2.109291
5, 74, 1.782442
5, 75, 1.129318
5, 76, 1.456838
5, 77, 0.799769
5, 78, 1.560135
5, 79, 1.703009
5, 80, 1.300291
5, 81, 1.240877
5, 82, 0.868246
5, 83, 0.807219
5, 84, 1.288150
5, 85, 2.048305
5, 86, 2.261766
5, 87, 2.071815
5, 88, 1.916660
5, 89, 0.784370
5, 90, 1.127096
5, 91, 0.560484
5, 92, 1.009850
5, 93, 1.281295
5, 94, 1.036152
5, 95, -0.040000
5, 96, 0.623525
5, 97, 3.103345
5, 98, 1.620669
5, 99, 1.519610
5, 100, 0.926054
5, 101, -0.001619
5, 102, 1.649994
5, 103, 0.000000
5, 104, 1.939835
5, 105, 1.954303
5, 106, 1.258183
5, 107, 0.978459
5, 108, 1.209962
5, 109, 0.723734
5, 110, 1.653988
5, 111, 1.293175
5, 112, 1.169930
5, 113, 2.210618
5, 114, 1.062701
5, 115, 2.011949
5, 116, 1.819264
5, 117, 2.035907
5, 118, 1.362156
5, 119, 0.898609
5, 120, 1.704239
5, 121, 2.186221
5, 122, 2.213269
5, 123, 1.651400
5, 124, 1.713052
5, 125, 2.990424
5, 126, 0.362392
5, 127, 0.930750
5, 128, 0.529399
5, 129, 1.491920
5, 130, 1.366984
5, 131, 1.577484
5, 132, 1.219066
5, 133, 0.901980
5, 134, 1.534241
5, 135, 1.272407
5, 136, 0.453717
5, 137, 1.401748
5, 138, 1.024318
5, 139, 1.722158
5, 140, 2.276606
5, 141, 1.620557
5, 142, 2.157504
5, 143, 1.685706
5, 144, 0.723909
5, 145, 1.378886
5, 146, 1.541044
5, 147, 2.370211
5, 148, 2.139101
5, 149, 2.003242
5, 150, 1.462988
5, 151, 1.210681
5, 152, 1.087908
5, 153, 0.704513
5, 154, 1.291507
5, 155, 1.302696
5, 156, 0.547021
5, 157, 2.039153
5, 158, 1.904948
5, 159, 1.547547
5, 160, 1.899008
5, 161, 1.332971
5, 162, 2.103703
5, 163, 1.914760
5, 164, 1.466612
5, 165, 2.384408
5, 166, 2.079898
5, 167, 0.303736
5, 168, 0.971152
5, 169, 1.513169
5, 170, 1.286472
5, 171, 1.144131
5, 172, 1.288959
5, 173, 1.630834
5, 174, 1.484262
5, 175, 1.126236
5, 176, 1.763913
5, 177, 1.947183
5, 178, 1.777755
5, 179, 2.012540
5, 180, 2.106096
5, 181, 1.153083
5, 182, 1.421199
5, 183, 1.063956
5, 184, 0.726094
5, 185, 1.889927
5, 186, 2.103033
5, 187, -0.000134
5, 188, 1.325476
5, 189, 1.926015
5, 190, 1.115644
5, 191, 1.563696
5, 192, 1.208338
5, 193, 1.899638
5, 194, 1.353534
5, 195, 0.530000
5, 196, 1.751821
5, 197, 2.219877
5, 198, 1.001907
5, 199, 1.082509
7, 0, 1.753514
7, 1, 1.039606
7, 2, 1.816917
7, 3, 0.608468
7, 4, 0.720593
7, 5, 2.148153
7, 6, 0.000000
7, 7, 0.832371
7, 8, 2.265894
7, 9, 1.838556
7, 10, 1.279976
7, 11, 1.252463
7, 12, 1.419003
7, 13, 1.007626
7, 14, 1.709495
7, 15, 1.197598
7, 16, 1.700336
7, 17, 2.230962
7, 18, 1.986245
7, 19, 1.579209
7, 20, 2.466990
7, 21, 1.466227
7, 22, 2.030179
7, 23, 1.379862
7, 24, 1.332757
7, 25, 1.428769
7, 26, 1.525598
7, 27, 1.590935
7, 28, 1.795423
7, 29, 1.654431
7, 30, 1.319996
7, 31, 1.265766
7, 32, 0.602232
7, 33, 1.867494
7, 34, 1.789633
7, 35, 1.881038
7, 36, 1.563464
7, 37, 1.606406
7, 38, 0.459265
7, 39, 1.810820
7, 40, 1.769539
7, 41, 1.539370
7, 42, 1.363317
7, 43, 1.753826
7, 44, 0.531678
7, 45, 1.418031
7, 46, 1.032743
7, 47, 1.448480
7, 48, 0.948032
7, 49, 1.362929
7, 50, 0.758529
7, 51, 1.173164
7, 52, 1.417635
7, 53, 0.455426
7, 54, 1.857909
7, 55, 1.738356
7, 56, 1.326973
7, 57, 1.804075
7, 58, 1.487814
7, 59, 0.620785
7, 60, 0.420469
7, 61, 1.379805
7, 62, 1.372372
7, 63, 0.808431
7, 64, 1.746737
7, 65, 2.518246
7, 66, 1.182357
7, 67, 1.550268
7, 68, 1.735715
7, 69, 2.113746
7, 70, 2.521611
7, 71, 2.134430
7, 72, 1.874077
7, 73, 2.180459
7, 74, 1.797753
7, 75, 1.163245
7, 76, 1.456838
7, 77, 0.838986
7, 78, 1.561337
7, 79, 1.742775
7, 80, 1.408673
7, 81, 1.223492
7, 82, 0.927704
7, 83, 0.826393
7, 84, 1.305128
7, 85, 2.076680
7, 86, 2.501416
7, 87, 2.101601
7, 88, 1.884773
7, 89, 0.784370
7, 90, 1.127096
7, 91, 0.621337
7, 92, 1.009850
7, 93, 1.308539
7, 94, 1.069238
7, 95, -0.040000
7, 96, 0.667744
7, 97, 3.337398
7, 98, 1.597464
7, 99, 1.759617
7, 100, 0.938949
7, 101, -0.003010
7, 102, 1.679338
7, 103, 0.000000
7, 104, 2.026932
7, 105, 2.022788
7, 106, 1.303252
7, 107, 1.007763
7, 108, 1.209962
7, 109, 0.748749
7, 110, 1.644623
7, 111, 1.308942
7, 112, 1.157847
7, 113, 2.490154
7, 114, 1.066508
7, 115, 2.003186
7, 116, 1.819264
7, 117, 2.071613
7, 118, 1.384666
7, 119, 0.895183
7, 120, 1.734137
7, 121, 2.255954
7, 122, 2.270745
7, 123, 1.671902
7, 124, 1.713052
7, 125, 3.142131
7, 126, 0.473551
7, 127, 0.951874
7, 128, 0.553128
7, 129, 1.427342
7, 130, 1.352882
7, 131, 1.614351
7, 132, 1.219066
7, 133, 0.909877
7, 134, 1.543481
7, 135, 1.291304
7, 136, 0.453717
7, 137, 1.401748
7, 138, 1.068062
7, 139, 1.730552
7, 140, 2.421606
7, 141, 1.667714
7, 142, 2.205573
7, 143, 1.509552
7, 144, 0.723909
7, 145, 1.382525
7, 146, 1.572116
7, 147, 2.534904
7, 148, 2.150117
7, 149, 2.098511
7, 150, 1.462988
7, 151, 1.150881
7, 152, 1.129366
7, 153, 0.757838
7, 154, 1.332513
7, 155, 1.352076
7, 156, 0.547021
7, 157, 2.102832
7, 158, 1.977512
7, 159, 1.544789
7, 160, 1.917118
7, 161, 1.332971
7, 162, 2.221794
7, 163, 1.954098
7, 164, 1.812110
7, 165, 2.424838
7, 166, 2.159875
7, 167, 0.900946
7, 168, 0.971152
7, 169, 1.489480
7, 170, 1.314760
7, 171, 1.299882
7, 172, 1.288959
7, 173, 1.735302
7, 174, 1.544176
7, 175, 1.135975
7, 176, 1.851850
7, 177, 1.969457
7, 178, 1.784140
7, 179, 2.027651
7, 180, 2.249639
7, 181, 1.183150
7, 182, 1.522798
7, 183, 0.936684
7, 184, 0.766623
7, 185, 1.928961
7, 186, 2.213073
7, 187, -0.000134
7, 188, 1.337733
7, 189, 2.018504
7, 190, 1.115644
7, 191, 1.578389
7, 192, 1.258868
7, 193, 1.952507
7, 194, 1.328760
7, 195, 0.530000
7, 196, 2.022306
7, 197, 2.228853
7, 198, 1.098669
7, 199, 1.337436
9, 0, 1.753514
9, 1, 1.039606
9, 2, 1.857098
9, 3, 0.608468
9, 4, 0.792002
9, 5, 2.172559
9, 6, 0.000000
9, 7, 0.747397
9, 8, 2.330769
9, 9, 1.865622
9, 10, 1.320217
9, 11, 1.333183
9, 12, 1.486369
9, 13, 1.007626
9, 14, 1.737252
9, 15, 1.317336
9, 16, 1.710327
9, 17, 2.326838
9, 18, 2.118964
9, 19, 1.676794
9, 20, 2.639710
9, 21, 1.320571
9, 22, 2.051412
9, 23, 1.420875
9, 24, 1.342425
9, 25, 1.418489
9, 26, 1.525598
9, 27, 1.590310
9, 28, 1.808354
9, 29, 1.688978
9, 30, 1.276013
9, 31, 1.343132
9, 32, 0.629143
9, 33, 1.950665
9, 34, 1.885001
9, 35, 1.959224
9, 36, 1.656567
9, 37, 1.671781
9, 38, 0.438454
9, 39, 1.818141
9, 40, 1.770053
9, 41, 1.540218
9, 42, 1.366201
9, 43, 1.676232
9, 44, 0.531168
9, 45, 1.418031
9, 46, 1.131643
9, 47, 1.438143
9, 48, 0.973595
9, 49, 1.376249
9, 50, 0.757658
9, 51, 1.181329
9, 52, 1.385851
9, 53, 0.479583
9, 54, 1.944594
9, 55, 1.830819
9, 56, 1.367951
9, 57, 1.843231
9, 58, 1.485923
9, 59, 0.674040
9, 60, 0.487037
9, 61, 1.340874
9, 62, 1.368723
9, 63, 0.826365
9, 64, 1.739912
9, 65, 2.634085
9, 66, 1.187907
9, 67, 1.550268
9, 68, 1.736601
9, 69, 2.129819
9, 70, 2.624560
9, 71, 2.175787
9, 72, 2.234414
9, 73, 2.234465
9, 74, 1.815876
9, 75, 1.197808
9, 76, 1.456838
9, 77, 0.864078
9, 78, 1.561337
9, 79, 1.817387
9, 80, 1.504681
9, 81, 1.229266
9, 82, 0.965889
9, 83, 0.841505
9, 84, 1.310875
9, 85, 2.158026
9, 86, 2.605709
9, 87, 2.134994
9, 88, 1.874024
9, 89, 0.784370
9, 90, 1.127096
9, 91, 0.660484
9, 92, 1.012199
9, 93, 1.395923
9, 94, 0.969631
9, 95, -0.040000
9, 96, 0.692441
9, 97, 3.507239
9, 98, 1.619773
9, 99, 1.783551
9, 100, 0.812326
9, 101, -0.004785
9, 102, 1.679338
9, 103, 0.000000
9, 104, 2.263981
9, 105, 2.091671
9, 106, 1.319430
9, 107, 1.030152
9, 108, 1.209962
9, 109, 0.800874
9, 110, 1.630514
9, 111, 1.312067
9, 112, 1.157847
9, 113, 2.692784
9, 114, 1.084919
9, 115, 1.997841
9, 116, 1.819264
9, 117, 2.071613
9, 118, 1.386901
9, 119, 0.936743
9, 120, 1.753085
9, 121, 2.309039
9, 122, 2.326487
9, 123, 1.657722
9, 124, 1.713052
9, 125, 3.321900
9, 126, 0.652576
9, 127, 0.953914
9, 128, 0.563869
9, 129, 1.302958
9, 130, 1.342197
9, 131, 1.614351
9, 132, 1.219066
9, 133, 0.973228
9, 134, 1.543481
9, 135, 1.305102
9, 136, 0.453717
9, 137, 1.294442
9, 138, 1.104415
9, 139, 1.734758
9, 140, 2.508820
9, 141, 1.701026
9, 142, 2.223704
9, 143, 1.504723
9, 144, 0.681626
9, 145, 1.382525
9, 146, 1.595584
9, 147, 2.660044
9, 148, 2.150117
9, 149, 2.161500
9, 150, 1.462988
9, 151, 1.160691
9, 152, 1.222771
9, 153, 0.801108
9, 154, 1.370326
9, 155, 1.397622
9, 156, 0.547021
9, 157, 2.175936
9, 158, 2.044440
9, 159, 1.555706
9, 160, 1.988047
9, 161, 1.332971
9, 162, 2.340305
9, 163, 1.957661
9, 164, 2.143437
9, 165, 2.439481
9, 166, 2.226175
9, 167, 1.123276
9, 168, 0.971152
9, 169, 1.483953
9, 170, 1.320979
9, 171, 1.410410
9, 172, 1.288959
9, 173, 1.805031
9, 174, 1.583271
9, 175, 1.139175
9, 176, 1.946409
9, 177, 2.003084
9, 178, 1.784736
9, 179, 2.081894
9, 180, 2.364129
9, 181, 1.208043
9, 182, 1.639080
9, 183, 0.822921
9, 184, 0.782476
9, 185, 1.928961
9, 186, 2.296179
9, 187, -0.000134
9, 188, 1.359426
9, 189, 2.065246
9, 190, 1.323268
9, 191, 1.577004
9, 192, 1.302527
9, 193, 1.996764
9, 194, 1.329512
9, 195, 0.530000
9, 196, 2.297877
9, 197, 2.228445
9, 198, 1.243610
9, 199, 1.503818
11, 0, 1.753514
11, 1, 1.039606
11, 2, 1.891439
11, 3, 0.563608
11, 4, 0.792002
11, 5, 2.183618
11, 6, 0.000000
11, 7, 0.747397
11, 8, 2.392749
11, 9, 1.886502
11, 10, 1.344314
11, 11, 1.394053
11, 12, 1.553949
11, 13, 1.007626
11, 14, 1.797921
11, 15, 1.512521
11, 16, 1.664148
11, 17, 2.394321
11, 18, 2.232705
11, 19, 1.695025
11, 20, 2.792987
11, 21, 1.146050
11, 22, 2.067624
11, 23, 1.452354
11, 24, 1.350976
11, 25, 1.418489
11, 26, 1.508669
11, 27, 1.590310
11, 28, 1.810924
11, 29, 1.694477
11, 30, 1.227921
11, 31, 1.397368
11, 32, 0.647786
11, 33, 1.992044
11, 34, 1.963564
11, 35, 2.062430
11, 36, 1.686503
11, 37, 1.683880
11, 38, 0.438454
11, 39, 1.854670
11, 40, 1.770594
11, 41, 1.540218
11, 42, 1.366201
11, 43, 1.626866
11, 44, 0.523907
11, 45, 1.418031
11, 46, 1.209764
11, 47, 1.438143
11, 48, 0.993018
11, 49, 1.376055
11, 50, 0.757658
11, 51, 1.178550
11, 52, 1.311818
11, 53, 0.472130
11, 54, 2.016639
11, 55, 1.916105
11, 56, 1.421818
11, 57, 1.879348
11, 58, 1.481773
11, 59, 0.674040
11, 60, 0.517921
11, 61, 1.308005
11, 62, 1.361534
11, 63, 0.826365
11, 64, 1.739912
11, 65, 2.798016
11, 66, 1.214713
11, 67, 1.550268
11, 68, 1.736601
11, 69, 2.124380
11, 70, 2.699393
11, 71, 2.197487
11, 72, 2.536531
11, 73, 2.280398
11, 74, 1.775949
11, 75, 1.211367
11, 76, 1.456838
11, 77, 0.904770
11, 78, 1.561337
11, 79, 1.947331
11, 80, 1.589720
11, 81, 1.230931
11, 82, 1.049086
11, 83, 0.795901
11, 84, 1.267136
11, 85, 2.225212
11, 86, 2.736439
11, 87, 2.155373
11, 88, 1.785153
11, 89, 0.784370
11, 90, 1.127096
11, 91, 0.735899
11, 92, 1.048951
11, 93, 1.367835
11, 94, 0.997193
11, 95, -0.040000
11, 96, 0.809526
11, 97, 3.588207
11, 98, 1.601211
11, 99, 1.783551
11, 100, 0.790792
11, 101, -0.006773
11, 102, 1.679338
11, 103, 0.000000
11, 104, 2.421132
11, 105, 2.138865
11, 106, 1.326059
11, 107, 1.048013
11, 108, 1.219818
11, 109, 0.848717
11, 110, 1.611287
11, 111, 1.312067
11, 112, 1.157847
11, 113, 2.835775
11, 114, 1.098149
11, 115, 2.006108
11, 116, 1.819264
11, 117, 2.071613
11, 118, 1.386901
11, 119, 0.936743
11, 120, 1.788408
11, 121, 2.365201
11, 122, 2.380213
11, 123, 1.634159
11, 124, 1.713052
11, 125, 3.473960
11, 126, 0.817704
11, 127, 0.953914
11, 128, 0.563869
11, 129, 1.187432
11, 130, 1.305425
11, 131, 1.614351
11, 132, 1.219066
11, 133, 1.016517
11, 134, 1.557151
11, 135, 1.333642
11, 136, 0.453717
11, 137, 1.190082
11, 138, 1.165653
11, 139, 1.735872
11, 140, 2.593796
11, 141, 1.733775
11, 142, 2.262522
11, 143, 1.504723
11, 144, 0.660000
11, 145, 1.382525
11, 146, 1.614802
11, 147, 2.758016
11, 148, 2.150117
11, 149, 2.274972
11, 150, 1.462988
11, 151, 1.234568
11, 152, 1.296501
11, 153, 0.835723
11, 154, 1.405187
11, 155, 1.439633
11, 156, 0.547021
11, 157, 2.227270
11, 158, 2.106174
11, 159, 1.564664
11, 160, 2.086679
11, 161, 1.332971
11, 162, 2.456554
11, 163, 1.964481
11, 164, 2.363616
11, 165, 2.463181
11, 166, 2.300193
11, 167, 1.246218
11, 168, 0.971152
11, 169, 1.475386
11, 170, 1.270092
11, 171, 1.474086
11, 172, 1.288959
11, 173, 1.869346
11, 174, 1.616410
11, 175, 1.126446
11, 176, 2.033630
11, 177, 2.040801
11, 178, 1.784736
11, 179, 2.169364
11, 180, 2.455830
11, 181, 1.247806
11, 182, 1.723037
11, 183, 0.822921
11, 184, 0.805105
11, 185, 1.928961
11, 186, 2.326358
11, 187, -0.000134
11, 188, 1.372705
11, 189, 2.129251
11, 190, 1.448340
11, 191, 1.570336
11, 192, 1.359355
11, 193, 2.031631
11, 194, 1.327484
11, 195, 0.530000
11, 196, 2.522923
11, 197, 2.228445
11, 198, 1.377301
11, 199, 1.512365
13, 0, 1.732303
13, 1, 1.039606
13, 2, 1.897611
13, 3, 0.563608
13, 4, 0.792002
13, 5, 2.204443
13, 6, 0.000000
13, 7, 0.747397
13, 8, 2.418298
13, 9, 1.908464
13, 10, 1.371771
13, 11, 1.394053
13, 12, 1.674418
13, 13, 0.896819
13, 14, 1.844221
13, 15, 1.651844
13, 16, 1.619200
13, 17, 2.503695
13, 18, 2.311774
13, 19, 1.693301
13, 20, 2.937575
13, 21, 1.146050
13, 22, 2.087488
13, 23, 1.463850
13, 24, 1.358784
13, 25, 1.418489
13, 26, 1.476220
13, 27, 1.590310
13, 28, 1.868679
13, 29, 1.683351
13, 30, 1.179996
13, 31, 1.445451
13, 32, 0.658213
13, 33, 2.031912
13, 34, 2.062783
13, 35, 2.147156
13, 36, 1.685929
13, 37, 1.659535
13, 38, 0.407943
13, 39, 1.856767
13, 40, 1.770818
13, 41, 1.540218
13, 42, 1.366201
13, 43, 1.540951
13, 44, 0.523907
13, 45, 1.418031
13, 46, 1.267264
13, 47, 1.438143
13, 48, 0.971268
13, 49, 1.356828
13, 50, 0.757658
13, 51, 1.184089
13, 52, 1.217112
13, 53, 0.446315
13, 54, 2.076710
13, 55, 2.029263
13, 56, 1.471505
13, 57, 1.912661
13, 58, 1.432556
13, 59, 0.674040
13, 60, 0.517921
13, 61, 1.308005
13, 62, 1.324885
13, 63, 0.826365
13, 64, 1.739912
13, 65, 2.919354
13, 66, 1.201692
13, 67, 1.550268
13, 68, 1.756050
13, 69, 2.144100
13, 70, 2.802238
13, 71, 2.216367
13, 72, 2.784557
13, 73, 2.321449
13, 74, 1.775949
13, 75, 1.235785
13, 76, 1.456838
13, 77, 0.943884
13, 78, 1.561337
13, 79, 2.072235
13, 80, 1.665019
13, 81, 1.229828
13, 82, 1.133625
13, 83, 0.716740
13, 84, 1.267136
13, 85, 2.290739
13, 86, 2.804157
13, 87, 2.150227
13, 88, 1.661346
13, 89, 0.784370
13, 90, 1.134058
13, 91, 0.827291
13, 92, 1.075932
13, 93, 1.390360
13, 94, 1.021212
13, 95, -0.040000
13, 96, 0.771725
13, 97, 3.673686
13, 98, 1.625885
13, 99, 1.783551
13, 100, 0.790792
13, 101, -0.008835
13, 102, 1.679338
13, 103, 0.000000
13, 104, 2.530792
13, 105, 2.179956
13, 106, 1.330728
13, 107, 1.061258
13, 108, 1.214125
13, 109, 0.664217
13, 110, 1.626928
13, 111, 1.312067
13, 112, 1.157847
13, 113, 2.957725
13, 114, 1.096939
13, 115, 1.994682
13, 116, 1.819264
13, 117, 2.071613
13, 118, 1.386901
13, 119, 0.936743
13, 120, 1.807018
13, 121, 2.401171
13, 122, 2.431702
13, 123, 1.634159
13, 124, 1.713052
13, 125, 3.598756
13, 126, 0.937245
13, 127, 0.953914
13, 128, 0.563869
13, 129, 1.088132
13, 130, 1.305425
13, 131, 1.614351
13, 132, 1.219066
13, 133, 0.997729
13, 134, 1.559162
13, 135, 1.333642
13, 136, 0.323927
13, 137, 1.232347
13, 138, 1.250999
13, 139, 1.734491
13, 140, 2.702595
13, 141, 1.748085
13, 142, 2.276315
13, 143, 1.504723
13, 144, 0.660000
13, 145, 1.382525
13, 146, 1.622830
13, 147, 2.849844
13, 148, 2.150117
13, 149, 2.413907
13, 150, 1.462988
13, 151, 1.302711
13, 152, 1.351112
13, 153, 0.862840
13, 154, 1.437314
13, 155, 1.476824
13, 156, 0.547021
13, 157, 2.282346
13, 158, 2.157556
13, 159, 1.571611
13, 160, 2.223764
13, 161, 1.332971
13, 162, 2.498655
13, 163, 1.959755
13, 164, 2.535901
13, 165, 2.472388
13, 166, 2.367739
13, 167, 1.261304
13, 168, 0.971152
13, 169, 1.475386
13, 170, 1.293091
13, 171, 1.518729
13, 172, 1.288959
13, 173, 1.928670
13, 174, 1.643181
13, 175, 1.105538
13, 176, 2.114079
13, 177, 2.073832
13, 178, 1.811565
13, 179, 2.211090
13, 180, 2.529605
13, 181, 1.254447
13, 182, 1.800477
13, 183, 0.822921
13, 184, 0.819482
13, 185, 1.928961
13, 186, 2.357262
13, 187, -0.000134
13, 188, 1.396881
13, 189, 2.212847
13, 190, 1.617982
13, 191, 1.570336
13, 192, 1.429435
13, 193, 2.122672
13, 194, 1.252468
13, 195, 0.530000
13, 196, 2.735162
13, 197, 2.228445
13, 198, 1.500615
13, 199, 1.519388
15, 0, 1.713744
15, 1, 1.039606
15, 2, 1.900221
15, 3, 0.563608
15, 4, 0.792002
15, 5, 2.215365
15, 6, 0.000000
15, 7, 0.747397
15, 8, 2.480821
15, 9, 1.904972
15, 10, 1.397097
15, 11, 1.394053
15, 12, 1.761163
15, 13, 0.778181
15, 14, 1.958728
15, 15, 1.751664
15, 16, 1.569536
15, 17, 2.558200
15, 18, 2.340583
15, 19, 1.674953
15, 20, 3.058067
15, 21, 1.146050
15, 22, 2.111375
15, 23, 1.471691
15, 24, 1.366078
15, 25, 1.418489
15, 26, 1.440310
15, 27, 1.590310
15, 28, 1.885062
15, 29, 1.667946
15, 30, 1.179996
15, 31, 1.481869
15, 32, 0.661226
15, 33, 2.115480
15, 34, 2.157087
15, 35, 2.216009
15, 36, 1.685929
15, 37, 1.626710
15, 38, 0.407943
15, 39, 1.862444
15, 40, 1.770912
15, 41, 1.540218
15, 42, 1.366201
15, 43, 1.432404
15, 44, 0.523907
15, 45, 1.418031
15, 46, 1.314689
15, 47, 1.421871
15, 48, 0.929212
15, 49, 1.328810
15, 50, 0.757658
15, 51, 1.188242
15, 52, 1.155369
15, 53, 0.419446
15, 54, 2.134719
15, 55, 2.126089
15, 56, 1.517334
15, 57, 1.943390
15, 58, 1.428965
15, 59, 0.674040
15, 60, 0.517921
15, 61, 1.269209
15, 62, 1.273997
15, 63, 0.826365
15, 64, 1.739912
15, 65, 3.021351
15, 66, 1.193943
15, 67, 1.550268
15, 68, 1.787834
15, 69, 2.139788
15, 70, 2.847995
15, 71, 2.233481
15, 72, 2.895523
15, 73, 2.382780
15, 74, 1.775949
15, 75, 1.256817
15, 76, 1.459795
15, 77, 0.981112
15, 78, 1.561337
15, 79, 2.196221
15, 80, 1.731631
15, 81, 1.211885
15, 82, 1.225731
15, 83, 0.698472
15, 84, 1.267136
15, 85, 2.335796
15, 86, 2.889352
15, 87, 2.162666
15, 88, 1.528653
15, 89, 0.784370
15, 90, 1.134676
15, 91, 0.935549
15, 92, 1.093385
15, 93, 1.422065
15, 94, 1.040040
15, 95, -0.040000
15, 96, 0.748361
15, 97, 3.748872
15, 98, 1.650805
15, 99, 1.783551
15, 100, 0.790792
15, 101, -0.015913
15, 102, 1.679338
15, 103, 0.000000
15, 104, 2.634123
15, 105, 2.211823
15, 106, 1.374517
15, 107, 1.071845
15, 108, 1.192085
15, 109, 0.551292
15, 110, 1.626928
15, 111, 1.312067
15, 112, 1.157847
15, 113, 3.050693
15, 114, 1.096939
15, 115, 1.994682
15, 116, 1.819264
15, 117, 2.071613
15, 118, 1.386901
15, 119, 0.936743
15, 120, 1.842513
15, 121, 2.434065
15, 122, 2.461382
15, 123, 1.634159
15, 124, 1.713052
15, 125, 3.693341
15, 126, 1.059599
15, 127, 0.953914
15, 128, 0.563869
15, 129, 1.088132
15, 130, 1.305425
15, 131, 1.614351
15, 132, 1.219066
15, 133, 0.992137
15, 134, 1.559162
15, 135, 1.333642
15, 136, 0.323927
15, 137, 1.271041
15, 138, 1.329718
15, 139, 1.716679
15, 140, 2.754400
15, 141, 1.737766
15, 142, 2.286820
15, 143, 1.504723
15, 144, 0.669797
15, 145, 1.382525
15, 146, 1.647547
15, 147, 2.918987
15, 148, 2.150117
15, 149, 2.585997
15, 150, 1.462988
15, 151, 1.365566
15, 152, 1.398562
15, 153, 0.882809
15, 154, 1.466899
15, 155, 1.505460
15, 156, 0.387253
15, 157, 2.319380
15, 158, 2.197052
15, 159, 1.576803
15, 160, 2.359426
15, 161, 1.332971
15, 162, 2.543292
15, 163, 1.959755
15, 164, 2.689692
15, 165, 2.495640
15, 166, 2.405817
15, 167, 1.265268
15, 168, 0.971152
15, 169, 1.458657
15, 170, 1.257095
15, 171, 1.596775
15, 172, 1.288959
15, 173, 1.975841
15, 174, 1.665253
15, 175, 1.080888
15, 176, 2.188285
15, 177, 2.087986
15, 178, 1.826207
15, 179, 2.218911
15, 180, 2.589240
15, 181, 1.241715
15, 182, 1.871908
15, 183, 0.694609
15, 184, 0.828638
15, 185, 1.928961
15, 186, 2.400500
15, 187, -0.000134
15, 188, 1.427695
15, 189, 2.286914
15, 190, 1.768254
15, 191, 1.522515
15, 192, 1.494079
15, 193, 2.190962
15, 194, 1.248492
15, 195, 0.530000
15, 196, 2.886524
15, 197, 2.228445
15, 198, 1.614355
15, 199, 1.519990
17, 0, 1.713744
17, 1, 1.039606
17, 2, 1.875608
17, 3, 0.563608
17, 4, 0.792002
17, 5, 2.237660
17, 6, 0.000000
17, 7, 0.747397
17, 8, 2.509445
17, 9, 1.900212
17, 10, 1.435726
17, 11, 1.394053
17, 12, 1.841178
17, 13, 0.527420
17, 14, 2.055631
17, 15, 1.815288
17, 16, 1.508313
17, 17, 2.606015
17, 18, 2.416626
17, 19, 1.631998
17, 20, 3.208337
17, 21, 1.146050
17, 22, 2.122290
17, 23, 1.498050
17, 24, 1.373069
17, 25, 1.418489
17, 26, 1.440310
17, 27, 1.582604
17, 28, 1.900779
17, 29, 1.653462
17, 30, 1.179996
17, 31, 1.509349
17, 32, 0.633924
17, 33, 2.342646
17, 34, 2.235918
17, 35, 2.170800
17, 36, 1.685929
17, 37, 1.596685
17, 38, 0.407943
17, 39, 1.871988
17, 40, 1.770951
17, 41, 1.540218
17, 42, 1.366201
17, 43, 1.422055
17, 44, 0.523907
17, 45, 1.418031
17, 46, 1.354852
17, 47, 1.421871
17, 48, 0.929212
17, 49, 1.287066
17, 50, 0.742975
17, 51, 1.180228
17, 52, 1.155369
17, 53, 0.419446
17, 54, 2.175567
17, 55, 2.198002
17, 56, 1.559605
17, 57, 1.970036
17, 58, 1.365894
17, 59, 0.662822
17, 60, 0.517921
17, 61, 1.269209
17, 62, 1.273997
17, 63, 0.826365
17, 64, 1.739912
17, 65, 3.119251
17, 66, 1.150750
17, 67, 1.550268
17, 68, 1.817364
17, 69, 2.135410
17, 70, 2.879306
17, 71, 2.249793
17, 72, 2.986738
17, 73, 2.428451
17, 74, 1.775949
17, 75, 1.323660
17, 76, 1.459795
17, 77, 1.016140
17, 78, 1.561337
17, 79, 2.311779
17, 80, 1.808424
17, 81, 1.192185
17, 82, 1.290295
17, 83, 0.646908
17, 84, 1.267136
17, 85, 2.389876
17, 86, 2.978070
17, 87, 2.157281
17, 88, 1.402577
17, 89, 0.784370
17, 90, 1.134676
17, 91, 1.043223
17, 92, 1.105933
17, 93, 1.351933
17, 94, 1.055919
17, 95, -0.040000
17, 96, 0.726850
17, 97, 3.811261
17, 98, 1.674850
17, 99, 1.783551
17, 100, 0.790792
17, 101, -0.027729
17, 102, 1.679338
17, 103, 0.000000
17, 104, 2.815351
17, 105, 2.321763
17, 106, 1.414906
17, 107, 1.081599
17, 108, 1.192085
17, 109, 0.508428
17, 110, 1.548187
17, 111, 1.312067
17, 112, 1.157847
17, 113, 3.121067
17, 114, 1.096939
17, 115, 1.994682
17, 116, 1.819264
17, 117, 2.071613
17, 118, 1.386901
17, 119, 0.936743
17, 120, 1.860005
17, 121, 2.465823
17, 122, 2.482558
17, 123, 1.616839
17, 124, 1.713052
17, 125, 3.777819
17, 126, 1.144730
17, 127, 0.953914
17, 128, 0.563869
17, 129, 0.980384
17, 130, 1.305425
17, 131, 1.614351
17, 132, 1.219066
17, 133, 1.008301
17, 134, 1.549301
17, 135, 1.333642
17, 136, 0.323927
17, 137, 1.307908
17, 138, 1.402327
17, 139, 1.680303
17, 140, 2.814313
17, 141, 1.732293
17, 142, 2.295080
17, 143, 1.504723
17, 144, 0.669797
17, 145, 1.382525
17, 146, 1.670346
17, 147, 2.969520
17, 148, 2.150117
17, 149, 2.731560
17, 150, 1.462988
17, 151, 1.423540
17, 152, 1.440704
17, 153, 0.897183
17, 154, 1.494117
17, 155, 1.528655
17, 156, 0.311820
17, 157, 2.343220
17, 158, 2.230218
17, 159, 1.586221
17, 160, 2.370359
17, 161, 1.332971
17, 162, 2.603612
17, 163, 1.959755
17, 164, 2.787294
17, 165, 2.516744
17, 166, 2.467431
17, 167, 1.263199
17, 168, 0.971152
17, 169, 1.458657
17, 170, 1.292651
17, 171, 1.655433
17, 172, 1.288959
17, 173, 2.017346
17, 174, 1.688100
17, 175, 1.080888
17, 176, 2.256734
17, 177, 2.115736
17, 178, 1.811583
17, 179, 2.259963
17, 180, 2.637604
17, 181, 1.221386
17, 182, 1.937794
17, 183, 0.694609
17, 184, 0.834484
17, 185, 1.932592
17, 186, 2.422994
17, 187, -0.000134
17, 188, 1.456118
17, 189, 2.324473
17, 190, 1.901334
17, 191, 1.522515
17, 192, 1.553706
17, 193, 2.250832
17, 194, 1.250205
17, 195, 0.530000
17, 196, 3.029809
17, 197, 2.228445
17, 198, 1.719255
17, 199, 1.519990
19, 0, 1.713744
19, 1, 1.039606
19, 2, 1.920317
19, 3, 0.563608
19, 4, 0.792002
19, 5, 2.248771
19, 6, 0.000000
19, 7, 0.747397
19, 8, 2.569305
19, 9, 1.889569
19, 10, 1.410407
19, 11, 1.394053
19, 12, 1.914985
19, 13, 0.527420
19, 14, 2.197686
19, 15, 1.862449
19, 16, 1.499285
19, 17, 2.616856
19, 18, 2.545547
19, 19, 1.607289
19, 20, 3.358247
19, 21, 1.146050
19, 22, 2.107546
19, 23, 1.502639
19, 24, 1.382064
19, 25, 1.418489
19, 26, 1.440310
19, 27, 1.582604
19, 28, 1.915161
19, 29, 1.632133
19, 30, 1.150582
19, 31, 1.531046
19, 32, 0.497302
19, 33, 2.402146
19, 34, 2.300172
19, 35, 2.178247
19, 36, 1.685929
19, 37, 1.596685
19, 38, 0.407943
19, 39, 1.872625
19, 40, 1.770961
19, 41, 1.540218
19, 42, 1.366201
19, 43, 1.393604
19, 44, 0.519650
19, 45, 1.418031
19, 46, 1.383250
19, 47, 1.421871
19, 48, 0.929212
19, 49, 1.261039
19, 50, 0.742975
19, 51, 1.152580
19, 52, 1.155369
19, 53, 0.419446
19, 54, 2.204940
19, 55, 2.265527
19, 56, 1.598594
19, 57, 1.991398
19, 58, 1.287204
19, 59, 0.662822
19, 60, 0.517921
19, 61, 1.269209
19, 62, 1.273997
19, 63, 0.854911
19, 64, 1.739912
19, 65, 3.164525
19, 66, 1.122265
19, 67, 1.550268
19, 68, 1.869730
19, 69, 2.106618
19, 70, 2.895358
19, 71, 2.272908
19, 72, 3.031939
19, 73, 2.461848
19, 74, 1.775949
19, 75, 1.368393
19, 76, 1.459795
19, 77, 1.048450
19, 78, 1.561337
19, 79, 2.397546
19, 80, 1.872902
19, 81, 1.175994
19, 82, 1.271437
19, 83, 0.646908
19, 84, 1.267136
19, 85, 2.443384
19, 86, 3.035814
19, 87, 2.142964
19, 88, 1.266923
19, 89, 0.784370
19, 90, 1.110812
19, 91, 1.109831
19, 92, 1.114147
19, 93, 1.332844
19, 94, 1.068743
19, 95, -0.040000
19, 96, 0.673334
19, 97, 3.867776
19, 98, 1.632488
19, 99, 1.783551
19, 100, 0.790792
19, 101, -0.029469
19, 102, 1.679338
19, 103, 0.000000
19, 104, 2.922706
19, 105, 2.389398
19, 106, 1.452159
19, 107, 1.131496
19, 108, 1.192085
19, 109, 0.508428
19, 110, 1.548187
19, 111, 1.312067
19, 112, 1.157847
19, 113, 3.260602
19, 114, 1.096939
19, 115, 1.994682
19, 116, 1.819264
19, 117, 2.071613
19, 118, 1.386901
19, 119, 0.936743
19, 120, 1.885400
19, 121, 2.589510
19, 122, 2.496161
19, 123, 1.616839
19, 124, 1.713052
19, 125, 3.809527
19, 126, 1.174357
19, 127, 0.953914
19, 128, 0.578471
19, 129, 0.980384
19, 130, 1.305425
19, 131, 1.614351
19, 132, 1.219066
19, 133, 0.693823
19, 134, 1.524811
19, 135, 1.333642
19, 136, 0.323927
19, 137, 1.347267
19, 138, 1.469301
19, 139, 1.681343
19, 140, 2.860771
19, 141, 1.737523
19, 142, 2.325481
19, 143, 1.504723
19, 144, 0.669797
19, 145, 1.382525
19, 146, 1.682553
19, 147, 3.074352
19, 148, 2.150117
19, 149, 2.853838
19, 150, 1.462988
19, 151, 1.477009
19, 152, 1.478633
19, 153, 0.981854
19, 154, 1.494117
19, 155, 1.546236
19, 156, 0.311820
19, 157, 2.356252
19, 158, 2.257899
19, 159, 1.564309
19, 160, 2.387418
19, 161, 1.332971
19, 162, 2.658505
19, 163, 1.959755
19, 164, 2.860617
19, 165, 2.539057
19, 166, 2.523904
19, 167, 1.263199
19, 168, 0.971152
19, 169, 1.458657
19, 170, 1.325466
19, 171, 1.668659
19, 172, 1.288959
19, 173, 2.059999
19, 174, 1.713666
19, 175, 1.080888
19, 176, 2.319868
19, 177, 2.121013
19, 178, 1.790954
19, 179, 2.262515
19, 180, 2.739803
19, 181, 1.221386
19, 182, 1.998569
19, 183, 0.694609
19, 184, 0.836565
19, 185, 1.929378
19, 186, 2.462904
19, 187, -0.000459
19, 188, 1.482335
19, 189, 2.358598
19, 190, 2.019062
19, 191, 1.463734
19, 192, 1.603990
19, 193, 2.271410
19, 194, 1.243453
19, 195, 0.530000
19, 196, 3.141910
19, 197, 2.228445
19, 198, 1.815976
19, 199, 1.499990
21, 0, 1.713744
21, 1, 1.039606
21, 2, 1.964247
21, 3, 0.563608
21, 4, 0.859834
21, 5, 2.268618
21, 6, 0.000000
21, 7, 0.747397
21, 8, 2.591826
21, 9, 1.884215
21, 10, 1.352531
21, 11, 1.439252
21, 12, 1.983067
21, 13, 0.527420
21, 14, 2.302599
21, 15, 1.881279
21, 16, 1.499285
21, 17, 2.647474
21, 18, 2.605651
21, 19, 1.648110
21, 20, 3.490788
21, 21, 1.146050
21, 22, 2.077019
21, 23, 1.520597
21, 24, 1.390460
21, 25, 1.418489
21, 26, 1.440310
21, 27, 1.573568
21, 28, 1.958450
21, 29, 1.647266
21, 30, 1.150582
21, 31, 1.573087
21, 32, 0.497302
21, 33, 2.407793
21, 34, 2.350164
21, 35, 2.198610
21, 36, 1.685929
21, 37, 1.596685
21, 38, 0.407943
21, 39, 1.866000
21, 40, 1.770972
21, 41, 1.540218
21, 42, 1.307352
21, 43, 1.377066
21, 44, 0.519650
21, 45, 1.418031
21, 46, 1.407245
21, 47, 1.421871
21, 48, 0.929212
21, 49, 1.261039
21, 50, 0.742975
21, 51, 1.152580
21, 52, 1.155369
21, 53, 0.419446
21, 54, 2.230887
21, 55, 2.320632
21, 56, 1.581157
21, 57, 2.012913
21, 58, 1.211154
21, 59, 0.662822
21, 60, 0.517921
21, 61, 1.269209
21, 62, 1.273997
21, 63, 0.880162
21, 64, 1.739912
21, 65, 3.229021
21, 66, 1.122265
21, 67, 1.550268
21, 68, 1.911322
21, 69, 2.106618
21, 70, 2.906838
21, 71, 2.291169
21, 72, 3.108827
21, 73, 2.509375
21, 74, 1.754201
21, 75, 1.378380
21, 76, 1.459795
21, 77, 1.078250
21, 78, 1.561337
21, 79, 2.468692
21, 80, 1.913840
21, 81, 1.176184
21, 82, 1.220301
21, 83, 0.646908
21, 84, 1.267136
21, 85, 2.547607
21, 86, 3.094984
21, 87, 2.065458
21, 88, 1.072235
21, 89, 0.784370
21, 90, 1.110812
21, 91, 1.141928
21, 92, 1.133775
21, 93, 1.350919
21, 94, 1.079364
21, 95, -0.040000
21, 96, 0.590185
21, 97, 3.944815
21, 98, 1.632488
21, 99, 1.783551
21, 100, 0.790792
21, 101, 0.549555
21, 102, 1.689907
21, 103, 0.000000
21, 104, 2.994745
21, 105, 2.450483
21, 106, 1.486521
21, 107, 1.146315
21, 108, 1.192085
21, 109, 0.508428
21, 110, 1.548187
21, 111, 1.302602
21, 112, 1.157847
21, 113, 3.428471
21, 114, 1.096939
21, 115, 1.994682
21, 116, 1.819264
21, 117, 2.071613
21, 118, 1.386901
21, 119, 0.936743
21, 120, 1.885400
21, 121, 2.626817
21, 122, 2.506633
21, 123, 1.616839
21, 124, 1.713052
21, 125, 3.926685
21, 126, 1.196587
21, 127, 0.953914
21, 128, 0.589603
21, 129, 0.914135
21, 130, 1.305425
21, 131, 1.614351
21, 132, 1.219066
21, 133, 0.529148
21, 134, 1.519781
21, 135, 1.333642
21, 136, -0.016891
21, 137, 1.385850
21, 138, 1.531075
21, 139, 1.681248
21, 140, 2.901881
21, 141, 1.732157
21, 142, 2.366077
21, 143, 1.504723
21, 144, 0.669797
21, 145, 1.382525
21, 146, 1.664746
21, 147, 3.140492
21, 148, 2.150117
21, 149, 2.969985
21, 150, 1.462988
21, 151, 1.526318
21, 152, 1.512651
21, 153, 0.825068
21, 154, 1.494117
21, 155, 1.559819
21, 156, 0.311820
21, 157, 2.392597
21, 158, 2.292854
21, 159, 1.549737
21, 160, 2.402313
21, 161, 1.332971
21, 162, 2.713778
21, 163, 1.968632
21, 164, 3.025286
21, 165, 2.546414
21, 166, 2.641549
21, 167, 1.263199
21, 168, 0.959996
21, 169, 1.458657
21, 170, 1.355752
21, 171, 1.697076
21, 172, 1.288959
21, 173, 2.134918
21, 174, 1.725141
21, 175, 1.080888
21, 176, 2.378093
21, 177, 2.117613
21, 178, 1.790954
21, 179, 2.268564
21, 180, 2.883844
21, 181, 1.194211
21, 182, 2.054628
21, 183, 0.694609
21, 184, 0.839547
21, 185, 1.919564
21, 186, 2.497590
21, 187, -0.001643
21, 188, 1.506518
21, 189, 2.372051
21, 190, 2.122870
21, 191, 1.463734
21, 192, 1.655395
21, 193, 2.285340
21, 194, 1.073261
21, 195, 0.530000
21, 196, 3.227783
21, 197, 2.222009
21, 198, 1.904231
21, 199, 1.499990
23, 0, 1.713744
23, 1, 1.099615
23, 2, 1.992250
23, 3, 0.651277
23, 4, 0.927639
23, 5, 2.279061
23, 6, 0.000000
23, 7, 0.747397
23, 8, 2.647031
23, 9, 1.863241
23, 10, 1.424292
23, 11, 1.439252
23, 12, 2.024715
23, 13, 0.527420
23, 14, 2.356088
23, 15, 1.912654
23, 16, 1.499285
23, 17, 2.653138
23, 18, 2.684485
23, 19, 1.661098
23, 20, 3.606270
23, 21, 1.128291
23, 22, 1.883187
23, 23, 1.528893
23, 24, 1.398782
23, 25, 1.418489
23, 26, 1.440310
23, 27, 1.573568
23, 28, 1.972932
23, 29, 1.647266
23, 30, 1.150582
23, 31, 1.604223
23, 32, 0.497302
23, 33, 2.406731
23, 34, 2.400358
23, 35, 2.281246
23, 36, 1.685929
23, 37, 1.596685
23, 38, 0.407943
23, 39, 1.862200
23, 40, 1.770974
23, 41, 1.540218
23, 42, 1.307352
23, 43, 1.377066
23, 44, 0.519650
23, 45, 1.418031
23, 46, 1.444400
23, 47, 1.511886
23, 48, 0.929212
23, 49, 1.261039
23, 50, 0.742975
23, 51, 1.152580
23, 52, 1.155369
23, 53, 0.419446
23, 54, 2.253902
23, 55, 2.369744
23, 56, 1.586776
23, 57, 2.035861
23, 58, 1.125927
23, 59, 0.662822
23, 60, 0.517921
23, 61, 1.197112
23, 62, 1.295130
23, 63, 0.902421
23, 64, 1.739912
23, 65, 3.279215
23, 66, 1.122265
23, 67, 1.550268
23, 68, 1.958710
23, 69, 2.074513
23, 70, 2.919819
23, 71, 2.290920
23, 72, 3.168901
23, 73, 2.535770
23, 74, 1.730753
23, 75, 1.370504
23, 76, 1.459795
23, 77, 1.105735
23, 78, 1.561337
23, 79, 2.520175
23, 80, 1.937774
23, 81, 1.032748
23, 82, 1.189595
23, 83, 0.646908
23, 84, 1.267136
23, 85, 2.594049
23, 86, 3.125574
23, 87, 2.014288
23, 88, 0.897799
23, 89, 0.784370
23, 90, 1.110812
23, 91, 1.174032
23, 92, 1.103469
23, 93, 1.367593
23, 94, 1.088361
23, 95, -0.040000
23, 96, 0.523110
23, 97, 3.994342
23, 98, 1.581389
23, 99, 1.783551
23, 100, 0.790792
23, 101, 0.552240
23, 102, 1.714816
23, 103, 0.000000
23, 104, 3.054498
23, 105, 2.491657
23, 106, 1.518216
23, 107, 1.158001
23, 108, 1.179974
23, 109, 0.508428
23, 110, 1.525938
23, 111, 1.302602
23, 112, 1.157847
23, 113, 3.448888
23, 114, 1.096939
23, 115, 1.994682
23, 116, 1.819264
23, 117, 2.071613
23, 118, 1.245661
23, 119, 0.936743
23, 120, 1.885400
23, 121, 2.650290
23, 122, 2.518314
23, 123, 1.505045
23, 124, 1.713052
23, 125, 3.955580
23, 126, 1.171488
23, 127, 0.953914
23, 128, 0.597566
23, 129, 0.914135
23, 130, 1.305425
23, 131, 1.614351
23, 132, 1.219066
23, 133, 0.459816
23, 134, 1.519781
23, 135, 1.333642
23, 136, -0.016891
23, 137, 1.421632
23, 138, 1.588052
23, 139, 1.679066
23, 140, 2.967800
23, 141, 1.718313
23, 142, 2.376573
23, 143, 1.504723
23, 144, 0.669797
23, 145, 1.382525
23, 146, 1.667025
23, 147, 3.176390
23, 148, 2.150117
23, 149, 3.031810
23, 150, 1.462988
23, 151, 1.571779
23, 152, 1.543128
23, 153, 0.880786
23, 154, 1.494117
23, 155, 1.569659
23, 156, 0.311820
23, 157, 2.398131
23, 158, 2.321150
23, 159, 1.534026
23, 160, 2.446423
23, 161, 1.332971
23, 162, 2.762714
23, 163, 1.976926
23, 164, 3.122797
23, 165, 2.568061
23, 166, 2.698501
23, 167, 1.263199
23, 168, 0.959996
23, 169, 1.458657
23, 170, 1.302553
23, 171, 1.672343
23, 172, 1.288959
23, 173, 2.188473
23, 174, 1.719604
23, 175, 1.080888
23, 176, 2.431778
23, 177, 2.115736
23, 178, 1.790954
23, 179, 2.263448
23, 180, 2.887882
23, 181, 1.194211
23, 182, 2.106336
23, 183, 0.694609
23, 184, 0.840608
23, 185, 1.919564
23, 186, 2.567946
23, 187, -0.003467
23, 188, 1.528825
23, 189, 2.411485
23, 190, 2.213701
23, 191, 1.395991
23, 192, 1.702799
23, 193, 2.296830
23, 194, 1.073261
23, 195, 0.530000
23, 196, 3.282068
23, 197, 2.208962
23, 198, 1.968150
23, 199, 1.499990
25, 0, 1.713744
25, 1, 1.039606
25, 2, 2.005893
25, 3, 0.588288
25, 4, 0.991130
25, 5, 2.299731
25, 6, 0.000000
25, 7, 0.764517
25, 8, 2.658688
25, 9, 1.838502
25, 10, 1.371128
25, 11, 1.439252
25, 12, 2.085188
25, 13, 0.527420
25, 14, 2.416334
25, 15, 1.948492
25, 16, 1.499285
25, 17, 2.656150
25, 18, 2.775657
25, 19, 1.682955
25, 20, 3.682089
25, 21, 1.072197
25, 22, 1.738092
25, 23, 1.507680
25, 24, 1.405478
25, 25, 1.418489
25, 26, 1.440310
25, 27, 1.573568
25, 28, 1.961604
25, 29, 1.639936
25, 30, 1.150582
25, 31, 1.616731
25, 32, 0.497302
25, 33, 2.403453
25, 34, 2.415833
25, 35, 2.351858
25, 36, 1.685929
25, 37, 1.596685
25, 38, 0.407943
25, 39, 1.856657
25, 40, 1.770974
25, 41, 1.484941
25, 42, 1.250860
25, 43, 1.377066
25, 44, 0.519650
25, 45, 1.418031
25, 46, 1.497768
25, 47, 1.421871
25, 48, 0.929212
25, 49, 1.261039
25, 50, 0.742975
25, 51, 1.148165
25, 52, 1.155369
25, 53, 0.419446
25, 54, 2.307039
25, 55, 2.397310
25, 56, 1.627508
25, 57, 2.057029
25, 58, 1.125927
25, 59, 0.662822
25, 60, 0.517921
25, 61, 1.126253
25, 62, 1.295130
25, 63, 0.922621
25, 64, 1.739912
25, 65, 3.312279
25, 66, 1.122265
25, 67, 1.550268
25, 68, 1.974030
25, 69, 2.074513
25, 70, 2.926939
25, 71, 2.286467
25, 72, 3.233437
25, 73, 2.556342
25, 74, 1.730753
25, 75, 1.370504
25, 76, 1.456891
25, 77, 1.131084
25, 78, 1.561337
25, 79, 2.564942
25, 80, 1.978675
25, 81, 1.031264
25, 82, 1.231729
25, 83, 0.646908
25, 84, 1.267136
25, 85, 2.606475
25, 86, 3.166619
25, 87, 1.970109
25, 88, 0.673982
25, 89, 0.784370
25, 90, 1.065327
25, 91, 1.228209
25, 92, 1.051089
25, 93, 1.382973
25, 94, 1.131979
25, 95, -0.040000
25, 96, 0.460913
25, 97, 4.040195
25, 98, 1.581389
25, 99, 1.783551
25, 100, 0.790792
25, 101, 0.503745
25, 102, 1.723856
25, 103, 0.000000
25, 104, 3.108340
25, 105, 2.545049
25, 106, 1.469727
25, 107, 1.207519
25, 108, 1.179974
25, 109, 0.508428
25, 110, 1.525938
25, 111, 1.285163
25, 112, 1.157847
25, 113, 3.464693
25, 114, 1.096939
25, 115, 1.979314
25, 116, 1.819264
25, 117, 2.071613
25, 118, 1.096646
25, 119, 0.936743
25, 120, 1.883634
25, 121, 2.765289
25, 122, 2.526857
25, 123, 1.466434
25, 124, 1.717349
25, 125, 3.970563
25, 126, 1.163246
25, 127, 0.929462
25, 128, 0.602834
25, 129, 0.711312
25, 130, 1.305425
25, 131, 1.615050
25, 132, 1.219066
25, 133, 0.458847
25, 134, 1.519781
25, 135, 1.333642
25, 136, -0.016891
25, 137, 1.452608
25, 138, 1.625109
25, 139, 1.680153
25, 140, 2.995376
25, 141, 1.704142
25, 142, 2.400317
25, 143, 1.504723
25, 144, 0.682189
25, 145, 1.382525
25, 146, 1.645308
25, 147, 3.266771
25, 148, 2.137157
25, 149, 3.065500
25, 150, 1.462988
25, 151, 1.613673
25, 152, 1.543128
25, 153, 0.782787
25, 154, 1.506886
25, 155, 1.577261
25, 156, 0.311820
25, 157, 2.404260
25, 158, 2.350368
25, 159, 1.525118
25, 160, 2.460887
25, 161, 1.332971
25, 162, 2.810550
25, 163, 2.050176
25, 164, 3.193270
25, 165, 2.578919
25, 166, 2.705046
25, 167, 1.251585
25, 168, 0.959996
25, 169, 1.458657
25, 170, 1.238309
25, 171, 1.662410
25, 172, 1.288959
25, 173, 2.240876
25, 174, 1.738979
25, 175, 1.080888
25, 176, 2.481253
25, 177, 2.174096
25, 178, 1.790954
25, 179, 2.264458
25, 180, 2.927956
25, 181, 1.189238
25, 182, 2.154032
25, 183, 0.694609
25, 184, 0.840608
25, 185, 1.919564
25, 186, 2.622107
25, 187, -0.005852
25, 188, 1.549401
25, 189, 2.435873
25, 190, 2.315198
25, 191, 1.369032
25, 192, 1.746503
25, 193, 2.351334
25, 194, 1.084789
25, 195, 0.530000
25, 196, 3.324648
25, 197, 2.195964
25, 198, 1.977207
25, 199, 1.499990
27, 0, 1.713744
27, 1, 1.039606
27, 2, 2.013772
27, 3, 0.588288
27, 4, 1.052129
27, 5, 2.307038
27, 6, 0.000000
27, 7, 0.788900
27, 8, 2.735562
27, 9, 1.812006
27, 10, 1.409540
27, 11, 1.439252
27, 12, 2.140950
27, 13, 0.527420
27, 14, 2.448529
27, 15, 1.986092
27, 16, 1.499285
27, 17, 2.658332
27, 18, 2.877828
27, 19, 1.668497
27, 20, 3.726394
27, 21, 1.072197
27, 22, 1.747832
27, 23, 1.482571
27, 24, 1.411029
27, 25, 1.413635
27, 26, 1.440310
27, 27, 1.573568
27, 28, 1.919689
27, 29, 1.639936
27, 30, 1.150582
27, 31, 1.616731
27, 32, 0.497302
27, 33, 2.403453
27, 34, 2.414024
27, 35, 2.412194
27, 36, 1.685929
27, 37, 1.596685
27, 38, 0.407943
27, 39, 1.852346
27, 40, 1.770974
27, 41, 1.424502
27, 42, 1.250860
27, 43, 1.377066
27, 44, 0.519650
27, 45, 1.418031
27, 46, 1.441561
27, 47, 1.421871
27, 48, 0.929212
27, 49, 1.261039
27, 50, 0.697501
27, 51, 1.148165
27, 52, 1.155369
27, 53, 0.419446
27, 54, 2.381442
27, 55, 2.429178
27, 56, 1.665044
27, 57, 2.075921
27, 58, 1.125927
27, 59, 0.662822
27, 60, 0.517921
27, 61, 0.980302
27, 62, 1.295130
27, 63, 0.941501
27, 64, 1.859931
27, 65, 3.329478
27, 66, 1.122265
27, 67, 1.550268
27, 68, 2.007984
27, 69, 2.074513
27, 70, 3.116263
27, 71, 2.284160
27, 72, 3.278877
27, 73, 2.575370
27, 74, 1.730753
27, 75, 1.370504
27, 76, 1.456891
27, 77, 1.154461
27, 78, 1.561337
27, 79, 2.615382
27, 80, 2.015006
27, 81, 1.032318
27, 82, 1.181899
27, 83, 0.646908
27, 84, 1.327145
27, 85, 2.606662
27, 86, 3.219431
27, 87, 1.942562
27, 88, 0.555802
27, 89, 0.784370
27, 90, 1.065327
27, 91, 1.281299
27, 92, 1.050533
27, 93, 1.397160
27, 94, 1.104010
27, 95, -0.040000
27, 96, 0.460913
27, 97, 4.080725
27, 98, 1.539043
27, 99, 1.783551
27, 100, 0.790792
27, 101, 0.503745
27, 102, 1.731348
27, 103, 0.000000
27, 104, 3.158294
27, 105, 2.582104
27, 106, 1.454365
27, 107, 1.311955
27, 108, 1.209979
27, 109, 0.508428
27, 110, 1.525938
27, 111, 1.285163
27, 112, 1.159947
27, 113, 3.479389
27, 114, 1.096939
27, 115, 1.946716
27, 116, 1.819264
27, 117, 2.071613
27, 118, 1.047852
27, 119, 0.934261
27, 120, 1.883634
27, 121, 2.797719
27, 122, 2.636662
27, 123, 1.430837
27, 124, 1.717349
27, 125, 3.991570
27, 126, 1.157414
27, 127, 0.989471
27, 128, 0.609402
27, 129, 0.473747
27, 130, 1.305425
27, 131, 1.615785
27, 132, 1.219066
27, 133, 0.440207
27, 134, 1.519781
27, 135, 1.333642
27, 136, -0.016891
27, 137, 1.479835
27, 138, 1.642146
27, 139, 1.680773
27, 140, 3.045305
27, 141, 1.682302
27, 142, 2.407766
27, 143, 1.504723
27, 144, 0.682189
27, 145, 1.382525
27, 146, 1.614163
27, 147, 3.394897
27, 148, 2.137157
27, 149, 3.114942
27, 150, 1.462988
27, 151, 1.652248
27, 152, 1.543128
27, 153, 0.725517
27, 154, 1.506886
27, 155, 1.569245
27, 156, 0.311820
27, 157, 2.411215
27, 158, 2.380136
27, 159, 1.513801
27, 160, 2.473197
27, 161, 1.332971
27, 162, 2.847955
27, 163, 2.058512
27, 164, 3.262334
27, 165, 2.589317
27, 166, 2.710383
27, 167, 1.251585
27, 168, 1.050010
27, 169, 1.458657
27, 170, 1.172140
27, 171, 1.658909
27, 172, 1.288959
27, 173, 2.276765
27, 174, 1.762692
27, 175, 1.080888
27, 176, 2.526807
27, 177, 2.212184
27, 178, 1.790954
27, 179, 2.256896
27, 180, 2.931737
27, 181, 1.189238
27, 182, 2.198027
27, 183, 0.694609
27, 184, 0.840608
27, 185, 1.919564
27, 186, 2.685106
27, 187, -0.008727
27, 188, 1.578062
27, 189, 2.475783
27, 190, 2.357431
27, 191, 1.369032
27, 192, 1.786774
27, 193, 2.362577
27, 194, 1.080664
27, 195, 0.530000
27, 196, 3.438811
27, 197, 2.195964
27, 198, 1.963466
27, 199, 1.501897
29, 0, 1.713744
29, 1, 1.039606
29, 2, 2.020855
29, 3, 0.588288
29, 4, 1.116409
29, 5, 2.319472
29, 6, 0.000000
29, 7, 0.804338
29, 8, 2.808569
29, 9, 1.794288
29, 10, 1.471245
29, 11, 1.439252
29, 12, 2.192346
29, 13, 0.537635
29, 14, 2.486672
29, 15, 2.030844
29, 16, 1.499285
29, 17, 2.655590
29, 18, 2.966738
29, 19, 1.660356
29, 20, 3.797029
29, 21, 1.072197
29, 22, 1.528682
29, 23, 1.469419
29, 24, 1.415459
29, 25, 1.413635
29, 26, 1.440310
29, 27, 1.573568
29, 28, 1.895505
29, 29, 1.639936
29, 30, 1.150582
29, 31, 1.635309
29, 32, 0.497302
29, 33, 2.405148
29, 34, 2.419047
29, 35, 2.463749
29, 36, 1.685929
29, 37, 1.596685
29, 38, 0.407943
29, 39, 1.844981
29, 40, 1.770974
29, 41, 1.354700
29, 42, 1.250860
29, 43, 1.377066
29, 44, 0.519650
29, 45, 1.418031
29, 46, 1.376750
29, 47, 1.421871
29, 48, 0.929212
29, 49, 1.261039
29, 50, 0.697501
29, 51, 1.148165
29, 52, 1.155369
29, 53, 0.316789
29, 54, 2.444894
29, 55, 2.449465
29, 56, 1.699609
29, 57, 2.168149
29, 58, 1.032059
29, 59, 0.662822
29, 60, 0.517921
29, 61, 0.915379
29, 62, 1.295130
29, 63, 0.959234
29, 64, 1.739912
29, 65, 3.371174
29, 66, 1.116505
29, 67, 1.550268
29, 68, 2.023018
29, 69, 2.074513
29, 70, 2.939385
29, 71, 2.288451
29, 72, 3.341812
29, 73, 2.602183
29, 74, 1.730753
29, 75, 1.370504
29, 76, 1.456891
29, 77, 1.176014
29, 78, 1.561337
29, 79, 2.648113
29, 80, 2.023279
29, 81, 1.030223
29, 82, 1.211068
29, 83, 0.646908
29, 84, 1.267136
29, 85, 2.639338
29, 86, 3.251211
29, 87, 1.931279
29, 88, 0.555802
29, 89, 0.784370
29, 90, 1.065327
29, 91, 1.322148
29, 92, 1.009850
29, 93, 1.410247
29, 94, 1.021593
29, 95, -0.040000
29, 96, 0.460913
29, 97, 4.098717
29, 98, 1.486153
29, 99, 1.794316
29, 100, 0.790792
29, 101, 0.505940
29, 102, 1.754492
29, 103, 0.000000
29, 104, 3.196237
29, 105, 2.628696
29, 106, 1.454365
29, 107, 1.233238
29, 108, 1.179974
29, 109, 0.508428
29, 110, 1.525938
29, 111, 1.261427
29, 112, 1.162972
29, 113, 3.494006
29, 114, 1.096939
29, 115, 1.874256
29, 116, 1.819264
29, 117, 2.071613
29, 118, 0.799809
29, 119, 0.934261
29, 120, 1.883634
29, 121, 2.823155
29, 122, 2.530544
29, 123, 1.326138
29, 124, 1.717349
29, 125, 4.008515
29, 126, 1.126226
29, 127, 0.905964
29, 128, 0.610424
29, 129, 0.217625
29, 130, 1.305425
29, 131, 1.616088
29, 132, 1.219066
29, 133, 0.428253
29, 134, 1.519781
29, 135, 1.333642
29, 136, -0.016891
29, 137, 1.503740
29, 138, 1.662735
29, 139, 1.678564
29, 140, 3.071344
29, 141, 1.655357
29, 142, 2.416207
29, 143, 1.504723
29, 144, 0.682189
29, 145, 1.382525
29, 146, 1.603153
29, 147, 3.469047
29, 148, 2.124859
29, 149, 3.140319
29, 150, 1.462988
29, 151, 1.687719
29, 152, 1.543128
29, 153, -0.047273
29, 154, 1.506886
29, 155, 1.549169
29, 156, 0.311820
29, 157, 2.443510
29, 158, 2.418728
29, 159, 1.513621
29, 160, 2.478883
29, 161, 1.332971
29, 162, 2.900934
29, 163, 2.131303
29, 164, 3.324023
29, 165, 2.626278
29, 166, 2.735608
29, 167, 1.251585
29, 168, 0.959996
29, 169, 1.458657
29, 170, 1.085532
29, 171, 1.684604
29, 172, 1.288959
29, 173, 2.306641
29, 174, 1.783339
29, 175, 1.080888
29, 176, 2.568689
29, 177, 2.269642
29, 178, 1.764307
29, 179, 2.274016
29, 180, 2.927927
29, 181, 1.189238
29, 182, 2.238607
29, 183, 0.543489
29, 184, 0.840608
29, 185, 1.903536
29, 186, 2.743579
29, 187, -0.012027
29, 188, 1.618315
29, 189, 2.514381
29, 190, 2.393821
29, 191, 1.369032
29, 192, 1.823851
29, 193, 2.371840
29, 194, 1.080664
29, 195, 0.530000
29, 196, 3.493712
29, 197, 2.195964
29, 198, 2.007836
29, 199, 1.501897
31, 0, 1.713744
31, 1, 1.039606
31, 2, 2.027260
31, 3, 0.588288
31, 4, 1.176500
31, 5, 2.321885
31, 6, 0.000000
31, 7, 0.814143
31, 8, 2.887564
31, 9, 1.794288
31, 10, 1.528151
31, 11, 1.439252
31, 12, 2.222065
31, 13, 0.550796
31, 14, 2.512791
31, 15, 2.099767
31, 16, 1.499285
31, 17, 2.650855
31, 18, 3.071313
31, 19, 1.701941
31, 20, 3.849416
31, 21, 0.999028
31, 22, 1.542921
31, 23, 1.460155
31, 24, 1.426508
31, 25, 1.413635
31, 26, 1.440310
31, 27, 1.573568
31, 28, 1.870618
31, 29, 1.639936
31, 30, 1.150582
31, 31, 1.653044
31, 32, 0.497302
31, 33, 2.402945
31, 34, 2.415153
31, 35, 2.507760
31, 36, 1.685929
31, 37, 1.596685
31, 38, 0.407943
31, 39, 1.842388
31, 40, 1.770977
31, 41, 1.280554
31, 42, 1.189095
31, 43, 1.377066
31, 44, 0.519650
31, 45, 1.390506
31, 46, 1.313121
31, 47, 1.421871
31, 48, 0.929212
31, 49, 1.183353
31, 50, 0.697501
31, 51, 1.148165
31, 52, 1.155369
31, 53, 0.213546
31, 54, 2.510478
31, 55, 2.465616
31, 56, 1.731401
31, 57, 2.193712
31, 58, 0.989992
31, 59, 0.662822
31, 60, 0.542979
31, 61, 0.844761
31, 62, 1.295130
31, 63, 0.975934
31, 64, 1.739912
31, 65, 3.408977
31, 66, 1.116505
31, 67, 1.550268
31, 68, 2.037194
31, 69, 2.074513
31, 70, 2.943292
31, 71, 2.296530
31, 72, 3.380124
31, 73, 2.619937
31, 74, 1.730753
31, 75, 1.370504
31, 76, 1.456891
31, 77, 1.201860
31, 78, 1.561337
31, 79, 2.677047
31, 80, 2.023279
31, 81, 1.028649
31, 82, 1.255661
31, 83, 0.646908
31, 84, 1.267136
31, 85, 2.642151
31, 86, 3.269745
31, 87, 1.891542
31, 88, 0.555802
31, 89, 0.784370
31, 90, 1.007426
31, 91, 1.349226
31, 92, 1.009850
31, 93, 1.416404
31, 94, 0.968367
31, 95, -0.040000
31, 96, 0.460913
31, 97, 4.121587
31, 98, 1.486153
31, 99, 1.794316
31, 100, 0.790792
31, 101, 0.505940
31, 102, 1.812549
31, 103, 0.000000
31, 104, 3.236727
31, 105, 2.656243
31, 106, 1.434119
31, 107, 1.245752
31, 108, 1.099974
31, 109, 0.508428
31, 110, 1.537059
31, 111, 1.261427
31, 112, 1.165251
31, 113, 3.503530
31, 114, 1.096939
31, 115, 1.833395
31, 116, 1.819264
31, 117, 2.071613
31, 118, 0.799809
31, 119, 0.934261
31, 120, 1.883634
31, 121, 2.944309
31, 122, 2.524819
31, 123, 1.320308
31, 124, 1.717349
31, 125, 4.020537
31, 126, 1.089852
31, 127, 0.905964
31, 128, 0.612470
31, 129, 0.207112
31, 130, 1.305425
31, 131, 1.616212
31, 132, 1.219066
31, 133, 0.442516
31, 134, 1.486115
31, 135, 1.333642
31, 136, -0.016891
31, 137, 1.524387
31, 138, 1.685650
31, 139, 1.678174
31, 140, 3.118795
31, 141, 1.639858
31, 142, 2.438743
31, 143, 1.426413
31, 144, 0.682189
31, 145, 1.382525
31, 146, 1.580218
31, 147, 3.525186
31, 148, 2.122693
31, 149, 3.173928
31, 150, 1.462988
31, 151, 1.720270
31, 152, 1.543128
31, 153, -0.055147
31, 154, 1.506886
31, 155, 1.520674
31, 156, 0.311820
31, 157, 2.571659
31, 158, 2.424964
31, 159, 1.498295
31, 160, 2.482683
31, 161, 1.332971
31, 162, 2.953095
31, 163, 2.201062
31, 164, 3.352742
31, 165, 2.675672
31, 166, 2.760032
31, 167, 1.251585
31, 168, 0.959996
31, 169, 1.458657
31, 170, 1.127620
31, 171, 1.693233
31, 172, 1.288959
31, 173, 2.384740
31, 174, 1.801799
31, 175, 1.080888
31, 176, 2.607104
31, 177, 2.291715
31, 178, 1.690516
31, 179, 2.271102
31, 180, 2.926168
31, 181, 1.189238
31, 182, 2.276035
31, 183, -0.040000
31, 184, 0.842121
31, 185, 1.899684
31, 186, 2.788552
31, 187, -0.013818
31, 188, 1.641656
31, 189, 2.543224
31, 190, 2.424282
31, 191, 1.369032
31, 192, 1.857942
31, 193, 2.442043
31, 194, 1.078958
31, 195, 0.530000
31, 196, 3.539445
31, 197, 2.195964
31, 198, 2.059009
31, 199, 1.501897
33, 0, 1.712482
33, 1, 1.039606
33, 2, 2.044577
33, 3, 0.588288
33, 4, 1.232619
33, 5, 2.323239
33, 6, 0.000000
33, 7, 0.820403
33, 8, 2.945188
33, 9, 1.794288
33, 10, 1.580249
33, 11, 1.439252
33, 12, 2.280169
33, 13, 0.562059
33, 14, 2.540163
33, 15, 2.130287
33, 16, 1.499285
33, 17, 2.643330
33, 18, 3.169265
33, 19, 1.740291
33, 20, 3.893990
33, 21, 0.999028
33, 22, 1.482298
33, 23, 1.460155
33, 24, 1.422954
33, 25, 1.413635
33, 26, 1.440310
33, 27, 1.573568
33, 28, 1.885156
33, 29, 1.623894
33, 30, 1.150582
33, 31, 1.676054
33, 32, 0.497302
33, 33, 2.402146
33, 34, 2.413222
33, 35, 2.526744
33, 36, 1.685929
33, 37, 1.596685
33, 38, 0.407943
33, 39, 1.829417
33, 40, 1.770979
33, 41, 1.266106
33, 42, 1.189095
33, 43, 1.377066
33, 44, 0.519650
33, 45, 1.342471
33, 46, 1.242785
33, 47, 1.421871
33, 48, 0.929212
33, 49, 1.183353
33, 50, 0.697501
33, 51, 1.148165
33, 52, 1.155369
33, 53, 0.100557
33, 54, 2.556767
33, 55, 2.477028
33, 56, 1.760591
33, 57, 2.199314
33, 58, 0.989992
33, 59, 0.662822
33, 60, 0.542979
33, 61, 0.844761
33, 62, 1.295130
33, 63, 0.991129
33, 64, 1.739912
33, 65, 3.440235
33, 66, 1.116505
33, 67, 1.550268
33, 68, 2.055603
33, 69, 2.039603
33, 70, 2.945564
33, 71, 2.307489
33, 72, 3.422784
33, 73, 2.647368
33, 74, 1.711254
33, 75, 1.370504
33, 76, 1.456891
33, 77, 1.230819
33, 78, 1.561337
33, 79, 2.694968
33, 80, 2.036406
33, 81, 1.026551
33, 82, -0.152767
33, 83, 0.646908
33, 84, 1.267136
33, 85, 2.642151
33, 86, 3.297902
33, 87, 1.858193
33, 88, -0.040000
33, 89, 0.784370
33, 90, 1.007426
33, 91, 1.385289
33, 92, 1.009850
33, 93, 1.416404
33, 94, 0.937744
33, 95, -0.040000
33, 96, 0.460913
33, 97, 4.137538
33, 98, 1.431563
33, 99, 1.795905
33, 100, 0.790792
33, 101, 0.505940
33, 102, 1.793789
33, 103, 0.000000
33, 104, 3.250582
33, 105, 2.696532
33, 106, 1.434119
33, 107, 1.256469
33, 108, 1.099974
33, 109, 0.508428
33, 110, 1.557449
33, 111, 1.231480
33, 112, 1.167125
33, 113, 3.506851
33, 114, 1.096939
33, 115, 1.786726
33, 116, 1.819264
33, 117, 2.071613
33, 118, 0.799809
33, 119, 0.856383
33, 120, 1.883634
33, 121, 2.969299
33, 122, 2.527960
33, 123, 1.251095
33, 124, 1.717349
33, 125, 4.031919
33, 126, 1.056120
33, 127, 0.905964
33, 128, 0.613267
33, 129, 0.207112
33, 130, 1.305425
33, 131, 1.616264
33, 132, 1.219066
33, 133, 0.442513
33, 134, 1.444441
33, 135, 1.279063
33, 136, -0.016891
33, 137, 1.543299
33, 138, 1.694926
33, 139, 1.676169
33, 140, 3.123229
33, 141, 1.639858
33, 142, 2.447923
33, 143, 1.426413
33, 144, 0.682189
33, 145, 1.382525
33, 146, 1.565834
33, 147, 3.610311
33, 148, 2.122829
33, 149, 3.208496
33, 150, 1.462988
33, 151, 1.750054
33, 152, 1.543128
33, 153, -0.060663
33, 154, 1.506886
33, 155, 1.497418
33, 156, 0.311820
33, 157, 2.586197
33, 158, 2.435039
33, 159, 1.498562
33, 160, 2.486409
33, 161, 1.332971
33, 162, 2.999220
33, 163, 2.191256
33, 164, 3.354052
33, 165, 2.709786
33, 166, 2.785061
33, 167, 1.235560
33, 168, 0.959996
33, 169, 1.415058
33, 170, 1.165931
33, 171, 1.705444
33, 172, 1.288959
33, 173, 2.410989
33, 174, 1.821590
33, 175, 1.080888
33, 176, 2.642217
33, 177, 2.306105
33, 178, 1.610685
33, 179, 2.285156
33, 180, 2.965836
33, 181, 1.189238
33, 182, 2.310559
33, 183, -0.040000
33, 184, 0.843103
33, 185, 1.899684
33, 186, 2.813486
33, 187, -0.013818
33, 188, 1.730327
33, 189, 2.572661
33, 190, 2.448865
33, 191, 1.369032
33, 192, 1.889225
33, 193, 2.484740
33, 194, 1.073276
33, 195, 0.530000
33, 196, 3.605550
33, 197, 2.195964
33, 198, 2.096200
33, 199, 1.501897
35, 0, 1.712482
35, 1, 1.039606
35, 2, 2.069435
35, 3, 0.588288
35, 4, 1.285034
35, 5, 2.324016
35, 6, 0.000000
35, 7, 0.824398
35, 8, 3.017039
35, 9, 1.794288
35, 10, 1.628634
35, 11, 1.439252
35, 12, 2.331088
35, 13, 0.569237
35, 14, 2.543336
35, 15, 2.153941
35, 16, 1.499285
35, 17, 2.632795
35, 18, 3.268285
35, 19, 1.775650
35, 20, 3.932598
35, 21, 0.999028
35, 22, 1.407196
35, 23, 1.463565
35, 24, 1.413206
35, 25, 1.413635
35, 26, 1.440310
35, 27, 1.573568
35, 28, 1.855730
35, 29, 1.623894
35, 30, 1.150582
35, 31, 1.705953
35, 32, 0.497302
35, 33, 2.402146
35, 34, 2.412922
35, 35, 2.541038
35, 36, 1.685929
35, 37, 1.596685
35, 38, 0.407943
35, 39, 1.826257
35, 40, 1.770979
35, 41, 1.266106
35, 42, 1.189095
35, 43, 1.377066
35, 44, 0.519650
35, 45, 1.342471
35, 46, 1.242785
35, 47, 1.421871
35, 48, 0.929212
35, 49, 1.174876
35, 50, 0.697501
35, 51, 1.148165
35, 52, 1.155369
35, 53, 0.100557
35, 54, 2.600092
35, 55, 2.484039
35, 56, 1.787323
35, 57, 2.202072
35, 58, 0.989992
35, 59, 0.662822
35, 60, 0.542979
35, 61, 0.844761
35, 62, 1.295130
35, 63, 1.031592
35, 64, 1.739912
35, 65, 3.472878
35, 66, 1.116505
35, 67, 1.550268
35, 68, 2.069501
35, 69, 1.997900
35, 70, 2.947776
35, 71, 2.317198
35, 72, 3.444359
35, 73, 2.658692
35, 74, 1.711254
35, 75, 1.370504
35, 76, 1.456891
35, 77, 1.256867
35, 78, 1.555618
35, 79, 2.721223
35, 80, 2.048353
35, 81, 1.024833
35, 82, -0.155345
35, 83, 0.646908
35, 84, 1.267136
35, 85, 2.642152
35, 86, 3.325549
35, 87, 1.830714
35, 88, -0.040000
35, 89, 0.784370
35, 90, 1.007426
35, 91, 1.406128
35, 92, 1.009850
35, 93, 1.393819
35, 94, 0.908040
35, 95, -0.040000
35, 96, 0.460913
35, 97, 4.148507
35, 98, 1.431563
35, 99, 1.782404
35, 100, 0.779994
35, 101, -0.031273
35, 102, 1.769658
35, 103, 0.000000
35, 104, 3.261351
35, 105, 2.707825
35, 106, 1.434119
35, 107, 1.271517
35, 108, 1.099974
35, 109, 0.508428
35, 110, 1.574940
35, 111, 1.231480
35, 112, 1.168597
35, 113, 3.544579
35, 114, 1.096939
35, 115, 1.786726
35, 116, 1.819264
35, 117, 2.071613
35, 118, 0.799809
35, 119, 0.811652
35, 120, 1.892137
35, 121, 3.103661
35, 122, 2.507405
35, 123, 1.221149
35, 124, 1.707389
35, 125, 4.046440
35, 126, 1.002336
35, 127, 0.905964
35, 128, 0.593687
35, 129, 0.207112
35, 130, 1.305425
35, 131, 1.616286
35, 132, 1.219066
35, 133, 0.442517
35, 134, 1.401215
35, 135, 1.235352
35, 136, -0.016891
35, 137, 1.560585
35, 138, 1.707230
35, 139, 1.675378
35, 140, 3.157380
35, 141, 1.639858
35, 142, 2.461494
35, 143, 1.426413
35, 144, 0.682189
35, 145, 1.382525
35, 146, 1.565834
35, 147, 3.634133
35, 148, 2.122885
35, 149, 3.238347
35, 150, 1.462988
35, 151, 1.777191
35, 152, 1.543410
35, 153, -0.076934
35, 154, 1.506886
35, 155, 1.464335
35, 156, 0.311820
35, 157, 2.666843
35, 158, 2.432270
35, 159, 1.494531
35, 160, 2.497752
35, 161, 1.332971
35, 162, 3.045622
35, 163, 2.146969
35, 164, 3.356587
35, 165, 2.747820
35, 166, 2.822005
35, 167, 1.214135
35, 168, 0.959996
35, 169, 1.364543
35, 170, 1.210923
35, 171, 1.715013
35, 172, 1.288959
35, 173, 2.437394
35, 174, 1.852474
35, 175, 1.080888
35, 176, 2.674149
35, 177, 2.319263
35, 178, 1.456789
35, 179, 2.277781
35, 180, 2.987741
35, 181, 1.189238
35, 182, 2.342400
35, 183, -0.040000
35, 184, 0.843103
35, 185, 1.899684
35, 186, 2.851573
35, 187, -0.015768
35, 188, 1.766180
35, 189, 2.586594
35, 190, 2.476144
35, 191, 1.359007
35, 192, 1.917847
35, 193, 2.524630
35, 194, 0.979804
35, 195, 0.536510
35, 196, 3.649932
35, 197, 2.195964
35, 198, 2.115669
35, 199, 1.501897
37, 0, 1.712482
37, 1, 1.039606
37, 2, 2.102622
37, 3, 0.588288
37, 4, 1.333991
37, 5, 2.322194
37, 6, 0.000000
37, 7, 0.826950
37, 8, 3.069865
37, 9, 1.794288
37, 10, 1.673192
37, 11, 1.439252
37, 12, 2.374674
37, 13, 0.573818
37, 14, 2.544952
37, 15, 2.191858
37, 16, 1.499285
37, 17, 2.626260
37, 18, 3.322223
37, 19, 1.808238
37, 20, 3.969052
37, 21, 0.999028
37, 22, 1.279351
37, 23, 1.463565
37, 24, 1.399682
37, 25, 1.413635
37, 26, 1.440310
37, 27, 1.573568
37, 28, 1.831857
37, 29, 1.623894
37, 30, 1.150582
37, 31, 1.749080
37, 32, 0.497302
37, 33, 2.402146
37, 34, 2.412865
37, 35, 2.548659
37, 36, 1.685929
37, 37, 1.596685
37, 38, 0.407943
37, 39, 1.806489
37, 40, 1.770979
37, 41, 1.266106
37, 42, 1.122825
37, 43, 1.377066
37, 44, 0.519650
37, 45, 1.342471
37, 46, 1.146300
37, 47, 1.421871
37, 48, 0.929212
37, 49, 1.174876
37, 50, 0.697501
37, 51, 1.146003
37, 52, 1.155369
37, 53, 0.100557
37, 54, 2.608925
37, 55, 2.491323
37, 56, 1.811716
37, 57, 2.241085
37, 58, 0.989992
37, 59, 0.662822
37, 60, 0.542979
37, 61, 0.844761
37, 62, 1.295130
37, 63, 1.068913
37, 64, 1.739912
37, 65, 3.498637
37, 66, 1.116505
37, 67, 1.550268
37, 68, 2.092010
37, 69, 1.953277
37, 70, 2.949989
37, 71, 2.325799
37, 72, 3.471042
37, 73, 2.682421
37, 74, 1.711254
37, 75, 1.370504
37, 76, 1.456891
37, 77, 1.280029
37, 78, 1.555618
37, 79, 2.736465
37, 80, 2.051751
37, 81, 1.022538
37, 82, -0.155307
37, 83, 0.646908
37, 84, 1.219994
37, 85, 2.642152
37, 86, 3.350722
37, 87, 1.815194
37, 88, -0.040000
37, 89, 0.784370
37, 90, 0.956077
37, 91, 1.419531
37, 92, 1.009850
37, 93, 1.411759
37, 94, 0.889614
37, 95, -0.040000
37, 96, 0.460913
37, 97, 4.158491
37, 98, 1.372373
37, 99, 1.773020
37, 100, 0.783332
37, 101, -0.031273
37, 102, 1.740577
37, 103, 0.000000
37, 104, 3.274319
37, 105, 2.738187
37, 106, 1.434119
37, 107, 1.281906
37, 108, 1.099974
37, 109, 0.508428
37, 110, 1.590143
37, 111, 1.191893
37, 112, 1.169674
37, 113, 3.559465
37, 114, 1.096939
37, 115, 1.786726
37, 116, 1.811392
37, 117, 2.071613
37, 118, 0.799809
37, 119, 0.715324
37, 120, 1.903433
37, 121, 3.127844
37, 122, 2.495965
37, 123, 1.139493
37, 124, 1.709840
37, 125, 4.066275
37, 126, 0.959390
37, 127, 0.872142
37, 128, 0.555081
37, 129, 0.207112
37, 130, 1.305425
37, 131, 1.616296
37, 132, 1.199875
37, 133, 0.442535
37, 134, 1.401215
37, 135, 1.235352
37, 136, -0.016891
37, 137, 1.576653
37, 138, 1.698092
37, 139, 1.673055
37, 140, 3.158007
37, 141, 1.639858
37, 142, 2.486450
37, 143, 1.426413
37, 144, 0.682189
37, 145, 1.382525
37, 146, 1.566400
37, 147, 3.659980
37, 148, 2.122908
37, 149, 3.264501
37, 150, 1.462988
37, 151, 1.801776
37, 152, 1.543410
37, 153, -0.095506
37, 154, 1.506886
37, 155, 1.424571
37, 156, 0.311820
37, 157, 2.730289
37, 158, 2.428515
37, 159, 1.499303
37, 160, 2.500162
37, 161, 1.332971
37, 162, 3.066025
37, 163, 2.105825
37, 164, 3.356651
37, 165, 2.780381
37, 166, 2.850656
37, 167, 1.214135
37, 168, 0.959996
37, 169, 1.364543
37, 170, 1.252204
37, 171, 1.754199
37, 172, 1.288959
37, 173, 2.454489
37, 174, 1.867790
37, 175, 1.080888
37, 176, 2.702990
37, 177, 2.333255
37, 178, 1.282839
37, 179, 2.276081
37, 180, 2.997869
37, 181, 1.189238
37, 182, 2.371765
37, 183, -0.040000
37, 184, 0.843103
37, 185, 1.899684
37, 186, 2.890532
37, 187, -0.017803
37, 188, 1.844762
37, 189, 2.614717
37, 190, 2.476024
37, 191, 1.359007
37, 192, 1.943932
37, 193, 2.541740
37, 194, 0.979804
37, 195, 0.549066
37, 196, 3.703891
37, 197, 2.195964
37, 198, 2.137345
37, 199, 1.501897
39, 0, 1.712482
39, 1, 1.039606
39, 2, 2.121328
39, 3, 0.588288
39, 4, 1.379707
39, 5, 2.323857
39, 6, 0.000000
39, 7, 0.828589
39, 8, 3.130049
39, 9, 1.794288
39, 10, 1.714168
39, 11, 1.474719
39, 12, 2.411900
39, 13, 0.576745
39, 14, 2.545868
39, 15, 2.208991
39, 16, 1.499285
39, 17, 2.615179
39, 18, 3.371810
39, 19, 1.838254
39, 20, 4.005169
39, 21, 0.999028
39, 22, 1.208782
39, 23, 1.463565
39, 24, 1.384225
39, 25, 1.413635
39, 26, 1.440310
39, 27, 1.573568
39, 28, 1.810530
39, 29, 1.623894
39, 30, 1.150582
39, 31, 1.718237
39, 32, 0.444395
39, 33, 2.402146
39, 34, 2.397371
39, 35, 2.554628
39, 36, 1.685929
39, 37, 1.596685
39, 38, 0.407943
39, 39, 1.787490
39, 40, 1.770979
39, 41, 1.266106
39, 42, 1.122825
39, 43, 1.377066
39, 44, 0.519650
39, 45, 1.342471
39, 46, 1.215412
39, 47, 1.421871
39, 48, 0.929212
39, 49, 1.174876
39, 50, 0.697501
39, 51, 1.146003
39, 52, 1.155369
39, 53, 0.100557
39, 54, 2.641277
39, 55, 2.494201
39, 56, 1.833870
39, 57, 2.242405
39, 58, 0.989992
39, 59, 0.711367
39, 60, 0.542979
39, 61, 0.769567
39, 62, 1.295130
39, 63, 1.103337
39, 64, 1.739912
39, 65, 3.513904
39, 66, 1.116505
39, 67, 1.550268
39, 68, 2.106933
39, 69, 1.909051
39, 70, 2.951442
39, 71, 2.333419
39, 72, 3.506589
39, 73, 2.702031
39, 74, 1.662589
39, 75, 1.370504
39, 76, 1.456891
39, 77, 1.300483
39, 78, 1.555618
39, 79, 2.751158
39, 80, 2.085446
39, 81, 1.022321
39, 82, -0.152274
39, 83, 0.646908
39, 84, 1.219994
39, 85, 2.642152
39, 86, 3.361134
39, 87, 1.791820
39, 88, -0.040000
39, 89, 0.784370
39, 90, 0.956077
39, 91, 1.410569
39, 92, 1.009850
39, 93, 1.437365
39, 94, 0.880076
39, 95, -0.040000
39, 96, 0.460913
39, 97, 4.164223
39, 98, 1.315000
39, 99, 1.761873
39, 100, 0.783332
39, 101, -0.031273
39, 102, 1.705416
39, 103, 0.000000
39, 104, 3.296172
39, 105, 2.740599
39, 106, 1.434119
39, 107, 1.330083
39, 108, 1.099974
39, 109, 0.508428
39, 110, 1.603855
39, 111, 1.191893
39, 112, 1.170657
39, 113, 3.573771
39, 114, 1.096939
39, 115, 1.786726
39, 116, 1.811392
39, 117, 2.071613
39, 118, 0.799809
39, 119, 0.715324
39, 120, 1.938862
39, 121, 3.243851
39, 122, 2.495965
39, 123, 1.139493
39, 124, 1.712101
39, 125, 4.090322
39, 126, 0.906278
39, 127, 0.872142
39, 128, 0.555081
39, 129, 0.207112
39, 130, 1.305425
39, 131, 1.616300
39, 132, 1.199875
39, 133, 0.442550
39, 134, 1.358089
39, 135, 1.235352
39, 136, -0.016891
39, 137, 1.591760
39, 138, 1.701300
39, 139, 1.672869
39, 140, 3.157071
39, 141, 1.639858
39, 142, 2.494903
39, 143, 1.426413
39, 144, 0.682189
39, 145, 1.382525
39, 146, 1.566400
39, 147, 3.687862
39, 148, 2.122918
39, 149, 3.287424
39, 150, 1.462988
39, 151, 1.823881
39, 152, 1.543410
39, 153, -0.101173
39, 154, 1.506886
39, 155, 1.399885
39, 156, 0.311820
39, 157, 2.738483
39, 158, 2.417430
39, 159, 1.504650
39, 160, 2.509968
39, 161, 1.332971
39, 162, 3.087703
39, 163, 2.067543
39, 164, 3.356684
39, 165, 2.820059
39, 166, 2.907216
39, 167, 1.209481
39, 168, 0.959996
39, 169, 1.364543
39, 170, 1.289953
39, 171, 1.790808
39, 172, 1.288959
39, 173, 2.468340
39, 174, 1.885402
39, 175, 1.080888
39, 176, 2.728801
39, 177, 2.347345
39, 178, 1.184475
39, 179, 2.260615
39, 180, 3.000647
39, 181, 1.189238
39, 182, 2.390092
39, 183, -0.040000
39, 184, 0.843103
39, 185, 1.899684
39, 186, 2.917585
39, 187, -0.017803
39, 188, 1.878609
39, 189, 2.668299
39, 190, 2.518724
39, 191, 1.359007
39, 192, 1.967576
39, 193, 2.558779
39, 194, 0.878358
39, 195, 0.561032
39, 196, 3.751882
39, 197, 2.195964
39, 198, 2.148851
39, 199, 1.501897
41, 0, 1.712482
41, 1, 1.039606
41, 2, 2.134723
41, 3, 0.588288
41, 4, 1.422376
41, 5, 2.324147
41, 6, 0.000000
41, 7, 0.829630
41, 8, 3.175313
41, 9, 1.779719
41, 10, 1.751770
41, 11, 1.493318
41, 12, 2.443586
41, 13, 0.578609
41, 14, 2.546388
41, 15, 2.231359
41, 16, 1.499285
41, 17, 2.603505
41, 18, 3.420160
41, 19, 1.865875
41, 20, 4.039786
41, 21, 0.999028
41, 22, 1.208782
41, 23, 1.463565
41, 24, 1.374501
41, 25, 1.413635
41, 26, 1.440310
41, 27, 1.573568
41, 28, 1.835940
41, 29, 1.623894
41, 30, 1.150582
41, 31, 1.599663
41, 32, 0.444395
41, 33, 2.402146
41, 34, 2.337774
41, 35, 2.559561
41, 36, 1.685929
41, 37, 1.468114
41, 38, 0.407943
41, 39, 1.741787
41, 40, 1.770979
41, 41, 1.266106
41, 42, 1.122825
41, 43, 1.377066
41, 44, 0.519650
41, 45, 1.342471
41, 46, 1.367867
41, 47, 1.421871
41, 48, 0.929212
41, 49, 1.174876
41, 50, 0.697501
41, 51, 1.146003
41, 52, 1.155369
41, 53, 0.100557
41, 54, 2.666478
41, 55, 2.494097
41, 56, 1.882267
41, 57, 2.243374
41, 58, 0.989992
41, 59, 0.758596
41, 60, 0.542979
41, 61, 0.769567
41, 62, 1.295130
41, 63, 1.135087
41, 64, 1.739912
41, 65, 3.523389
41, 66, 1.116505
41, 67, 1.550268
41, 68, 2.118882
41, 69, 1.880028
41, 70, 2.932823
41, 71, 2.338009
41, 72, 3.551491
41, 73, 2.708932
41, 74, 1.662589
41, 75, 1.370504
41, 76, 1.456891
41, 77, 1.318377
41, 78, 1.555618
41, 79, 2.765229
41, 80, 2.111371
41, 81, 1.020697
41, 82, -0.147728
41, 83, 0.646908
41, 84, 1.219994
41, 85, 2.642151
41, 86, 3.362373
41, 87, 1.772216
41, 88, -0.040000
41, 89, 0.784370
41, 90, 0.956077
41, 91, 1.396860
41, 92, 1.009850
41, 93, 1.466462
41, 94, 0.879364
41, 95, 0.367937
41, 96, 0.460913
41, 97, 4.170090
41, 98, 1.315000
41, 99, 1.749124
41, 100, 0.783332
41, 101, -0.031273
41, 102, 1.687148
41, 103, 0.000000
41, 104, 3.319756
41, 105, 2.742480
41, 106, 1.434119
41, 107, 1.341409
41, 108, 1.099974
41, 109, -0.040000
41, 110, 1.615742
41, 111, 1.191893
41, 112, 1.171515
41, 113, 3.582942
41, 114, 1.096939
41, 115, 1.786726
41, 116, 1.811392
41, 117, 2.071613
41, 118, 0.799809
41, 119, 0.715324
41, 120, 1.934692
41, 121, 3.267561
41, 122, 2.487146
41, 123, 1.024607
41, 124, 1.713165
41, 125, 4.107653
41, 126, 0.814355
41, 127, 0.872142
41, 128, 0.555081
41, 129, 0.207112
41, 130, 1.305425
41, 131, 1.616302
41, 132, 1.199875
41, 133, 0.442551
41, 134, 1.314302
41, 135, 1.235352
41, 136, -0.016891
41, 137, 1.606010
41, 138, 1.693319
41, 139, 1.671051
41, 140, 3.174063
41, 141, 1.639858
41, 142, 2.500606
41, 143, 1.426413
41, 144, 0.682189
41, 145, 1.382525
41, 146, 1.563881
41, 147, 3.723818
41, 148, 2.122922
41, 149, 3.312383
41, 150, 1.462988
41, 151, 1.885300
41, 152, 1.543410
41, 153, -0.108766
41, 154, 1.506886
41, 155, 1.371783
41, 156, 0.311820
41, 157, 2.769306
41, 158, 2.424551
41, 159, 1.512665
41, 160, 2.528456
41, 161, 1.332971
41, 162, 3.099916
41, 163, 2.024285
41, 164, 3.356709
41, 165, 2.847885
41, 166, 2.990000
41, 167, 1.209481
41, 168, 0.959996
41, 169, 1.364543
41, 170, 1.324301
41, 171, 1.753134
41, 172, 1.288959
41, 173, 2.478122
41, 174, 1.897738
41, 175, 1.080888
41, 176, 2.751628
41, 177, 2.358277
41, 178, 0.989865
41, 179, 2.264641
41, 180, 3.023619
41, 181, 1.189238
41, 182, 2.413833
41, 183, -0.040000
41, 184, 0.843473
41, 185, 1.899684
41, 186, 2.953640
41, 187, -0.017803
41, 188, 1.907149
41, 189, 2.706208
41, 190, 2.522863
41, 191, 1.359007
41, 192, 1.988858
41, 193, 2.594256
41, 194, 0.878358
41, 195, 0.566804
41, 196, 3.787366
41, 197, 2.195964
41, 198, 2.138741
41, 199, 1.501897
43, 0, 1.712482
43, 1, 1.039606
43, 2, 2.143833
43, 3, 0.588288
43, 4, 1.462168
43, 5, 2.324762
43, 6, 0.000000
43, 7, 0.830302
43, 8, 3.193803
43, 9, 1.743087
43, 10, 1.786165
43, 11, 1.558402
43, 12, 2.470445
43, 13, 0.579808
43, 14, 2.546863
43, 15, 2.242613
43, 16, 1.499285
43, 17, 2.592279
43, 18, 3.454025
43, 19, 1.891258
43, 20, 4.072309
43, 21, 0.999028
43, 22, 1.201478
43, 23, 1.463565
43, 24, 1.374501
43, 25, 1.413635
43, 26, 1.440310
43, 27, 1.573568
43, 28, 1.848344
43, 29, 1.623894
43, 30, 1.150582
43, 31, 1.651506
43, 32, 0.444395
43, 33, 2.402146
43, 34, 2.381275
43, 35, 2.564073
43, 36, 1.685929
43, 37, 1.390794
43, 38, 0.407943
43, 39, 1.713037
43, 40, 1.770979
43, 41, 1.255828
43, 42, 1.054154
43, 43, 1.377066
43, 44, 0.519650
43, 45, 1.342471
43, 46, 1.373286
43, 47, 1.421871
43, 48, 0.929212
43, 49, 1.174876
43, 50, 0.697501
43, 51, 1.146003
43, 52, 1.147519
43, 53, 0.100557
43, 54, 2.678302
43, 55, 2.497195
43, 56, 1.903561
43, 57, 2.244275
43, 58, 0.989992
43, 59, 0.848247
43, 60, 0.593883
43, 61, 0.769567
43, 62, 1.295130
43, 63, 1.164373
43, 64, 1.739912
43, 65, 3.537658
43, 66, 1.116505
43, 67, 1.550268
43, 68, 2.152389
43, 69, 1.872586
43, 70, 2.948353
43, 71, 2.344237
43, 72, 3.582313
43, 73, 2.716879
43, 74, 1.662589
43, 75, 1.370504
43, 76, 1.456891
43, 77, 1.333828
43, 78, 1.555618
43, 79, 2.770806
43, 80, 2.135628
43, 81, 1.019424
43, 82, -0.141325
43, 83, 0.643627
43, 84, 1.219994
43, 85, 2.642151
43, 86, 3.371537
43, 87, 1.772216
43, 88, -0.040000
43, 89, 0.784370
43, 90, 0.956077
43, 91, 1.382946
43, 92, 1.009850
43, 93, 1.521816
43, 94, 0.892871
43, 95, 0.425327
43, 96, 0.460913
43, 97, 4.175104
43, 98, 1.315000
43, 99, 1.749124
43, 100, 0.783332
43, 101, -0.031273
43, 102, 1.687148
43, 103, 0.000000
43, 104, 3.338241
43, 105, 2.742893
43, 106, 1.434119
43, 107, 1.389322
43, 108, 1.099974
43, 109, -0.040000
43, 110, 1.625818
43, 111, 1.191893
43, 112, 1.172313
43, 113, 3.583246
43, 114, 1.096939
43, 115, 1.786726
43, 116, 1.811392
43, 117, 2.071613
43, 118, 0.799809
43, 119, 0.608064
43, 120, 1.941605
43, 121, 3.310726
43, 122, 2.487146
43, 123, 0.891844
43, 124, 1.713165
43, 125, 4.133624
43, 126, 0.711440
43, 127, 0.872142
43, 128, 0.555081
43, 129, 0.207112
43, 130, 1.305425
43, 131, 1.616302
43, 132, 1.199875
43, 133, 0.442577
43, 134, 1.314302
43, 135, 1.235352
43, 136, -0.016891
43, 137, 1.619481
43, 138, 1.689238
43, 139, 1.671051
43, 140, 3.188801
43, 141, 1.639858
43, 142, 2.519975
43, 143, 1.341581
43, 144, 0.682189
43, 145, 1.382525
43, 146, 1.563881
43, 147, 3.753880
43, 148, 2.122923
43, 149, 3.341932
43, 150, 1.462988
43, 151, 1.926441
43, 152, 1.543410
43, 153, -0.116718
43, 154, 1.506886
43, 155, 1.325829
43, 156, 0.311820
43, 157, 2.756998
43, 158, 2.438568
43, 159, 1.521342
43, 160, 2.535109
43, 161, 1.332971
43, 162, 3.135024
43, 163, 1.991540
43, 164, 3.356732
43, 165, 2.875729
43, 166, 3.062845
43, 167, 1.209481
43, 168, 0.959996
43, 169, 1.364543
43, 170, 1.355341
43, 171, 1.743713
43, 172, 1.288959
43, 173, 2.489611
43, 174, 1.903779
43, 175, 1.080888
43, 176, 2.751662
43, 177, 2.367338
43, 178, 0.874057
43, 179, 2.240623
43, 180, 3.055010
43, 181, 1.189238
43, 182, 2.437788
43, 183, -0.040000
43, 184, 0.843473
43, 185, 1.899684
43, 186, 2.987270
43, 187, -0.017803
43, 188, 1.984490
43, 189, 2.736949
43, 190, 2.522863
43, 191, 1.359007
43, 192, 2.033794
43, 193, 2.626875
43, 194, 0.872876
43, 195, 0.566804
43, 196, 3.829377
43, 197, 2.195964
43, 198, 2.121024
43, 199, 1.501897
45, 0, 1.712482
45, 1, 1.039606
45, 2, 2.145263
45, 3, 0.588288
45, 4, 1.499230
45, 5, 2.324058
45, 6, 0.000000
45, 7, 0.830739
45, 8, 3.199222
45, 9, 1.743087
45, 10, 1.817480
45, 11, 1.661455
45, 12, 2.500109
45, 13, 0.580575
45, 14, 2.547234
45, 15, 2.260910
45, 16, 1.499285
45, 17, 2.585674
45, 18, 3.488029
45, 19, 1.914540
45, 20, 4.096694
45, 21, 0.999028
45, 22, 1.158467
45, 23, 1.441127
45, 24, 1.374501
45, 25, 1.413635
45, 26, 1.440310
45, 27, 1.573568
45, 28, 1.859635
45, 29, 1.623894
45, 30, 1.150582
45, 31, 1.719395
45, 32, 0.444395
45, 33, 2.402146
45, 34, 1.761992
45, 35, 2.568076
45, 36, 1.683214
45, 37, 1.259395
45, 38, 0.407943
45, 39, 1.655225
45, 40, 1.770979
45, 41, 1.255828
45, 42, 1.054154
45, 43, 1.377066
45, 44, 0.519650
45, 45, 1.342471
45, 46, 1.417555
45, 47, 1.421871
45, 48, 0.929212
45, 49, 1.174876
45, 50, 0.697501
45, 51, 1.146003
45, 52, 1.147519
45, 53, 0.100557
45, 54, 2.703995
45, 55, 2.500776
45, 56, 1.903561
45, 57, 2.245037
45, 58, 0.911777
45, 59, 0.930410
45, 60, 0.640568
45, 61, 0.769567
45, 62, 1.295130
45, 63, 1.191383
45, 64, 1.739912
45, 65, 3.545054
45, 66, 1.116505
45, 67, 1.550268
45, 68, 2.163095
45, 69, 1.872586
45, 70, 2.674305
45, 71, 2.349753
45, 72, 3.609649
45, 73, 2.740796
45, 74, 1.662589
45, 75, 1.370504
45, 76, 1.456891
45, 77, 1.346933
45, 78, 1.555618
45, 79, 2.784533
45, 80, 2.173488
45, 81, 1.019424
45, 82, -0.136648
45, 83, 0.643627
45, 84, 1.219994
45, 85, 2.642151
45, 86, 3.374101
45, 87, 1.762657
45, 88, -0.040000
45, 89, 0.784370
45, 90, 0.956077
45, 91, 1.368907
45, 92, 1.009850
45, 93, 1.592904
45, 94, 0.905794
45, 95, 0.476453
45, 96, 0.460913
45, 97, 4.180234
45, 98, 1.250644
45, 99, 1.706182
45, 100, 0.783332
45, 101, -0.031273
45, 102, 1.687148
45, 103, 0.000000
45, 104, 3.368936
45, 105, 2.744632
45, 106, 1.434119
45, 107, 1.407626
45, 108, 1.099974
45, 109, -0.040000
45, 110, 1.672157
45, 111, 1.191893
45, 112, 1.172975
45, 113, 3.583283
45, 114, 1.096939
45, 115, 1.786726
45, 116, 1.811392
45, 117, 2.071613
45, 118, 0.799809
45, 119, 0.608064
45, 120, 1.937337
45, 121, 3.353685
45, 122, 2.487146
45, 123, 0.891844
45, 124, 1.713165
45, 125, 4.154659
45, 126, 0.605584
45, 127, 0.872142
45, 128, 0.555081
45, 129, -0.014388
45, 130, 1.305425
45, 131, 1.616303
45, 132, 1.199875
45, 133, 0.442598
45, 134, 1.268507
45, 135, 1.185762
45, 136, -0.016891
45, 137, 1.632172
45, 138, 1.682462
45, 139, 1.671051
45, 140, 3.231324
45, 141, 1.639858
45, 142, 2.520906
45, 143, 1.250539
45, 144, 0.682189
45, 145, 1.382525
45, 146, 1.563881
45, 147, 3.782859
45, 148, 2.122924
45, 149, 3.364918
45, 150, 1.462988
45, 151, 1.966790
45, 152, 1.543410
45, 153, -0.124882
45, 154, 1.506886
45, 155, 1.294531
45, 156, 0.311820
45, 157, 2.751234
45, 158, 2.431132
45, 159, 1.530959
45, 160, 2.535109
45, 161, 1.332971
45, 162, 3.184048
45, 163, 1.991540
45, 164, 3.356752
45, 165, 2.901466
45, 166, 3.101581
45, 167, 1.209481
45, 168, 0.937895
45, 169, 1.364543
45, 170, 1.383135
45, 171, 1.810579
45, 172, 1.288959
45, 173, 2.496747
45, 174, 1.905234
45, 175, 1.080888
45, 176, 2.740684
45, 177, 2.381026
45, 178, 0.762906
45, 179, 2.252795
45, 180, 3.074183
45, 181, 1.189238
45, 182, 2.459872
45, 183, -0.040000
45, 184, 0.843473
45, 185, 1.899684
45, 186, 3.010567
45, 187, -0.017803
45, 188, 2.015347
45, 189, 2.840364
45, 190, 2.522863
45, 191, 1.359007
45, 192, 2.110313
45, 193, 2.646112
45, 194, 0.922663
45, 195, 0.566804
45, 196, 3.859509
45, 197, 2.195964
45, 198, 2.112800
45, 199, 1.501897
47, 0, 1.787495
47, 1, 1.099615
47, 2, 2.150147
47, 3, 0.651277
47, 4, 1.533683
47, 5, 2.505986
47, 6, 0.000000
47, 7, 0.831012
47, 8, 3.204209
47, 9, 1.743087
47, 10, 1.920450
47, 11, 1.749191
47, 12, 2.521073
47, 13, 0.581065
47, 14, 2.547641
47, 15, 2.286281
47, 16, 1.499285
47, 17, 2.587898
47, 18, 3.504816
47, 19, 1.935840
47, 20, 4.103166
47, 21, 0.878117
47, 22, 1.188239
47, 23, 1.410296
47, 24, 1.374501
47, 25, 1.490909
47, 26, 1.514959
47, 27, 1.553594
47, 28, 1.881875
47, 29, 1.623894
47, 30, 1.194638
47, 31, 1.809539
47, 32, 0.444395
47, 33, 2.402146
47, 34, 1.888446
47, 35, 2.571833
47, 36, 1.683214
47, 37, 1.259395
47, 38, 0.385619
47, 39, 1.620981
47, 40, 1.770979
47, 41, 1.255828
47, 42, 1.054154
47, 43, 1.377066
47, 44, 0.519650
47, 45, 1.432485
47, 46, 1.557620
47, 47, 1.511886
47, 48, 0.925747
47, 49, 1.178919
47, 50, 0.697501
47, 51, 1.204526
47, 52, 1.177524
47, 53, 0.100557
47, 54, 2.740332
47, 55, 2.493033
47, 56, 1.903561
47, 57, 2.245838
47, 58, 0.911777
47, 59, 1.004506
47, 60, 0.682713
47, 61, 0.799572
47, 62, 1.288195
47, 63, 1.216293
47, 64, 1.859931
47, 65, 3.544877
47, 66, 1.116505
47, 67, 1.550268
47, 68, 2.175015
47, 69, 1.872586
47, 70, 2.749549
47, 71, 2.367297
47, 72, 3.639192
47, 73, 2.756082
47, 74, 1.662589
47, 75, 1.367354
47, 76, 1.456891
47, 77, 1.357775
47, 78, 1.675637
47, 79, 2.827778
47, 80, 2.199601
47, 81, 1.019424
47, 82, -0.130660
47, 83, 0.643627
47, 84, 1.219994
47, 85, 2.642151
47, 86, 3.379075
47, 87, 1.833917
47, 88, -0.040000
47, 89, 0.784370
47, 90, 1.016086
47, 91, 1.354948
47, 92, 1.009850
47, 93, 1.653574
47, 94, 0.902041
47, 95, 0.522658
47, 96, 0.460913
47, 97, 4.185850
47, 98, 1.250644
47, 99, 1.655962
47, 100, 0.852673
47, 101, -0.031273
47, 102, 1.687148
47, 103, 0.000000
47, 104, 3.398571
47, 105, 2.746444
47, 106, 1.434119
47, 107, 1.393587
47, 108, 1.099974
47, 109, -0.040000
47, 110, 1.723280
47, 111, 1.191893
47, 112, 1.173762
47, 113, 3.583287
47, 114, 1.096939
47, 115, 1.843702
47, 116, 1.811392
47, 117, 2.071613
47, 118, 0.799809
47, 119, 0.556838
47, 120, 1.933285
47, 121, 3.417605
47, 122, 2.487146
47, 123, 0.891844
47, 124, 1.713165
47, 125, 4.164633
47, 126, 0.460894
47, 127, 0.872142
47, 128, 0.557311
47, 129, -0.014388
47, 130, 1.305425
47, 131, 1.616303
47, 132, 1.199875
47, 133, 0.442622
47, 134, 1.213031
47, 135, 1.185762
47, 136, -0.016891
47, 137, 1.644161
47, 138, 1.690088
47, 139, 1.617079
47, 140, 3.262208
47, 141, 1.639858
47, 142, 2.521122
47, 143, 1.168787
47, 144, 0.682189
47, 145, 1.442535
47, 146, 1.467100
47, 147, 3.782859
47, 148, 2.122925
47, 149, 3.386371
47, 150, 1.462988
47, 151, 1.972450
47, 152, 1.543410
47, 153, -0.132539
47, 154, 1.649779
47, 155, 1.266164
47, 156, 0.311820
47, 157, 2.731680
47, 158, 2.428547
47, 159, 1.544274
47, 160, 2.535109
47, 161, 1.332971
47, 162, 3.231341
47, 163, 1.991540
47, 164, 3.356773
47, 165, 2.919930
47, 166, 3.163768
47, 167, 1.214706
47, 168, 0.944866
47, 169, 1.364543
47, 170, 1.407727
47, 171, 1.863408
47, 172, 1.288959
47, 173, 2.501978
47, 174, 1.905353
47, 175, 1.080888
47, 176, 2.740684
47, 177, 2.394171
47, 178, 0.752314
47, 179, 2.264272
47, 180, 3.090555
47, 181, 1.189238
47, 182, 2.480229
47, 183, -0.040000
47, 184, 0.848135
47, 185, 1.899684
47, 186, 3.023932
47, 187, -0.017803
47, 188, 2.070253
47, 189, 2.932867
47, 190, 2.522863
47, 191, 1.419017
47, 192, 2.135759
47, 193, 2.870513
47, 194, 0.996713
47, 195, 0.566804
47, 196, 3.882834
47, 197, 2.195964
47, 198, 2.104957
47, 199, 1.501897
49, 0, 1.712482
49, 1, 1.039606
49, 2, 2.150293
49, 3, 0.635259
49, 4, 1.565635
49, 5, 2.328844
49, 6, 0.000000
49, 7, 0.831187
49, 8, 3.231133
49, 9, 1.743087
49, 10, 1.871214
49, 11, 1.823883
49, 12, 2.527674
49, 13, 0.581379
49, 14, 2.548039
49, 15, 2.305981
49, 16, 1.499285
49, 17, 2.589712
49, 18, 3.527483
49, 19, 1.955259
49, 20, 4.111109
49, 21, 0.865909
49, 22, 1.260304
49, 23, 1.369553
49, 24, 1.374501
49, 25, 1.562393
49, 26, 1.440310
49, 27, 1.553594
49, 28, 1.913741
49, 29, 1.623894
49, 30, 1.150582
49, 31, 1.856832
49, 32, 0.444395
49, 33, 2.402146
49, 34, 1.979967
49, 35, 2.575330
49, 36, 1.683968
49, 37, 1.259395
49, 38, 0.385619
49, 39, 1.581382
49, 40, 1.770979
49, 41, 1.255828
49, 42, 1.054154
49, 43, 1.377066
49, 44, 0.519650
49, 45, 1.342471
49, 46, 1.686803
49, 47, 1.415481
49, 48, 0.925747
49, 49, 1.174876
49, 50, 0.697501
49, 51, 1.144516
49, 52, 1.147519
49, 53, -0.000015
49, 54, 2.763479
49, 55, 2.484212
49, 56, 1.913839
49, 57, 2.246669
49, 58, 0.829374
49, 59, 1.071407
49, 60, 0.721631
49, 61, 0.769567
49, 62, 1.324014
49, 63, 1.239264
49, 64, 1.739912
49, 65, 3.549399
49, 66, 1.116505
49, 67, 1.550268
49, 68, 2.199986
49, 69, 1.872586
49, 70, 2.834497
49, 71, 2.378909
49, 72, 3.652725
49, 73, 2.779364
49, 74, 1.662589
49, 75, 1.362415
49, 76, 1.456891
49, 77, 1.366446
49, 78, 1.555618
49, 79, 2.809620
49, 80, 2.238361
49, 81, 1.019424
49, 82, -0.126316
49, 83, 0.643627
49, 84, 1.219994
49, 85, 2.642151
49, 86, 3.377274
49, 87, 1.899627
49, 88, -0.040000
49, 89, 0.784370
49, 90, 0.956077
49, 91, 1.345436
49, 92, 1.009850
49, 93, 1.721071
49, 94, 0.911688
49, 95, 0.563793
49, 96, 0.460913
49, 97, 4.190547
49, 98, 1.184768
49, 99, 1.602325
49, 100, 0.792663
49, 101, -0.031273
49, 102, 1.687148
49, 103, 0.000000
49, 104, 3.427155
49, 105, 2.747936
49, 106, 1.434119
49, 107, 1.425434
49, 108, 1.099974
49, 109, -0.040000
49, 110, 1.751269
49, 111, 1.191893
49, 112, 1.174741
49, 113, 3.583288
49, 114, 1.096939
49, 115, 1.786726
49, 116, 1.811392
49, 117, 2.071613
49, 118, 0.754997
49, 119, 0.606804
49, 120, 1.948964
49, 121, 3.441806
49, 122, 2.487146
49, 123, 0.891844
49, 124, 1.713165
49, 125, 4.176016
49, 126, 0.307600
49, 127, 0.872142
49, 128, 0.555081
49, 129, -0.014388
49, 130, 1.305425
49, 131, 1.616303
49, 132, 1.199875
49, 133, 0.442637
49, 134, 1.159890
49, 135, 1.129199
49, 136, -0.016891
49, 137, 1.655471
49, 138, 1.694271
49, 139, 1.448180
49, 140, 3.294976
49, 141, 1.639858
49, 142, 2.499229
49, 143, 1.026624
49, 144, 0.682189
49, 145, 1.382525
49, 146, 1.493307
49, 147, 3.780442
49, 148, 2.122925
49, 149, 3.397819
49, 150, 1.462988
49, 151, 2.002732
49, 152, 1.543410
49, 153, -0.139775
49, 154, 1.520877
49, 155, 1.266164
49, 156, 0.311820
49, 157, 2.719490
49, 158, 2.420849
49, 159, 1.555963
49, 160, 2.536642
49, 161, 1.332971
49, 162, 3.284226
49, 163, 1.991540
49, 164, 3.356791
49, 165, 2.932603
49, 166, 3.211051
49, 167, 1.214706
49, 168, 0.927377
49, 169, 1.364543
49, 170, 1.429160
49, 171, 1.892222
49, 172, 1.288959
49, 173, 2.502857
49, 174, 1.905097
49, 175, 1.080888
49, 176, 2.740684
49, 177, 2.406848
49, 178, 0.771568
49, 179, 2.276983
49, 180, 3.105230
49, 181, 1.189238
49, 182, 2.534642
49, 183, -0.040000
49, 184, 0.843473
49, 185, 1.899684
49, 186, 3.043111
49, 187, -0.017803
49, 188, 2.093044
49, 189, 3.023467
49, 190, 2.522863
49, 191, 1.359007
49, 192, 2.193475
49, 193, 2.693390
49, 194, 1.005739
49, 195, 0.566804
49, 196, 3.897058
49, 197, 2.195964
49, 198, 2.110416
49, 199, 1.501897
51, 0, 1.712482
51, 1, 1.039606
51, 2, 2.154691
51, 3, 0.678837
51, 4, 1.595171
51, 5, 2.327729
51, 6, 0.000000
51, 7, 0.831299
51, 8, 3.231133
51, 9, 1.746789
51, 10, 1.893748
51, 11, 1.887462
51, 12, 2.568507
51, 13, 0.581574
51, 14, 2.548389
51, 15, 2.322281
51, 16, 1.499285
51, 17, 2.586975
51, 18, 3.537639
51, 19, 1.972889
51, 20, 4.131775
51, 21, 0.732413
51, 22, 1.319145
51, 23, 1.369553
51, 24, 1.374501
51, 25, 1.628504
51, 26, 1.448348
51, 27, 1.553594
51, 28, 1.943133
51, 29, 1.623894
51, 30, 1.154361
51, 31, 1.918002
51, 32, 0.444395
51, 33, 2.402146
51, 34, 2.096111
51, 35, 2.583969
51, 36, 1.683968
51, 37, 1.259395
51, 38, 0.385619
51, 39, 1.581382
51, 40, 1.799137
51, 41, 1.255828
51, 42, 1.054154
51, 43, 1.377066
51, 44, 0.519650
51, 45, 1.342471
51, 46, 1.802815
51, 47, 1.415481
51, 48, 0.925747
51, 49, 1.174876
51, 50, 0.697501
51, 51, 1.144516
51, 52, 1.147519
51, 53, -0.000015
51, 54, 2.779391
51, 55, 2.320001
51, 56, 1.927943
51, 57, 2.249817
51, 58, 0.829374
51, 59, 1.131372
51, 60, 0.758235
51, 61, 0.769567
51, 62, 1.361177
51, 63, 1.260442
51, 64, 1.739912
51, 65, 3.554233
51, 66, 1.116505
51, 67, 1.550268
51, 68, 2.212888
51, 69, 1.898243
51, 70, 2.884473
51, 71, 2.384885
51, 72, 3.665570
51, 73, 2.800725
51, 74, 1.619153
51, 75, 1.333493
51, 76, 1.472000
51, 77, 1.386283
51, 78, 1.555618
51, 79, 2.812533
51, 80, 2.261145
51, 81, 1.019424
51, 82, -0.120855
51, 83, 0.643627
51, 84, 1.219994
51, 85, 2.642151
51, 86, 3.389491
51, 87, 1.960191
51, 88, 0.535241
51, 89, 0.784370
51, 90, 0.956077
51, 91, 1.330730
51, 92, 0.999916
51, 93, 1.766908
51, 94, 0.918257
51, 95, 0.599502
51, 96, 0.460913
51, 97, 4.196039
51, 98, 1.151695
51, 99, 1.602325
51, 100, 0.792663
51, 101, -0.031273
51, 102, 1.687148
51, 103, 0.000000
51, 104, 3.442959
51, 105, 2.749164
51, 106, 1.434119
51, 107, 1.448124
51, 108, 1.099974
51, 109, -0.016499
51, 110, 1.765831
51, 111, 1.191893
51, 112, 1.180386
51, 113, 3.583290
51, 114, 1.096939
51, 115, 1.786726
51, 116, 1.811392
51, 117, 2.071613
51, 118, 0.754997
51, 119, 0.654696
51, 120, 1.966286
51, 121, 3.511768
51, 122, 2.487146
51, 123, 0.891844
51, 124, 1.713165
51, 125, 4.191983
51, 126, 0.229535
51, 127, 0.872142
51, 128, 0.555081
51, 129, -0.014388
51, 130, 1.305425
51, 131, 1.642183
51, 132, 1.199875
51, 133, 0.442638
51, 134, 1.159890
51, 135, 1.129199
51, 136, -0.016891
51, 137, 1.679265
51, 138, 1.700311
51, 139, 1.358501
51, 140, 3.314323
51, 141, 1.639858
51, 142, 2.486095
51, 143, 1.026624
51, 144, 0.682189
51, 145, 1.382525
51, 146, 1.513881
51, 147, 3.765530
51, 148, 2.122925
51, 149, 3.408739
51, 150, 1.462988
51, 151, 1.987823
51, 152, 1.543410
51, 153, -0.146686
51, 154, 1.508202
51, 155, 1.266164
51, 156, 0.311820
51, 157, 2.717164
51, 158, 2.405988
51, 159, 1.569263
51, 160, 2.537753
51, 161, 1.332971
51, 162, 3.302259
51, 163, 1.991540
51, 164, 3.356808
51, 165, 2.939112
51, 166, 3.258164
51, 167, 1.214706
51, 168, 0.927377
51, 169, 1.353185
51, 170, 1.438712
51, 171, 1.897727
51, 172, 1.302825
51, 173, 2.495378
51, 174, 1.904814
51, 175, 1.079595
51, 176, 2.740684
51, 177, 2.424012
51, 178, 0.771568
51, 179, 2.300870
51, 180, 3.118253
51, 181, 1.189238
51, 182, 2.553143
51, 183, -0.040000
51, 184, 0.846951
51, 185, 1.899684
51, 186, 3.048162
51, 187, -0.018627
51, 188, 2.101355
51, 189, 3.091089
51, 190, 2.522863
51, 191, 1.359007
51, 192, 2.199181
51, 193, 2.704212
51, 194, 1.040780
51, 195, 0.566804
51, 196, 3.903040
51, 197, 2.195964
51, 198, 2.120337
51, 199, 1.501897
53, 0, 1.712482
53, 1, 1.039606
53, 2, 2.157627
53, 3, 0.718835
53, 4, 1.622368
53, 5, 2.323971
53, 6, 0.000000
53, 7, 0.887051
53, 8, 3.247289
53, 9, 1.744636
53, 10, 1.915530
53, 11, 1.941573
53, 12, 2.585342
53, 13, 0.579791
53, 14, 2.548688
53, 15, 2.332607
53, 16, 1.499285
53, 17, 2.588226
53, 18, 3.550134
53, 19, 1.988808
53, 20, 4.141215
53, 21, 0.615302
53, 22, 1.365723
53, 23, 1.369553
53, 24, 1.374501
53, 25, 1.689607
53, 26, 1.463146
53, 27, 1.553594
53, 28, 1.970243
53, 29, 1.623894
53, 30, 1.121916
53, 31, 2.010652
53, 32, 0.444395
53, 33, 2.402146
53, 34, 2.157118
53, 35, 2.591159
53, 36, 1.683968
53, 37, 1.259395
53, 38, 0.385619
53, 39, 1.581382
53, 40, 1.847050
53, 41, 1.255828
53, 42, 1.054154
53, 43, 1.377066
53, 44, 0.519650
53, 45, 1.342471
53, 46, 1.912883
53, 47, 1.415481
53, 48, -0.174832
53, 49, 1.174876
53, 50, 0.697501
53, 51, 1.144516
53, 52, 1.147519
53, 53, -0.000015
53, 54, 2.783674
53, 55, 2.322929
53, 56, 1.931360
53, 57, 2.250444
53, 58, 0.829374
53, 59, 1.186135
53, 60, 0.793675
53, 61, 0.769567
53, 62, 1.423893
53, 63, 1.293446
53, 64, 1.724452
53, 65, 3.560575
53, 66, 1.116505
53, 67, 1.550268
53, 68, 2.227707
53, 69, 1.898243
53, 70, 2.902721
53, 71, 2.387128
53, 72, 3.679654
53, 73, 2.814909
53, 74, 1.619153
53, 75, 1.333493
53, 76, 1.472000
53, 77, 1.393452
53, 78, 1.555618
53, 79, 2.823148
53, 80, 2.297506
53, 81, 1.019424
53, 82, -0.111081
53, 83, 0.643627
53, 84, 1.219994
53, 85, 2.642151
53, 86, 3.394118
53, 87, 2.015969
53, 88, 0.560306
53, 89, 0.784370
53, 90, 0.956077
53, 91, 1.302487
53, 92, 0.999916
53, 93, 1.792245
53, 94, 0.907930
53, 95, 0.630810
53, 96, 0.460913
53, 97, 4.200721
53, 98, 1.151695
53, 99, 1.575289
53, 100, 0.783332
53, 101, -0.031273
53, 102, 1.687148
53, 103, 0.000000
53, 104, 3.454129
53, 105, 2.750973
53, 106, 1.434119
53, 107, 1.490342
53, 108, 1.099974
53, 109, -0.016499
53, 110, 1.786368
53, 111, 1.191893
53, 112, 1.185640
53, 113, 3.583291
53, 114, 1.096939
53, 115, 1.786726
53, 116, 1.811392
53, 117, 2.071613
53, 118, 0.754997
53, 119, 0.700232
53, 120, 1.998361
53, 121, 3.551845
53, 122, 2.487146
53, 123, 0.891844
53, 124, 1.713165
53, 125, 4.197357
53, 126, 0.229535
53, 127, 0.872142
53, 128, 0.555081
53, 129, -0.014388
53, 130, 1.305425
53, 131, 1.685991
53, 132, 1.199875
53, 133, 0.442647
53, 134, 1.159890
53, 135, 1.067306
53, 136, 0.252817
53, 137, 1.700873
53, 138, 1.694438
53, 139, 1.267623
53, 140, 3.336640
53, 141, 1.639858
53, 142, 2.454431
53, 143, 1.026624
53, 144, 0.682189
53, 145, 1.382525
53, 146, 1.552077
53, 147, 3.754853
53, 148, 2.125672
53, 149, 3.413700
53, 150, 1.462988
53, 151, 1.987823
53, 152, 1.552874
53, 153, -0.153178
53, 154, 1.508202
53, 155, 1.265333
53, 156, 0.311820
53, 157, 2.713867
53, 158, 2.392306
53, 159, 1.581198
53, 160, 2.537827
53, 161, 1.332971
53, 162, 3.300769
53, 163, 1.991540
53, 164, 3.356824
53, 165, 2.941867
53, 166, 3.303479
53, 167, 1.188069
53, 168, 0.927377
53, 169, 1.364195
53, 170, 1.455540
53, 171, 1.879172
53, 172, 1.328931
53, 173, 2.498834
53, 174, 1.904489
53, 175, 1.079595
53, 176, 2.740684
53, 177, 2.437825
53, 178, 0.771568
53, 179, 2.312082
53, 180, 3.129382
53, 181, 1.189238
53, 182, 2.592710
53, 183, -0.040000
53, 184, 0.879945
53, 185, 1.899684
53, 186, 3.068829
53, 187, -0.018627
53, 188, 2.106439
53, 189, 3.115164
53, 190, 2.522863
53, 191, 1.359007
53, 192, 2.194634
53, 193, 2.704212
53, 194, 1.071542
53, 195, 0.566804
53, 196, 3.909962
53, 197, 2.195964
53, 198, 2.124078
53, 199, 1.501897
55, 0, 1.712482
55, 1, 1.039606
55, 2, 2.163213
55, 3, 0.755132
55, 4, 1.647290
55, 5, 2.320519
55, 6, 0.000000
55, 7, 0.950772
55, 8, 3.261107
55, 9, 1.744636
55, 10, 1.926230
55, 11, 1.987617
55, 12, 2.613253
55, 13, 0.488004
55, 14, 2.549053
55, 15, 2.347109
55, 16, 1.499285
55, 17, 2.589056
55, 18, 3.564374
55, 19, 2.003088
55, 20, 4.147349
55, 21, 0.615302
55, 22, 1.423427
55, 23, 1.319622
55, 24, 1.374501
55, 25, 1.746011
55, 26, 1.476365
55, 27, 1.553594
55, 28, 1.993545
55, 29, 1.623894
55, 30, 1.121916
55, 31, 2.045303
55, 32, 0.459092
55, 33, 2.402146
55, 34, 2.212399
55, 35, 2.605112
55, 36, 1.683968
55, 37, 1.259395
55, 38, 0.385619
55, 39, 1.581382
55, 40, 1.886583
55, 41, 1.255828
55, 42, 1.054154
55, 43, 1.335012
55, 44, 0.519650
55, 45, 1.342471
55, 46, 2.014149
55, 47, 1.415481
55, 48, -0.203266
55, 49, 1.174876
55, 50, 0.697501
55, 51, 1.144516
55, 52, 1.147519
55, 53, -0.000015
55, 54, 2.769479
55, 55, 2.322792
55, 56, 1.938522
55, 57, 2.251147
55, 58, 0.829374
55, 59, 1.235375
55, 60, 0.828155
55, 61, 0.769567
55, 62, 1.507043
55, 63, 1.336268
55, 64, 1.764653
55, 65, 3.583804
55, 66, 1.139379
55, 67, 1.550268
55, 68, 2.241588
55, 69, 1.898243
55, 70, 2.922020
55, 71, 2.389018
55, 72, 3.704099
55, 73, 2.850131
55, 74, 1.588828
55, 75, 1.333493
55, 76, 1.472000
55, 77, 1.410441
55, 78, 1.620947
55, 79, 2.823727
55, 80, 2.314421
55, 81, 1.019424
55, 82, -0.107089
55, 83, 0.643627
55, 84, 1.219994
55, 85, 2.642152
55, 86, 3.394493
55, 87, 2.067263
55, 88, 0.608308
55, 89, 0.784370
55, 90, 0.956077
55, 91, 1.290559
55, 92, 0.987486
55, 93, 1.848966
55, 94, 0.947878
55, 95, 0.658136
55, 96, 0.460913
55, 97, 4.205770
55, 98, 1.071319
55, 99, 1.575289
55, 100, 0.783332
55, 101, -0.031273
55, 102, 1.676026
55, 103, 0.000000
55, 104, 3.462971
55, 105, 2.752446
55, 106, 1.434119
55, 107, 1.530544
55, 108, 1.099974
55, 109, -0.016499
55, 110, 1.802853
55, 111, 1.194684
55, 112, 1.190636
55, 113, 3.583291
55, 114, 1.096939
55, 115, 1.786726
55, 116, 1.787874
55, 117, 2.071613
55, 118, 0.754997
55, 119, 0.744460
55, 120, 2.009877
55, 121, 3.540444
55, 122, 2.487146
55, 123, 0.891844
55, 124, 1.713165
55, 125, 4.202157
55, 126, 0.229535
55, 127, 0.872142
55, 128, 0.555081
55, 129, 0.215986
55, 130, 1.305425
55, 131, 1.707296
55, 132, 1.199875
55, 133, 0.442643
55, 134, 1.159890
55, 135, 1.067306
55, 136, 0.252817
55, 137, 1.744845
55, 138, 1.680982
55, 139, 1.053793
55, 140, 3.362124
55, 141, 1.639858
55, 142, 2.417333
55, 143, 1.026624
55, 144, 0.707261
55, 145, 1.382525
55, 146, 1.569957
55, 147, 3.704120
55, 148, 2.157102
55, 149, 3.416803
55, 150, 1.462988
55, 151, 1.987823
55, 152, 1.585039
55, 153, -0.191558
55, 154, 1.508202
55, 155, 1.305519
55, 156, 0.311820
55, 157, 2.701898
55, 158, 2.423282
55, 159, 1.591443
55, 160, 2.539081
55, 161, 1.345506
55, 162, 3.319876
55, 163, 1.991540
55, 164, 3.356839
55, 165, 2.945664
55, 166, 3.367481
55, 167, 1.188069
55, 168, 0.919996
55, 169, 1.384923
55, 170, 1.462851
55, 171, 1.856959
55, 172, 1.374397
55, 173, 2.496363
55, 174, 1.907055
55, 175, 1.079595
55, 176, 2.740684
55, 177, 2.442900
55, 178, 0.771568
55, 179, 2.322827
55, 180, 3.178511
55, 181, 1.189238
55, 182, 2.644260
55, 183, -0.040000
55, 184, 0.879945
55, 185, 1.899684
55, 186, 3.093331
55, 187, -0.018627
55, 188, 2.107567
55, 189, 3.175681
55, 190, 2.522863
55, 191, 1.359007
55, 192, 2.187337
55, 193, 2.704212
55, 194, 1.099218
55, 195, 0.566804
55, 196, 3.914389
55, 197, 2.195964
55, 198, 2.128206
55, 199, 1.501897
57, 0, 1.712482
57, 1, 1.039606
57, 2, 2.167719
57, 3, 0.786520
57, 4, 1.633124
57, 5, 2.315658
57, 6, 0.000000
57, 7, 1.009547
57, 8, 3.260172
57, 9, 1.728474
57, 10, 1.934659
57, 11, 2.026774
57, 12, 2.619285
57, 13, 0.481718
57, 14, 2.549380
57, 15, 2.360576
57, 16, 1.499285
57, 17, 2.589589
57, 18, 3.574187
57, 19, 2.015799
57, 20, 4.162686
57, 21, 0.615302
57, 22, 1.473378
57, 23, 1.319622
57, 24, 1.374501
57, 25, 1.797967
57, 26, 1.487499
57, 27, 1.553594
57, 28, 2.013519
57, 29, 1.598424
57, 30, 1.121916
57, 31, 2.058061
57, 32, 0.459092
57, 33, 2.402146
57, 34, 2.261912
57, 35, 2.611929
57, 36, 1.683968
57, 37, 1.259395
57, 38, 0.371180
57, 39, 1.581382
57, 40, 1.916870
57, 41, 1.255828
57, 42, 1.054154
57, 43, 1.314096
57, 44, 0.519650
57, 45, 1.342471
57, 46, 2.106993
57, 47, 1.415481
57, 48, -0.228084
57, 49, 1.174876
57, 50, 0.697501
57, 51, 1.144516
57, 52, 1.147519
57, 53, -0.000015
57, 54, 2.757802
57, 55, 2.217837
57, 56, 1.942566
57, 57, 2.251807
57, 58, 0.829374
57, 59, 1.280066
57, 60, 0.795749
57, 61, 0.769567
57, 62, 1.579904
57, 63, 1.371389
57, 64, 1.794314
57, 65, 3.584055
57, 66, 1.162296
57, 67, 1.550268
57, 68, 2.268148
57, 69, 1.898243
57, 70, 2.933270
57, 71, 2.389158
57, 72, 3.713927
57, 73, 2.885447
57, 74, 1.588828
57, 75, 1.333493
57, 76, 1.472000
57, 77, 1.415988
57, 78, 1.681086
57, 79, 2.832276
57, 80, 2.327152
57, 81, 1.019424
57, 82, -0.105378
57, 83, 0.643627
57, 84, 1.219994
57, 85, 2.642152
57, 86, 3.399055
57, 87, 2.114316
57, 88, 0.713279
57, 89, 0.736955
57, 90, 0.970604
57, 91, 1.280880
57, 92, 0.987486
57, 93, 1.886941
57, 94, 0.986316
57, 95, 0.680383
57, 96, 0.460913
57, 97, 4.213240
57, 98, 0.988077
57, 99, 1.547215
57, 100, 0.783332
57, 101, -0.031273
57, 102, 1.676026
57, 103, 0.000000
57, 104, 3.469138
57, 105, 2.753611
57, 106, 1.434119
57, 107, 1.564790
57, 108, 1.099974
57, 109, -0.016499
57, 110, 1.834645
57, 111, 1.194684
57, 112, 1.195262
57, 113, 3.583293
57, 114, 1.096939
57, 115, 1.786726
57, 116, 1.787874
57, 117, 2.071613
57, 118, 0.754997
57, 119, 0.786668
57, 120, 2.024273
57, 121, 3.553745
57, 122, 2.487146
57, 123, 0.891844
57, 124, 1.713165
57, 125, 4.210138
57, 126, 0.253812
57, 127, 0.872142
57, 128, 0.555081
57, 129, 0.215986
57, 130, 1.305425
57, 131, 1.716643
57, 132, 1.199875
57, 133, 0.442640
57, 134, 1.159890
57, 135, 1.067306
57, 136, 0.252817
57, 137, 1.779317
57, 138, 1.666524
57, 139, 0.948100
57, 140, 3.365226
57, 141, 1.639858
57, 142, 2.417938
57, 143, 1.026624
57, 144, 0.707261
57, 145, 1.382525
57, 146, 1.602026
57, 147, 3.711335
57, 148, 2.186127
57, 149, 3.418197
57, 150, 1.462988
57, 151, 1.985157
57, 152, 1.614987
57, 153, -0.208616
57, 154, 1.506886
57, 155, 1.342587
57, 156, 0.311820
57, 157, 2.699237
57, 158, 2.423617
57, 159, 1.602968
57, 160, 2.539204
57, 161, 1.369107
57, 162, 3.332628
57, 163, 1.991540
57, 164, 3.356854
57, 165, 2.948653
57, 166, 3.415178
57, 167, 1.188069
57, 168, 0.919996
57, 169, 1.428512
57, 170, 1.473876
57, 171, 1.840033
57, 172, 1.420597
57, 173, 2.501590
57, 174, 1.906763
57, 175, 1.079595
57, 176, 2.740684
57, 177, 2.445226
57, 178, 0.771568
57, 179, 2.406067
57, 180, 3.245543
57, 181, 1.189238
57, 182, 2.737818
57, 183, -0.040000
57, 184, 0.879945
57, 185, 1.899684
57, 186, 3.111862
57, 187, -0.018627
57, 188, 2.106206
57, 189, 3.193753
57, 190, 2.522863
57, 191, 1.359007
57, 192, 2.186846
57, 193, 2.704212
57, 194, 1.123849
57, 195, 0.566804
57, 196, 3.919405
57, 197, 2.195964
57, 198, 2.111733
57, 199, 1.501897
59, 0, 1.712482
59, 1, 1.039606
59, 2, 2.170183
59, 3, 0.814323
59, 4, 1.637934
59, 5, 2.307882
59, 6, 0.000000
59, 7, 1.063760
59, 8, 3.287693
59, 9, 1.728474
59, 10, 1.939552
59, 11, 2.060050
59, 12, 2.620060
59, 13, 0.396862
59, 14, 2.549686
59, 15, 2.377668
59, 16, 1.455429
59, 17, 2.607963
59, 18, 3.580206
59, 19, 2.021586
59, 20, 4.173725
59, 21, 0.615302
59, 22, 1.477355
59, 23, 1.319622
59, 24, 1.374501
59, 25, 1.845661
59, 26, 1.497338
59, 27, 1.553594
59, 28, 2.021641
59, 29, 1.572066
59, 30, 1.083646
59, 31, 2.062669
59, 32, 0.459092
59, 33, 2.402146
59, 34, 2.325043
59, 35, 2.612105
59, 36, 1.683968
59, 37, 1.259395
59, 38, 0.371180
59, 39, 1.581382
59, 40, 1.946213
59, 41, 1.179704
59, 42, 1.054154
59, 43, 1.314096
59, 44, 0.519650
59, 45, 1.342471
59, 46, 2.191537
59, 47, 1.415481
59, 48, -0.260061
59, 49, 1.174876
59, 50, 0.697501
59, 51, 1.144516
59, 52, 1.147519
59, 53, -0.000015
59, 54, 2.752819
59, 55, 2.224723
59, 56, 1.936226
59, 57, 2.252443
59, 58, 0.829374
59, 59, 1.320652
59, 60, 0.832432
59, 61, 0.769567
59, 62, 1.644333
59, 63, 1.395983
59, 64, 1.819853
59, 65, 3.592359
59, 66, 1.183435
59, 67, 1.550268
59, 68, 2.279442
59, 69, 1.863120
59, 70, 2.944927
59, 71, 2.390496
59, 72, 3.722110
59, 73, 2.906180
59, 74, 1.588828
59, 75, 1.333493
59, 76, 1.472000
59, 77, 1.430184
59, 78, 1.737173
59, 79, 2.832420
59, 80, 2.359236
59, 81, 1.019424
59, 82, -0.103013
59, 83, 0.643627
59, 84, 1.219994
59, 85, 2.642151
59, 86, 3.392289
59, 87, 2.157315
59, 88, 0.810088
59, 89, 0.736955
59, 90, 0.987821
59, 91, 1.280429
59, 92, 0.973281
59, 93, 1.925411
59, 94, 1.015080
59, 95, 0.738957
59, 96, 0.460913
59, 97, 4.219848
59, 98, 0.971971
59, 99, 1.547215
59, 100, 0.783332
59, 101, -0.031273
59, 102, 1.676026
59, 103, 0.000000
59, 104, 3.476112
59, 105, 2.754875
59, 106, 1.434119
59, 107, 1.585196
59, 108, 1.099974
59, 109, -0.016499
59, 110, 1.840796
59, 111, 1.194684
59, 112, 1.201786
59, 113, 3.583293
59, 114, 1.096939
59, 115, 1.786726
59, 116, 1.761373
59, 117, 2.071613
59, 118, 0.754997
59, 119, 0.828413
59, 120, 2.051872
59, 121, 3.561270
59, 122, 2.487146
59, 123, 0.891844
59, 124, 1.713165
59, 125, 4.216599
59, 126, 0.294152
59, 127, 0.872142
59, 128, 0.555081
59, 129, 0.215986
59, 130, 1.305425
59, 131, 1.732892
59, 132, 1.199875
59, 133, 0.442639
59, 134, 1.159890
59, 135, 0.999087
59, 136, 0.257150
59, 137, 1.790885
59, 138, 1.661220
59, 139, 0.943328
59, 140, 3.382008
59, 141, 1.639858
59, 142, 2.396722
59, 143, 1.026624
59, 144, 0.707261
59, 145, 1.382525
59, 146, 1.630562
59, 147, 3.714017
59, 148, 2.188436
59, 149, 3.421066
59, 150, 1.462988
59, 151, 1.985157
59, 152, 1.642877
59, 153, -0.210650
59, 154, 1.506886
59, 155, 1.376776
59, 156, 0.311820
59, 157, 2.717142
59, 158, 2.276225
59, 159, 1.609864
59, 160, 2.565231
59, 161, 1.390876
59, 162, 3.334216
59, 163, 1.991540
59, 164, 3.356868
59, 165, 2.953070
59, 166, 3.433757
59, 167, 1.188069
59, 168, 0.919996
59, 169, 1.466374
59, 170, 1.479177
59, 171, 1.802995
59, 172, 1.441093
59, 173, 2.499225
59, 174, 1.906440
59, 175, 1.079595
59, 176, 2.740684
59, 177, 2.444872
59, 178, 0.771568
59, 179, 2.465825
59, 180, 3.301428
59, 181, 1.189238
59, 182, 2.829228
59, 183, -0.040000
59, 184, 0.879945
59, 185, 1.899684
59, 186, 3.133541
59, 187, -0.018627
59, 188, 2.104445
59, 189, 3.210010
59, 190, 2.522863
59, 191, 1.359007
59, 192, 2.188360
59, 193, 2.704212
59, 194, 1.145790
59, 195, 0.566804
59, 196, 3.924305
59, 197, 2.195964
59, 198, 2.103233
59, 199, 1.501897
61, 0, 1.712482
61, 1, 1.037285
61, 2, 2.166040
61, 3, 0.838926
61, 4, 1.626882
61, 5, 2.300791
61, 6, 0.000000
61, 7, 1.113765
61, 8, 3.314047
61, 9, 1.728474
61, 10, 1.940757
61, 11, 2.080103
61, 12, 2.622344
61, 13, 0.279837
61, 14, 2.549978
61, 15, 2.386786
61, 16, 1.413347
61, 17, 2.697963
61, 18, 3.581161
61, 19, 2.021586
61, 20, 4.183158
61, 21, 0.615302
61, 22, 1.428571
61, 23, 1.260239
61, 24, 1.374501
61, 25, 1.889217
61, 26, 1.506189
61, 27, 1.518577
61, 28, 2.028832
61, 29, 1.572066
61, 30, 1.083646
61, 31, 2.111698
61, 32, 0.459092
61, 33, 2.402146
61, 34, 2.359445
61, 35, 2.611273
61, 36, 1.683968
61, 37, 1.259395
61, 38, 0.371180
61, 39, 1.581382
61, 40, 1.976817
61, 41, 1.103048
61, 42, 1.045855
61, 43, 1.314096
61, 44, 0.519650
61, 45, 1.342471
61, 46, 2.267588
61, 47, 1.415481
61, 48, -0.276563
61, 49, 1.174876
61, 50, 0.697501
61, 51, 1.144516
61, 52, 1.084165
61, 53, -0.000015
61, 54, 2.696437
61, 55, 2.200941
61, 56, 1.921889
61, 57, 2.253058
61, 58, 0.829374
61, 59, 1.339231
61, 60, 0.869031
61, 61, 0.769567
61, 62, 1.701327
61, 63, 1.466727
61, 64, 1.819853
61, 65, 3.594651
61, 66, 1.206067
61, 67, 1.550268
61, 68, 2.305315
61, 69, 1.863120
61, 70, 2.952808
61, 71, 2.390496
61, 72, 3.730413
61, 73, 2.915792
61, 74, 1.588828
61, 75, 1.333493
61, 76, 1.472000
61, 77, 1.437841
61, 78, 1.775134
61, 79, 2.832430
61, 80, 2.368694
61, 81, 1.019424
61, 82, -0.103608
61, 83, 0.643627
61, 84, 1.219994
61, 85, 2.642152
61, 86, 3.393510
61, 87, 2.196384
61, 88, 0.899341
61, 89, 0.736955
61, 90, 0.998922
61, 91, 1.281100
61, 92, 0.973281
61, 93, 2.008625
61, 94, 1.063022
61, 95, 0.828850
61, 96, 0.460913
61, 97, 4.228791
61, 98, 0.971971
61, 99, 1.547215
61, 100, 0.783332
61, 101, -0.031273
61, 102, 1.676026
61, 103, 0.000000
61, 104, 3.484850
61, 105, 2.755181
61, 106, 1.434119
61, 107, 1.592793
61, 108, 1.099974
61, 109, -0.016499
61, 110, 1.843472
61, 111, 1.194684
61, 112, 1.208112
61, 113, 3.583294
61, 114, 1.096939
61, 115, 1.786726
61, 116, 1.731864
61, 117, 2.071613
61, 118, 0.754997
61, 119, 0.873371
61, 120, 2.090717
61, 121, 3.560996
61, 122, 2.487146
61, 123, 0.891844
61, 124, 1.713165
61, 125, 4.220977
61, 126, 0.333932
61, 127, 0.872142
61, 128, 0.555081
61, 129, 0.215986
61, 130, 1.305425
61, 131, 1.739337
61, 132, 1.199875
61, 133, 0.442628
61, 134, 1.159890
61, 135, 0.999087
61, 136, 0.257150
61, 137, 1.794346
61, 138, 1.651673
61, 139, 0.943328
61, 140, 3.395348
61, 141, 1.639858
61, 142, 2.374327
61, 143, 1.026624
61, 144, 0.707261
61, 145, 1.382525
61, 146, 1.656077
61, 147, 3.715671
61, 148, 2.187024
61, 149, 3.424991
61, 150, 1.462988
61, 151, 1.985157
61, 152, 1.673060
61, 153, -0.222777
61, 154, 1.506886
61, 155, 1.408311
61, 156, 0.311820
61, 157, 2.735315
61, 158, 2.287504
61, 159, 1.613960
61, 160, 2.609158
61, 161, 1.408895
61, 162, 3.334884
61, 163, 1.991540
61, 164, 3.356880
61, 165, 2.956420
61, 166, 3.469298
61, 167, 1.188069
61, 168, 0.919996
61, 169, 1.499031
61, 170, 1.498670
61, 171, 1.768548
61, 172, 1.450513
61, 173, 2.498518
61, 174, 1.906117
61, 175, 1.079595
61, 176, 2.740684
61, 177, 2.444610
61, 178, 0.771568
61, 179, 2.491821
61, 180, 3.314698
61, 181, 1.189238
61, 182, 2.878463
61, 183, -0.040000
61, 184, 0.879945
61, 185, 1.899684
61, 186, 3.175803
61, 187, -0.018627
61, 188, 2.105158
61, 189, 3.276082
61, 190, 2.527907
61, 191, 1.205096
61, 192, 2.186151
61, 193, 2.704212
61, 194, 1.165593
61, 195, 0.566804
61, 196, 3.929257
61, 197, 2.195964
61, 198, 1.887300
61, 199, 1.501897
63, 0, 1.712482
63, 1, 1.025378
63, 2, 2.163710
63, 3, 0.860671
63, 4, 1.626882
63, 5, 2.291807
63, 6, 0.000000
63, 7, 1.158217
63, 8, 3.338937
63, 9, 1.728474
63, 10, 1.941048
63, 11, 2.081706
63, 12, 2.623334
63, 13, 0.282191
63, 14, 2.550261
63, 15, 2.402767
63, 16, 1.368312
63, 17, 2.742532
63, 18, 3.588087
63, 19, 2.021586
63, 20, 4.192400
63, 21, 0.615302
63, 22, 1.500035
63, 23, 1.260239
63, 24, 1.374501
63, 25, 1.928703
63, 26, 1.514198
63, 27, 1.404731
63, 28, 2.042999
63, 29, 1.572066
63, 30, 1.045004
63, 31, 2.137922
63, 32, 0.459092
63, 33, 2.402146
63, 34, 2.387216
63, 35, 2.610365
63, 36, 1.683968
63, 37, 1.259395
63, 38, 0.371180
63, 39, 1.581382
63, 40, 1.996817
63, 41, 1.026212
63, 42, 1.045855
63, 43, 1.314096
63, 44, 0.519650
63, 45, 1.342471
63, 46, 2.334620
63, 47, 1.415481
63, 48, -0.303572
63, 49, 1.174876
63, 50, 0.697501
63, 51, 1.144516
63, 52, 1.084165
63, 53, -0.000015
63, 54, 2.711551
63, 55, 2.182147
63, 56, 1.924204
63, 57, 2.253658
63, 58, 0.829374
63, 59, 1.377787
63, 60, 0.842019
63, 61, 0.769567
63, 62, 1.709097
63, 63, 1.524738
63, 64, 1.833662
63, 65, 3.587350
63, 66, 1.229706
63, 67, 1.550268
63, 68, 2.315217
63, 69, 1.863120
63, 70, 2.954831
63, 71, 2.391577
63, 72, 3.732229
63, 73, 2.929269
63, 74, 1.588828
63, 75, 1.333493
63, 76, 1.472000
63, 77, 1.448713
63, 78, 1.825173
63, 79, 2.832429
63, 80, 2.375538
63, 81, 1.019424
63, 82, -0.103814
63, 83, 0.643627
63, 84, 1.219994
63, 85, 2.642151
63, 86, 3.388704
63, 87, 2.231594
63, 88, 0.981573
63, 89, 0.736955
63, 90, 1.001909
63, 91, 1.288232
63, 92, 0.956003
63, 93, 2.077814
63, 94, 1.109540
63, 95, 0.896113
63, 96, 0.460913
63, 97, 4.237446
63, 98, 0.971971
63, 99, 1.547215
63, 100, 0.783332
63, 101, -0.031273
63, 102, 1.676026
63, 103, 0.000000
63, 104, 3.489014
63, 105, 2.742961
63, 106, 1.434119
63, 107, 1.597552
63, 108, 1.099974
63, 109, -0.016499
63, 110, 1.844487
63, 111, 1.194684
63, 112, 1.214168
63, 113, 3.583295
63, 114, 1.096939
63, 115, 1.786726
63, 116, 1.699658
63, 117, 2.071613
63, 118, 0.754997
63, 119, 0.920256
63, 120, 2.124109
63, 121, 3.560871
63, 122, 2.487146
63, 123, 0.891844
63, 124, 1.713165
63, 125, 4.225382
63, 126, 0.372725
63, 127, 0.872142
63, 128, 0.555081
63, 129, 0.215986
63, 130, 1.305425
63, 131, 1.743500
63, 132, 1.199875
63, 133, 0.442631
63, 134, 1.159890
63, 135, 0.999087
63, 136, 0.257150
63, 137, 1.795511
63, 138, 1.628170
63, 139, 0.943328
63, 140, 3.411931
63, 141, 1.639858
63, 142, 2.350389
63, 143, 1.026624
63, 144, 0.707261
63, 145, 1.382525
63, 146, 1.679204
63, 147, 3.725613
63, 148, 2.181016
63, 149, 3.434517
63, 150, 1.462988
63, 151, 1.985157
63, 152, 1.704998
63, 153, -0.214815
63, 154, 1.506886
63, 155, 1.437399
63, 156, 0.311820
63, 157, 2.751302
63, 158, 2.265241
63, 159, 1.622008
63, 160, 2.657260
63, 161, 1.420698
63, 162, 3.327843
63, 163, 1.991540
63, 164, 3.356893
63, 165, 2.959007
63, 166, 3.513926
63, 167, 1.188069
63, 168, 0.919996
63, 169, 1.526942
63, 170, 1.498670
63, 171, 1.738011
63, 172, 1.453116
63, 173, 2.501912
63, 174, 1.919842
63, 175, 1.079595
63, 176, 2.740684
63, 177, 2.447042
63, 178, 0.771568
63, 179, 2.530561
63, 180, 3.318209
63, 181, 1.189238
63, 182, 2.923457
63, 183, -0.040000
63, 184, 0.879945
63, 185, 1.899684
63, 186, 3.198551
63, 187, -0.018627
63, 188, 2.108685
63, 189, 3.282547
63, 190, 2.527907
63, 191, 1.122182
63, 192, 2.188665
63, 193, 2.704212
63, 194, 1.186093
63, 195, 0.566804
63, 196, 3.934233
63, 197, 2.195964
63, 198, 1.925765
63, 199, 1.501897
65, 0, 1.712482
65, 1, 1.025378
65, 2, 2.167975
65, 3, 0.881797
65, 4, 1.626882
65, 5, 2.283329
65, 6, 0.000000
65, 7, 1.187658
65, 8, 3.349147
65, 9, 1.728474
65, 10, 1.941118
65, 11, 2.083761
65, 12, 2.625965
65, 13, 0.322092
65, 14, 2.550518
65, 15, 2.414917
65, 16, 1.323385
65, 17, 2.760024
65, 18, 3.588504
65, 19, 2.021586
65, 20, 4.206788
65, 21, 0.615302
65, 22, 1.531770
65, 23, 1.260239
65, 24, 1.374501
65, 25, 1.964138
65, 26, 1.521416
65, 27, 1.317452
65, 28, 2.052880
65, 29, 1.572066
65, 30, 1.045004
65, 31, 2.151216
65, 32, 0.459092
65, 33, 2.402146
65, 34, 2.387854
65, 35, 2.609456
65, 36, 1.683968
65, 37, 1.259395
65, 38, 0.371180
65, 39, 1.581382
65, 40, 2.026786
65, 41, 1.026212
65, 42, 1.045855
65, 43, 1.314096
65, 44, 0.519650
65, 45, 1.342471
65, 46, 2.391839
65, 47, 1.415481
65, 48, -0.337540
65, 49, 1.174876
65, 50, 0.745140
65, 51, 1.144516
65, 52, 1.018633
65, 53, -0.000015
65, 54, 2.692962
65, 55, 2.100329
65, 56, 1.929707
65, 57, 2.254203
65, 58, 0.829374
65, 59, 1.415179
65, 60, -0.130081
65, 61, 0.691348
65, 62, 1.717126
65, 63, 1.557828
65, 64, 1.833662
65, 65, 3.575108
65, 66, 1.251195
65, 67, 1.550268
65, 68, 2.336394
65, 69, 1.863120
65, 70, 2.953332
65, 71, 2.391577
65, 72, 3.736780
65, 73, 2.946205
65, 74, 1.588828
65, 75, 1.333493
65, 76, 1.472000
65, 77, 1.446350
65, 78, 1.853900
65, 79, 2.832430
65, 80, 2.382133
65, 81, 1.019424
65, 82, -0.104059
65, 83, 0.643627
65, 84, 1.219994
65, 85, 2.642151
65, 86, 3.392279
65, 87, 2.262975
65, 88, 1.057218
65, 89, 0.736955
65, 90, 1.006991
65, 91, 1.285466
65, 92, 0.956003
65, 93, 2.139205
65, 94, 1.133593
65, 95, 0.970850
65, 96, 0.460913
65, 97, 4.246718
65, 98, 0.971971
65, 99, 1.547215
65, 100, 0.783332
65, 101, -0.031273
65, 102, 1.676026
65, 103, 0.000000
65, 104, 3.493068
65, 105, 2.735403
65, 106, 1.434119
65, 107, 1.600895
65, 108, 1.099974
65, 109, -0.016499
65, 110, 1.844041
65, 111, 1.194684
65, 112, 1.220915
65, 113, 3.583297
65, 114, 1.096939
65, 115, 1.786726
65, 116, 1.699658
65, 117, 2.071613
65, 118, 0.754997
65, 119, 0.965805
65, 120, 2.159560
65, 121, 3.563000
65, 122, 2.487146
65, 123, 0.891844
65, 124, 1.713165
65, 125, 4.231651
65, 126, 0.414035
65, 127, 0.872142
65, 128, 0.555081
65, 129, 0.215986
65, 130, 1.305425
65, 131, 1.748095
65, 132, 1.199875
65, 133, 0.442633
65, 134, 1.159890
65, 135, 0.999087
65, 136, 0.257150
65, 137, 1.796134
65, 138, 1.606260
65, 139, 0.943328
65, 140, 3.432549
65, 141, 1.639858
65, 142, 2.298486
65, 143, 1.026624
65, 144, 0.707261
65, 145, 1.382525
65, 146, 1.698691
65, 147, 3.727187
65, 148, 2.170558
65, 149, 3.444077
65, 150, 1.462988
65, 151, 1.985157
65, 152, 1.734456
65, 153, -0.196505
65, 154, 1.506886
65, 155, 1.464229
65, 156, 0.311820
65, 157, 2.766512
65, 158, 2.240680
65, 159, 1.630712
65, 160, 2.704339
65, 161, 1.432696
65, 162, 3.324906
65, 163, 1.991540
65, 164, 3.356903
65, 165, 2.960756
65, 166, 3.541028
65, 167, 1.185556
65, 168, 0.919996
65, 169, 1.550495
65, 170, 1.498670
65, 171, 1.698061
65, 172, 1.455470
65, 173, 2.514498
65, 174, 1.922476
65, 175, 1.079595
65, 176, 2.740684
65, 177, 2.452785
65, 178, 0.771568
65, 179, 2.591396
65, 180, 3.327639
65, 181, 1.189238
65, 182, 2.962905
65, 183, -0.040000
65, 184, 0.879945
65, 185, 1.899684
65, 186, 3.213056
65, 187, -0.018627
65, 188, 2.110517
65, 189, 3.286714
65, 190, 2.528615
65, 191, 1.122182
65, 192, 2.186346
65, 193, 2.710389
65, 194, 1.206353
65, 195, 0.566804
65, 196, 3.938579
65, 197, 2.195964
65, 198, 1.863204
65, 199, 1.501897
67, 0, 1.712482
67, 1, 1.004798
67, 2, 2.169652
67, 3, 0.901989
67, 4, 1.626882
67, 5, 2.275307
67, 6, 0.000000
67, 7, 1.208763
67, 8, 3.370094
67, 9, 1.728474
67, 10, 1.941135
67, 11, 2.085680
67, 12, 2.627915
67, 13, 0.352556
67, 14, 2.550795
67, 15, 2.419352
67, 16, 1.323385
67, 17, 2.805484
67, 18, 3.581733
67, 19, 2.021586
67, 20, 4.216412
67, 21, 0.615302
67, 22, 1.598605
67, 23, 1.260239
67, 24, 1.374501
67, 25, 1.995516
67, 26, 1.527885
67, 27, 1.233709
67, 28, 2.067721
67, 29, 1.563481
67, 30, 1.045004
67, 31, 2.199801
67, 32, 0.459092
67, 33, 2.402146
67, 34, 2.405053
67, 35, 2.608598
67, 36, 1.683968
67, 37, 1.252740
67, 38, 0.371180
67, 39, 1.581382
67, 40, 2.043438
67, 41, 0.933315
67, 42, 1.045855
67, 43, 1.314096
67, 44, 0.519650
67, 45, 1.342471
67, 46, 2.427405
67, 47, 1.415481
67, 48, 1.245428
67, 49, 1.174876
67, 50, 0.867187
67, 51, 1.144516
67, 52, 1.018633
67, 53, -0.000015
67, 54, 2.646738
67, 55, 2.085510
67, 56, 1.932783
67, 57, 2.254786
67, 58, 0.829374
67, 59, 1.452309
67, 60, -0.144903
67, 61, 0.601179
67, 62, 1.763190
67, 63, 1.605972
67, 64, 1.833662
67, 65, 3.582513
67, 66, 1.270713
67, 67, 1.550268
67, 68, 2.346216
67, 69, 1.854986
67, 70, 2.954272
67, 71, 2.392399
67, 72, 3.739290
67, 73, 2.954762
67, 74, 1.588828
67, 75, 1.333493
67, 76, 1.472000
67, 77, 1.443148
67, 78, 1.868872
67, 79, 2.832430
67, 80, 2.388284
67, 81, 1.019424
67, 82, -0.103400
67, 83, 0.643627
67, 84, 1.219994
67, 85, 2.645765
67, 86, 3.393341
67, 87, 2.290532
67, 88, 1.126606
67, 89, 0.736955
67, 90, 1.013983
67, 91, 1.282428
67, 92, 0.956003
67, 93, 2.213531
67, 94, 1.158342
67, 95, 1.012819
67, 96, 0.460913
67, 97, 4.250526
67, 98, 0.971971
67, 99, 1.547215
67, 100, 0.783332
67, 101, -0.031273
67, 102, 1.676026
67, 103, 0.000000
67, 104, 3.494710
67, 105, 2.729015
67, 106, 1.434119
67, 107, 1.601026
67, 108, 1.099974
67, 109, -0.016499
67, 110, 1.842384
67, 111, 1.194684
67, 112, 1.228174
67, 113, 3.583297
67, 114, 1.096939
67, 115, 1.786726
67, 116, 1.660521
67, 117, 2.071613
67, 118, 0.754997
67, 119, 1.009938
67, 120, 2.211106
67, 121, 3.561438
67, 122, 2.487146
67, 123, 0.891844
67, 124, 1.713165
67, 125, 4.236027
67, 126, 0.457315
67, 127, 0.872142
67, 128, 0.555081
67, 129, 0.215986
67, 130, 1.305425
67, 131, 1.749095
67, 132, 1.199875
67, 133, 0.442639
67, 134, 1.209570
67, 135, 0.999087
67, 136, 0.257150
67, 137, 1.796560
67, 138, 1.592690
67, 139, 0.943328
67, 140, 3.443387
67, 141, 1.639858
67, 142, 2.292071
67, 143, 1.074352
67, 144, 0.707261
67, 145, 1.382525
67, 146, 1.715235
67, 147, 3.728663
67, 148, 2.159545
67, 149, 3.448234
67, 150, 1.462988
67, 151, 1.985157
67, 152, 1.761628
67, 153, -0.179993
67, 154, 1.506886
67, 155, 1.488977
67, 156, 0.311820
67, 157, 2.774128
67, 158, 2.226669
67, 159, 1.641223
67, 160, 2.751554
67, 161, 1.446834
67, 162, 3.315251
67, 163, 1.991540
67, 164, 3.356914
67, 165, 2.962236
67, 166, 3.559885
67, 167, 1.185556
67, 168, 0.919996
67, 169, 1.570003
67, 170, 1.498670
67, 171, 1.658834
67, 172, 1.459762
67, 173, 2.530561
67, 174, 1.917481
67, 175, 1.079595
67, 176, 2.740684
67, 177, 2.448107
67, 178, 0.771568
67, 179, 2.630770
67, 180, 3.330631
67, 181, 1.189238
67, 182, 3.004813
67, 183, -0.040000
67, 184, 0.879945
67, 185, 1.899684
67, 186, 3.205634
67, 187, -0.018627
67, 188, 2.115207
67, 189, 3.271650
67, 190, 2.528615
67, 191, 1.033802
67, 192, 2.188839
67, 193, 2.696313
67, 194, 1.225801
67, 195, 0.566804
67, 196, 3.943493
67, 197, 2.203202
67, 198, 1.892967
67, 199, 1.501897
69, 0, 1.712482
69, 1, 1.031620
69, 2, 2.171077
69, 3, 0.920435
69, 4, 1.626882
69, 5, 2.268382
69, 6, 0.000000
69, 7, 1.222035
69, 8, 3.376019
69, 9, 1.710340
69, 10, 1.941139
69, 11, 2.092342
69, 12, 2.624103
69, 13, 0.410848
69, 14, 2.551051
69, 15, 2.430123
69, 16, 1.227986
69, 17, 2.817876
69, 18, 3.586828
69, 19, 2.021586
69, 20, 4.230324
69, 21, 0.615302
69, 22, 1.638312
69, 23, 1.260239
69, 24, 1.374501
69, 25, 2.022832
69, 26, 1.533649
69, 27, 1.181407
69, 28, 2.060508
69, 29, 1.563481
69, 30, 1.045004
69, 31, 2.200626
69, 32, 0.459092
69, 33, 2.402146
69, 34, 2.339952
69, 35, 2.607748
69, 36, 1.683968
69, 37, 1.252740
69, 38, 0.371180
69, 39, 1.581382
69, 40, 2.074571
69, 41, 0.845952
69, 42, 1.045855
69, 43, 1.314096
69, 44, 0.519650
69, 45, 1.342471
69, 46, 2.424825
69, 47, 1.415481
69, 48, 1.327640
69, 49, 1.174876
69, 50, 0.947407
69, 51, 1.144516
69, 52, 1.018633
69, 53, -0.000015
69, 54, 2.679448
69, 55, 1.978602
69, 56, 1.937445
69, 57, 2.255344
69, 58, 0.829374
69, 59, 1.490589
69, 60, -0.160783
69, 61, 0.601179
69, 62, 1.761927
69, 63, 1.615302
69, 64, 1.833662
69, 65, 3.563132
69, 66, 1.288425
69, 67, 1.550268
69, 68, 2.360611
69, 69, 1.906127
69, 70, 2.950799
69, 71, 2.392399
69, 72, 3.745180
69, 73, 2.972633
69, 74, 1.588828
69, 75, 1.333493
69, 76, 1.472000
69, 77, 1.438727
69, 78, 1.879944
69, 79, 2.832430
69, 80, 2.419609
69, 81, 1.019424
69, 82, -0.103083
69, 83, 0.643627
69, 84, 1.219994
69, 85, 2.645997
69, 86, 3.397217
69, 87, 2.314280
69, 88, 1.189934
69, 89, 0.736955
69, 90, 1.021041
69, 91, 1.277622
69, 92, 0.956003
69, 93, 2.225837
69, 94, 1.193907
69, 95, 1.031250
69, 96, 0.460913
69, 97, 4.259944
69, 98, 1.044144
69, 99, 1.547215
69, 100, 0.783332
69, 101, -0.031273
69, 102, 1.676026
69, 103, 0.000000
69, 104, 3.493870
69, 105, 2.685044
69, 106, 1.434119
69, 107, 1.602493
69, 108, 1.099974
69, 109, -0.016499
69, 110, 1.842803
69, 111, 1.194684
69, 112, 1.235964
69, 113, 3.583297
69, 114, 1.096939
69, 115, 1.786726
69, 116, 1.656590
69, 117, 2.071613
69, 118, 0.754997
69, 119, 1.051311
69, 120, 2.234559
69, 121, 3.563365
69, 122, 2.487146
69, 123, 0.891844
69, 124, 1.713165
69, 125, 4.242041
69, 126, 0.502736
69, 127, 0.872142
69, 128, 0.555081
69, 129, 0.215986
69, 130, 1.302082
69, 131, 1.749505
69, 132, 1.199875
69, 133, 0.421940
69, 134, 1.255393
69, 135, 0.925018
69, 136, 0.257150
69, 137, 1.796889
69, 138, 1.579736
69, 139, 0.943328
69, 140, 3.444779
69, 141, 1.639858
69, 142, 2.293843
69, 143, 1.164446
69, 144, 0.707261
69, 145, 1.382525
69, 146, 1.744134
69, 147, 3.730139
69, 148, 2.157279
69, 149, 3.450205
69, 150, 1.462988
69, 151, 1.985157
69, 152, 1.786691
69, 153, -0.162972
69, 154, 1.506886
69, 155, 1.511802
69, 156, 0.311820
69, 157, 2.802437
69, 158, 2.199020
69, 159, 1.655296
69, 160, 2.792161
69, 161, 1.461051
69, 162, 3.316868
69, 163, 1.991540
69, 164, 3.356924
69, 165, 2.962985
69, 166, 3.569546
69, 167, 1.185556
69, 168, 0.879810
69, 169, 1.585697
69, 170, 1.498670
69, 171, 1.618941
69, 172, 1.463415
69, 173, 2.532705
69, 174, 1.917055
69, 175, 1.079595
69, 176, 2.740684
69, 177, 2.453459
69, 178, 0.771568
69, 179, 2.664655
69, 180, 3.339844
69, 181, 1.189238
69, 182, 3.039594
69, 183, -0.040000
69, 184, 0.879945
69, 185, 1.899684
69, 186, 3.214661
69, 187, -0.018627
69, 188, 2.120228
69, 189, 3.275776
69, 190, 2.524845
69, 191, 1.033802
69, 192, 2.189751
69, 193, 2.696313
69, 194, 1.246286
69, 195, 0.566804
69, 196, 3.948453
69, 197, 2.208264
69, 198, 1.940845
69, 199, 1.501897
71, 0, 1.712482
71, 1, 1.056359
71, 2, 2.171386
71, 3, 0.937802
71, 4, 1.626882
71, 5, 2.262810
71, 6, 0.000000
71, 7, 1.230424
71, 8, 3.374822
71, 9, 1.710340
71, 10, 1.941138
71, 11, 2.123162
71, 12, 2.618323
71, 13, 0.453167
71, 14, 2.551295
71, 15, 2.430647
71, 16, 1.173904
71, 17, 2.907111
71, 18, 3.588508
71, 19, 2.022632
71, 20, 4.243739
71, 21, 0.615302
71, 22, 1.681437
71, 23, 1.260239
71, 24, 1.374501
71, 25, 2.046121
71, 26, 1.538738
71, 27, 1.181407
71, 28, 2.065897
71, 29, 1.563481
71, 30, 1.045004
71, 31, 2.209863
71, 32, 0.459092
71, 33, 2.402146
71, 34, 2.385343
71, 35, 2.606912
71, 36, 1.683968
71, 37, 1.252740
71, 38, 0.371180
71, 39, 1.581382
71, 40, 2.101866
71, 41, 0.763775
71, 42, 1.045855
71, 43, 1.314096
71, 44, 0.519650
71, 45, 1.342471
71, 46, 2.404369
71, 47, 1.415481
71, 48, 1.403469
71, 49, 1.149616
71, 50, 1.021398
71, 51, 1.144516
71, 52, 1.018633
71, 53, -0.000015
71, 54, 2.695262
71, 55, 1.981880
71, 56, 1.922706
71, 57, 2.255884
71, 58, 0.829374
71, 59, 1.524445
71, 60, -0.177868
71, 61, 0.614456
71, 62, 1.764615
71, 63, 1.618205
71, 64, 1.833662
71, 65, 3.549316
71, 66, 1.296652
71, 67, 1.550268
71, 68, 2.353029
71, 69, 1.953297
71, 70, 2.955220
71, 71, 2.392399
71, 72, 3.759179
71, 73, 2.984890
71, 74, 1.588828
71, 75, 1.333493
71, 76, 1.472000
71, 77, 1.433680
71, 78, 1.887526
71, 79, 2.832430
71, 80, 2.428856
71, 81, 1.019424
71, 82, -0.102143
71, 83, 0.643627
71, 84, 1.219994
71, 85, 2.677380
71, 86, 3.365440
71, 87, 2.334270
71, 88, 1.247259
71, 89, 0.736955
71, 90, 1.027758
71, 91, 1.304594
71, 92, 0.956003
71, 93, 2.238246
71, 94, 1.223649
71, 95, 1.029428
71, 96, 0.460913
71, 97, 4.269508
71, 98, 1.111512
71, 99, 1.547215
71, 100, 0.783332
71, 101, -0.031273
71, 102, 1.676026
71, 103, 0.000000
71, 104, 3.498815
71, 105, 2.705908
71, 106, 1.434119
71, 107, 1.601718
71, 108, 1.099974
71, 109, -0.016499
71, 110, 1.845179
71, 111, 1.194684
71, 112, 1.244000
71, 113, 3.583299
71, 114, 1.096939
71, 115, 1.786726
71, 116, 1.656590
71, 117, 2.071613
71, 118, 0.754997
71, 119, 1.088514
71, 120, 2.248865
71, 121, 3.564352
71, 122, 2.487146
71, 123, 0.891844
71, 124, 1.713165
71, 125, 4.247707
71, 126, 0.549356
71, 127, 0.872142
71, 128, 0.555081
71, 129, 0.215986
71, 130, 1.315640
71, 131, 1.749673
71, 132, 1.199875
71, 133, 0.448647
71, 134, 1.290786
71, 135, 0.925018
71, 136, 0.257150
71, 137, 1.797187
71, 138, 1.557718
71, 139, 0.943328
71, 140, 3.449891
71, 141, 1.639858
71, 142, 2.295446
71, 143, 1.247844
71, 144, 0.707261
71, 145, 1.382525
71, 146, 1.759294
71, 147, 3.731615
71, 148, 2.146793
71, 149, 3.457573
71, 150, 1.462988
71, 151, 1.985157
71, 152, 1.798483
71, 153, -0.144229
71, 154, 1.506886
71, 155, 1.532856
71, 156, 0.311820
71, 157, 2.821924
71, 158, 1.959381
71, 159, 1.666995
71, 160, 2.824560
71, 161, 1.475600
71, 162, 3.318691
71, 163, 1.991540
71, 164, 3.356935
71, 165, 2.965536
71, 166, 3.582556
71, 167, 1.185556
71, 168, 0.879810
71, 169, 1.597725
71, 170, 1.498670
71, 171, 1.574275
71, 172, 1.466952
71, 173, 2.545959
71, 174, 1.872019
71, 175, 1.079595
71, 176, 2.740684
71, 177, 2.453861
71, 178, 0.771568
71, 179, 2.682797
71, 180, 3.344315
71, 181, 1.174950
71, 182, 3.058604
71, 183, -0.040000
71, 184, 0.884500
71, 185, 1.899684
71, 186, 3.231703
71, 187, -0.018627
71, 188, 2.168767
71, 189, 3.279223
71, 190, 2.516860
71, 191, 0.824328
71, 192, 2.187918
71, 193, 2.696313
71, 194, 1.264706
71, 195, 0.566804
71, 196, 3.953516
71, 197, 2.210985
71, 198, 1.984457
71, 199, 1.501897
73, 0, 1.712482
73, 1, 1.053429
73, 2, 2.171639
73, 3, 0.954231
73, 4, 1.626882
73, 5, 2.252329
73, 6, 0.000000
73, 7, 1.235754
73, 8, 3.373060
73, 9, 1.710340
73, 10, 1.941139
73, 11, 2.148876
73, 12, 2.613022
73, 13, 0.513246
73, 14, 2.551531
73, 15, 2.439578
73, 16, 1.115437
73, 17, 2.947467
73, 18, 3.583746
73, 19, 2.022632
73, 20, 4.253587
73, 21, 0.615302
73, 22, 1.681437
73, 23, 1.260239
73, 24, 1.374501
73, 25, 2.046121
73, 26, 1.550237
73, 27, 1.124790
73, 28, 2.071733
73, 29, 1.563481
73, 30, 1.045004
73, 31, 2.228018
73, 32, 0.459092
73, 33, 2.402146
73, 34, 2.378228
73, 35, 2.606098
73, 36, 1.683968
73, 37, 1.252740
73, 38, 0.371180
73, 39, 1.578177
73, 40, 2.121053
73, 41, 0.763775
73, 42, 1.045855
73, 43, 1.314096
73, 44, 0.519650
73, 45, 1.359676
73, 46, 2.396785
73, 47, 1.415481
73, 48, 1.457827
73, 49, 1.149616
73, 50, 1.050675
73, 51, 1.144516
73, 52, 1.018633
73, 53, -0.000015
73, 54, 2.660842
73, 55, 2.003495
73, 56, 1.910823
73, 57, 2.256413
73, 58, 0.829374
73, 59, 1.555020
73, 60, -0.195931
73, 61, 0.672517
73, 62, 1.808280
73, 63, 1.618908
73, 64, 1.833662
73, 65, 3.527538
73, 66, 1.311935
73, 67, 1.550268
73, 68, 2.348326
73, 69, 1.996805
73, 70, 2.955131
73, 71, 2.392399
73, 72, 3.767430
73, 73, 2.995496
73, 74, 1.588828
73, 75, 1.333493
73, 76, 1.468169
73, 77, 1.428546
73, 78, 1.891638
73, 79, 2.832430
73, 80, 2.433542
73, 81, 1.019424
73, 82, -0.110161
73, 83, 0.643627
73, 84, 1.219994
73, 85, 2.682142
73, 86, 3.368247
73, 87, 2.334270
73, 88, 1.273651
73, 89, 0.736955
73, 90, 1.034039
73, 91, 1.327363
73, 92, 0.956003
73, 93, 2.288998
73, 94, 1.263637
73, 95, 1.027360
73, 96, 0.460913
73, 97, 4.278478
73, 98, 1.093315
73, 99, 1.547215
73, 100, 0.799749
73, 101, -0.031273
73, 102, 1.676026
73, 103, 0.000000
73, 104, 3.499907
73, 105, 2.675438
73, 106, 1.434119
73, 107, 1.609259
73, 108, 1.099974
73, 109, -0.016499
73, 110, 1.848843
73, 111, 1.194684
73, 112, 1.250966
73, 113, 3.583300
73, 114, 1.090727
73, 115, 1.786726
73, 116, 1.656590
73, 117, 2.071613
73, 118, 0.754997
73, 119, 1.123174
73, 120, 2.270827
73, 121, 3.469784
73, 122, 2.487146
73, 123, 0.891844
73, 124, 1.713165
73, 125, 4.229302
73, 126, 0.592248
73, 127, 0.834848
73, 128, 0.555081
73, 129, 0.215986
73, 130, 1.328384
73, 131, 1.749742
73, 132, 1.199875
73, 133, 0.452713
73, 134, 1.312816
73, 135, 0.925018
73, 136, 0.257150
73, 137, 1.797472
73, 138, 1.545074
73, 139, 0.943328
73, 140, 3.452275
73, 141, 1.639858
73, 142, 2.280351
73, 143, 1.325659
73, 144, 0.707261
73, 145, 1.382525
73, 146, 1.783443
73, 147, 3.733090
73, 148, 2.136764
73, 149, 3.460130
73, 150, 1.462988
73, 151, 1.985157
73, 152, 1.820686
73, 153, -0.125120
73, 154, 1.506886
73, 155, 1.556361
73, 156, -0.010000
73, 157, 2.843049
73, 158, 1.918453
73, 159, 1.680600
73, 160, 2.851745
73, 161, 1.490186
73, 162, 3.328178
73, 163, 1.991540
73, 164, 3.356944
73, 165, 2.967733
73, 166, 3.593260
73, 167, 1.185556
73, 168, 0.834444
73, 169, 1.609446
73, 170, 1.498670
73, 171, 1.550908
73, 172, 1.463669
73, 173, 2.562776
73, 174, 1.871599
73, 175, 1.079595
73, 176, 2.743490
73, 177, 2.456069
73, 178, 0.771568
73, 179, 2.713157
73, 180, 3.353017
73, 181, 1.174950
73, 182, 3.058604
73, 183, -0.040000
73, 184, 0.913481
73, 185, 1.899684
73, 186, 3.247864
73, 187, -0.018627
73, 188, 2.167810
73, 189, 3.283510
73, 190, 2.516860
73, 191, 0.723422
73, 192, 2.188451
73, 193, 2.696313
73, 194, 1.280714
73, 195, 0.566804
73, 196, 3.956490
73, 197, 2.212102
73, 198, 2.005110
73, 199, 1.501897
75, 0, 1.787495
75, 1, 1.164006
75, 2, 2.171874
75, 3, 1.032745
75, 4, 1.626882
75, 5, 2.371747
75, 6, 0.000000
75, 7, 1.239146
75, 8, 3.348922
75, 9, 1.710340
75, 10, 2.015779
75, 11, 2.262526
75, 12, 2.778907
75, 13, 0.585492
75, 14, 2.551744
75, 15, 2.442815
75, 16, 1.115437
75, 17, 2.957400
75, 18, 3.587511
75, 19, 2.022632
75, 20, 4.259524
75, 21, 0.615302
75, 22, 1.681437
75, 23, 1.260239
75, 24, 1.374501
75, 25, 2.046121
75, 26, 1.555434
75, 27, 1.124790
75, 28, 2.072288
75, 29, 1.563481
75, 30, 1.105014
75, 31, 2.247766
75, 32, 0.459092
75, 33, 2.402146
75, 34, 2.367183
75, 35, 2.605288
75, 36, 1.683968
75, 37, 1.252740
75, 38, 0.371180
75, 39, 1.578177
75, 40, 2.152464
75, 41, 0.763775
75, 42, 1.045855
75, 43, 1.314096
75, 44, 0.519650
75, 45, 1.359676
75, 46, 2.369356
75, 47, 1.415481
75, 48, 1.563513
75, 49, 1.079623
75, 50, 1.131387
75, 51, 1.204526
75, 52, 1.048638
75, 53, -0.000015
75, 54, 2.685452
75, 55, 2.026905
75, 56, 1.959035
75, 57, 2.256896
75, 58, 0.829374
75, 59, 1.581794
75, 60, -0.215048
75, 61, 0.726048
75, 62, 1.909964
75, 63, 1.618997
75, 64, 2.013862
75, 65, 3.512431
75, 66, 1.325770
75, 67, 1.565789
75, 68, 2.352039
75, 69, 2.036936
75, 70, 2.954718
75, 71, 2.391559
75, 72, 3.778702
75, 73, 3.008168
75, 74, 1.588828
75, 75, 1.333493
75, 76, 1.468169
75, 77, 1.422130
75, 78, 1.895375
75, 79, 2.832430
75, 80, 2.439599
75, 81, 1.019424
75, 82, -0.111426
75, 83, 0.643627
75, 84, 1.219994
75, 85, 2.682173
75, 86, 3.371368
75, 87, 2.334270
75, 88, 1.321785
75, 89, 0.736955
75, 90, 1.041494
75, 91, 1.328110
75, 92, 0.956003
75, 93, 2.301020
75, 94, 1.311610
75, 95, 1.022648
75, 96, 0.460913
75, 97, 4.285894
75, 98, 1.155489
75, 99, 1.547215
75, 100, 0.810660
75, 101, -0.031273
75, 102, 1.676026
75, 103, 0.000000
75, 104, 3.503572
75, 105, 2.696752
75, 106, 1.434119
75, 107, 1.658300
75, 108, 1.099974
75, 109, -0.016499
75, 110, 1.848173
75, 111, 1.194684
75, 112, 1.298614
75, 113, 3.583301
75, 114, 1.090727
75, 115, 1.786726
75, 116, 1.656590
75, 117, 2.071613
75, 118, 0.754997
75, 119, 1.158426
75, 120, 2.290237
75, 121, 3.528555
75, 122, 2.487146
75, 123, 0.891844
75, 124, 1.713165
75, 125, 4.247291
75, 126, 0.631186
75, 127, 0.845552
75, 128, 0.555081
75, 129, 0.215986
75, 130, 1.339651
75, 131, 1.749771
75, 132, 1.199875
75, 133, 0.444939
75, 134, 1.326660
75, 135, 0.925018
75, 136, 0.257150
75, 137, 1.797714
75, 138, 1.522141
75, 139, 0.943328
75, 140, 3.455534
75, 141, 1.639858
75, 142, 2.270290
75, 143, 1.398782
75, 144, 0.707261
75, 145, 1.382525
75, 146, 1.790416
75, 147, 3.734429
75, 148, 2.135739
75, 149, 3.467053
75, 150, 1.462988
75, 151, 1.985157
75, 152, 1.841164
75, 153, -0.108906
75, 154, 1.528810
75, 155, 1.582347
75, 156, -0.010000
75, 157, 2.848400
75, 158, 1.744385
75, 159, 1.684508
75, 160, 2.877678
75, 161, 1.504313
75, 162, 3.324115
75, 163, 1.991540
75, 164, 3.356953
75, 165, 2.968873
75, 166, 3.602461
75, 167, 1.185556
75, 168, 0.834444
75, 169, 1.617863
75, 170, 1.498670
75, 171, 1.535205
75, 172, 1.471800
75, 173, 2.563836
75, 174, 1.871144
75, 175, 1.079595
75, 176, 2.751517
75, 177, 2.461282
75, 178, 0.771568
75, 179, 2.733779
75, 180, 3.357428
75, 181, 1.174950
75, 182, 3.058604
75, 183, -0.040000
75, 184, 0.951585
75, 185, 1.899684
75, 186, 3.266171
75, 187, -0.018627
75, 188, 2.169844
75, 189, 3.284503
75, 190, 2.503632
75, 191, 0.717938
75, 192, 2.186829
75, 193, 2.696313
75, 194, 1.295166
75, 195, 0.566804
75, 196, 3.957440
75, 197, 2.212562
75, 198, 1.884184
75, 199, 1.501897
77, 0, 1.712482
77, 1, 1.098652
77, 2, 2.172117
77, 3, 0.983141
77, 4, 1.626882
77, 5, 2.232401
77, 6, 0.000000
77, 7, 1.241307
77, 8, 3.355464
77, 9, 1.710340
77, 10, 1.941139
77, 11, 2.187779
77, 12, 2.600579
77, 13, 0.590699
77, 14, 2.551979
77, 15, 2.442133
77, 16, 1.115437
77, 17, 2.962749
77, 18, 3.588718
77, 19, 2.034723
77, 20, 4.266530
77, 21, 0.615302
77, 22, 1.681437
77, 23, 1.260239
77, 24, 1.374501
77, 25, 2.046121
77, 26, 1.566585
77, 27, 1.061484
77, 28, 2.058058
77, 29, 1.563481
77, 30, 1.045004
77, 31, 2.265513
77, 32, 0.459092
77, 33, 2.402146
77, 34, 2.379282
77, 35, 2.604523
77, 36, 1.683968
77, 37, 1.252740
77, 38, 0.371180
77, 39, 1.578177
77, 40, 2.168360
77, 41, 0.763775
77, 42, 1.045855
77, 43, 1.314096
77, 44, 0.519650
77, 45, 1.359676
77, 46, 2.341187
77, 47, 1.415481
77, 48, 1.561266
77, 49, 1.011162
77, 50, 1.106399
77, 51, 1.144516
77, 52, 1.018633
77, 53, -0.000015
77, 54, 2.698066
77, 55, 2.028972
77, 56, 1.903132
77, 57, 2.318897
77, 58, 0.829374
77, 59, 1.605094
77, 60, -0.235077
77, 61, 0.775559
77, 62, 1.861439
77, 63, 1.618945
77, 64, 1.833662
77, 65, 3.513276
77, 66, 1.371366
77, 67, 1.625484
77, 68, 2.352410
77, 69, 2.073948
77, 70, 2.954191
77, 71, 2.391559
77, 72, 3.782927
77, 73, 3.017743
77, 74, 1.588828
77, 75, 1.333493
77, 76, 1.462625
77, 77, 1.415434
77, 78, 1.898824
77, 79, 2.837563
77, 80, 2.444464
77, 81, 1.019424
77, 82, -0.115687
77, 83, 0.643627
77, 84, 1.219994
77, 85, 2.702708
77, 86, 3.343922
77, 87, 2.334270
77, 88, 1.343470
77, 89, 0.736955
77, 90, 0.998429
77, 91, 1.366416
77, 92, 0.956003
77, 93, 2.351358
77, 94, 1.343571
77, 95, 1.018752
77, 96, 0.460913
77, 97, 4.288874
77, 98, 1.131511
77, 99, 1.547215
77, 100, 0.821057
77, 101, -0.031273
77, 102, 1.676026
77, 103, 0.000000
77, 104, 3.505825
77, 105, 2.686451
77, 106, 1.434119
77, 107, 1.664859
77, 108, 1.099974
77, 109, -0.016499
77, 110, 1.844712
77, 111, 1.194684
77, 112, 1.305155
77, 113, 3.583301
77, 114, 1.090727
77, 115, 1.786726
77, 116, 1.656590
77, 117, 2.071613
77, 118, 0.754997
77, 119, 1.193930
77, 120, 2.316929
77, 121, 3.549255
77, 122, 2.487146
77, 123, 0.891844
77, 124, 1.713165
77, 125, 4.257994
77, 126, 0.668250
77, 127, 0.855394
77, 128, 0.555081
77, 129, 0.109380
77, 130, 1.349575
77, 131, 1.749783
77, 132, 1.199875
77, 133, 0.443628
77, 134, 1.323709
77, 135, 0.925018
77, 136, 0.257150
77, 137, 1.797906
77, 138, 1.501984
77, 139, 0.943328
77, 140, 3.457559
77, 141, 1.639858
77, 142, 2.266605
77, 143, 1.466933
77, 144, 0.707261
77, 145, 1.382525
77, 146, 1.796773
77, 147, 3.735554
77, 148, 2.173236
77, 149, 3.471848
77, 150, 1.462988
77, 151, 1.985157
77, 152, 1.850799
77, 153, -0.093262
77, 154, 1.528810
77, 155, 1.605371
77, 156, -0.010000
77, 157, 2.850818
77, 158, 1.744385
77, 159, 1.691154
77, 160, 2.897921
77, 161, 1.517908
77, 162, 3.322482
77, 163, 2.048164
77, 164, 3.356960
77, 165, 2.972567
77, 166, 3.609803
77, 167, 1.185556
77, 168, 0.834444
77, 169, 1.632936
77, 170, 1.498670
77, 171, 1.522368
77, 172, 1.477977
77, 173, 2.567667
77, 174, 1.870713
77, 175, 1.079595
77, 176, 2.770822
77, 177, 2.459522
77, 178, 0.771568
77, 179, 2.767773
77, 180, 3.365561
77, 181, 1.174950
77, 182, 3.058604
77, 183, -0.040000
77, 184, 0.981908
77, 185, 1.879690
77, 186, 3.279882
77, 187, -0.018627
77, 188, 2.174280
77, 189, 3.283692
77, 190, 2.503632
77, 191, 0.717938
77, 192, 2.186740
77, 193, 2.681437
77, 194, 1.308237
77, 195, 0.566804
77, 196, 3.962389
77, 197, 2.240311
77, 198, 1.909053
77, 199, 1.501897
79, 0, 1.712482
79, 1, 1.149992
79, 2, 2.172351
79, 3, 0.995350
79, 4, 1.626882
79, 5, 2.221420
79, 6, 0.000000
79, 7, 1.242686
79, 8, 3.360381
79, 9, 1.710340
79, 10, 1.937090
79, 11, 2.202171
79, 12, 2.594886
79, 13, 0.582695
79, 14, 2.552251
79, 15, 2.451734
79, 16, 1.115437
79, 17, 2.964331
79, 18, 3.585505
79, 19, 2.034723
79, 20, 4.272843
79, 21, 0.615302
79, 22, 1.651123
79, 23, 1.260239
79, 24, 1.374501
79, 25, 2.046121
79, 26, 1.571710
79, 27, 1.061484
79, 28, 2.044532
79, 29, 1.563481
79, 30, 1.045004
79, 31, 2.280595
79, 32, 0.459092
79, 33, 2.402146
79, 34, 2.379059
79, 35, 2.603826
79, 36, 1.683968
79, 37, 1.252740
79, 38, 0.371180
79, 39, 1.578177
79, 40, 2.197766
79, 41, 0.763775
79, 42, 1.045855
79, 43, 1.314096
79, 44, 0.519650
79, 45, 1.359676
79, 46, 2.316694
79, 47, 1.415481
79, 48, 1.609510
79, 49, 0.943833
79, 50, 1.132305
79, 51, 1.144516
79, 52, 1.018633
79, 53, -0.000015
79, 54, 2.669875
79, 55, 2.041474
79, 56, 1.912481
79, 57, 2.343519
79, 58, 0.829374
79, 59, 1.625416
79, 60, -0.255884
79, 61, 0.822834
79, 62, 1.864440
79, 63, 1.618869
79, 64, 1.833662
79, 65, 3.513624
79, 66, 1.385779
79, 67, 1.709433
79, 68, 2.352417
79, 69, 2.108080
79, 70, 2.954904
79, 71, 2.391559
79, 72, 3.786252
79, 73, 3.031525
79, 74, 1.588828
79, 75, 1.333493
79, 76, 1.462625
79, 77, 1.411750
79, 78, 1.902041
79, 79, 2.837661
79, 80, 2.448997
79, 81, 1.019424
79, 82, -0.117989
79, 83, 0.643627
79, 84, 1.219994
79, 85, 2.704156
79, 86, 3.344677
79, 87, 2.334270
79, 88, 1.381924
79, 89, 0.736955
79, 90, 1.005692
79, 91, 1.370895
79, 92, 0.956003
79, 93, 2.360608
79, 94, 1.343840
79, 95, 1.014921
79, 96, 0.460913
79, 97, 4.291344
79, 98, 1.189142
79, 99, 1.547215
79, 100, 0.830619
79, 101, -0.031273
79, 102, 1.676026
79, 103, 0.000000
79, 104, 3.506170
79, 105, 2.658071
79, 106, 1.434119
79, 107, 1.716428
79, 108, 1.099974
79, 109, -0.016499
79, 110, 1.850263
79, 111, 1.194684
79, 112, 1.310851
79, 113, 3.583302
79, 114, 1.090727
79, 115, 1.786726
79, 116, 1.656590
79, 117, 2.071613
79, 118, 0.754997
79, 119, 1.227027
79, 120, 2.324648
79, 121, 3.512407
79, 122, 2.487146
79, 123, 0.891844
79, 124, 1.729636
79, 125, 4.251410
79, 126, 0.702603
79, 127, 0.865079
79, 128, 0.555081
79, 129, 0.109380
79, 130, 1.370887
79, 131, 1.749788
79, 132, 1.199875
79, 133, 0.494260
79, 134, 1.286034
79, 135, 0.925018
79, 136, 0.257150
79, 137, 1.798138
79, 138, 1.479840
79, 139, 0.943328
79, 140, 3.459639
79, 141, 1.650467
79, 142, 2.276172
79, 143, 1.530881
79, 144, 0.707261
79, 145, 1.382525
79, 146, 1.818905
79, 147, 3.732072
79, 148, 2.191859
79, 149, 3.476234
79, 150, 1.462988
79, 151, 1.985157
79, 152, 1.868937
79, 153, -0.076882
79, 154, 1.528810
79, 155, 1.626320
79, 156, -0.010000
79, 157, 2.857570
79, 158, 1.744385
79, 159, 1.699154
79, 160, 2.909867
79, 161, 1.531437
79, 162, 3.325900
79, 163, 2.100370
79, 164, 3.356968
79, 165, 2.974421
79, 166, 3.614140
79, 167, 1.185556
79, 168, 0.787355
79, 169, 1.639293
79, 170, 1.498670
79, 171, 1.503467
79, 172, 1.489607
79, 173, 2.582430
79, 174, 1.870272
79, 175, 1.079595
79, 176, 2.797915
79, 177, 2.468414
79, 178, 0.771568
79, 179, 2.788277
79, 180, 3.371043
79, 181, 1.174950
79, 182, 3.058604
79, 183, -0.040000
79, 184, 1.001121
79, 185, 1.879690
79, 186, 3.275039
79, 187, -0.018627
79, 188, 2.173825
79, 189, 3.245432
79, 190, 2.486794
79, 191, 0.717938
79, 192, 2.184940
79, 193, 2.683524
79, 194, 1.319938
79, 195, 0.566804
79, 196, 3.964617
79, 197, 2.257616
79, 198, 1.938675
79, 199, 1.501897
81, 0, 1.712482
81, 1, 1.202306
81, 2, 2.172575
81, 3, 1.006737
81, 4, 1.626882
81, 5, 2.211148
81, 6, 0.000000
81, 7, 1.243562
81, 8, 3.361924
81, 9, 1.710340
81, 10, 1.936054
81, 11, 2.213874
81, 12, 2.589861
81, 13, 0.585607
81, 14, 2.552471
81, 15, 2.451709
81, 16, 1.115437
81, 17, 2.966904
81, 18, 3.588087
81, 19, 2.024523
81, 20, 4.277667
81, 21, 0.615302
81, 22, 1.651123
81, 23, 1.260239
81, 24, 1.374501
81, 25, 2.046121
81, 26, 1.574026
81, 27, 1.025522
81, 28, 2.035965
81, 29, 1.563481
81, 30, 1.045004
81, 31, 2.281684
81, 32, 0.459092
81, 33, 2.402146
81, 34, 2.364169
81, 35, 2.603113
81, 36, 1.683968
81, 37, 1.192975
81, 38, 0.371180
81, 39, 1.578177
81, 40, 2.212618
81, 41, 0.763775
81, 42, 1.045855
81, 43, 1.314096
81, 44, 0.519650
81, 45, 1.359676
81, 46, 2.300073
81, 47, 1.415481
81, 48, 1.655853
81, 49, 0.883341
81, 50, 1.156917
81, 51, 1.144516
81, 52, 1.018633
81, 53, -0.000015
81, 54, 2.699758
81, 55, 2.052691
81, 56, 1.920829
81, 57, 2.365039
81, 58, 0.829374
81, 59, 1.643175
81, 60, -0.277069
81, 61, 0.845457
81, 62, 1.867542
81, 63, 1.618798
81, 64, 1.833662
81, 65, 3.513767
81, 66, 1.398930
81, 67, 1.786865
81, 68, 2.354399
81, 69, 2.139551
81, 70, 2.954526
81, 71, 2.391559
81, 72, 3.785419
81, 73, 3.046572
81, 74, 1.588828
81, 75, 1.333493
81, 76, 1.456380
81, 77, 1.411750
81, 78, 1.905068
81, 79, 2.837667
81, 80, 2.477977
81, 81, 1.019424
81, 82, -0.119795
81, 83, 0.643627
81, 84, 1.219994
81, 85, 2.704751
81, 86, 3.345256
81, 87, 2.334270
81, 88, 1.398646
81, 89, 0.736955
81, 90, 1.011724
81, 91, 1.375333
81, 92, 0.956003
81, 93, 2.379886
81, 94, 1.366305
81, 95, 1.004344
81, 96, 0.460913
81, 97, 4.293206
81, 98, 1.243176
81, 99, 1.547215
81, 100, 0.838579
81, 101, -0.031273
81, 102, 1.676026
81, 103, 0.000000
81, 104, 3.508358
81, 105, 2.694661
81, 106, 1.434119
81, 107, 1.717997
81, 108, 1.099974
81, 109, -0.016499
81, 110, 1.846784
81, 111, 1.194684
81, 112, 1.315959
81, 113, 3.579534
81, 114, 1.090727
81, 115, 1.786726
81, 116, 1.656590
81, 117, 2.071613
81, 118, 0.754997
81, 119, 1.257913
81, 120, 2.350061
81, 121, 3.535338
81, 122, 2.487146
81, 123, 0.891844
81, 124, 1.744828
81, 125, 4.262789
81, 126, 0.735032
81, 127, 0.868809
81, 128, 0.555081
81, 129, 0.109380
81, 130, 1.388334
81, 131, 1.749790
81, 132, 1.199875
81, 133, 0.526324
81, 134, 1.238792
81, 135, 0.845826
81, 136, 0.257150
81, 137, 1.798460
81, 138, 1.448687
81, 139, 0.943328
81, 140, 3.460335
81, 141, 1.660029
81, 142, 2.289758
81, 143, 1.591254
81, 144, 0.707261
81, 145, 1.382525
81, 146, 1.825386
81, 147, 3.732658
81, 148, 2.201515
81, 149, 3.480616
81, 150, 1.462988
81, 151, 1.985157
81, 152, 1.885665
81, 153, -0.061119
81, 154, 1.528810
81, 155, 1.645751
81, 156, -0.010000
81, 157, 2.857570
81, 158, 1.744385
81, 159, 1.703705
81, 160, 2.925018
81, 161, 1.541704
81, 162, 3.292409
81, 163, 2.148482
81, 164, 3.357107
81, 165, 2.975552
81, 166, 3.617944
81, 167, 1.185556
81, 168, 0.787355
81, 169, 1.647444
81, 170, 1.498670
81, 171, 1.505862
81, 172, 1.495079
81, 173, 2.599781
81, 174, 1.869805
81, 175, 1.079595
81, 176, 2.814825
81, 177, 2.477162
81, 178, 0.771568
81, 179, 2.811233
81, 180, 3.377741
81, 181, 1.174950
81, 182, 3.058604
81, 183, -0.040000
81, 184, 1.013335
81, 185, 1.879690
81, 186, 3.265667
81, 187, -0.018627
81, 188, 2.192677
81, 189, 3.246557
81, 190, 2.479218
81, 191, 0.717938
81, 192, 2.182214
81, 193, 2.692478
81, 194, 1.330321
81, 195, 0.566804
81, 196, 3.968211
81, 197, 2.274437
81, 198, 1.945078
81, 199, 1.501897
83, 0, 1.712482
83, 1, 1.214278
83, 2, 2.193279
83, 3, 1.017770
83, 4, 1.626882
83, 5, 2.203462
83, 6, 0.000000
83, 7, 1.244126
83, 8, 3.363250
83, 9, 1.710340
83, 10, 1.935785
83, 11, 2.223334
83, 12, 2.587168
83, 13, 0.544406
83, 14, 2.555280
83, 15, 2.454138
83, 16, 1.115437
83, 17, 2.969087
83, 18, 3.587204
83, 19, 2.056584
83, 20, 4.282497
83, 21, 0.615302
83, 22, 1.651123
83, 23, 1.260239
83, 24, 1.374501
83, 25, 2.046121
83, 26, 1.584865
83, 27, 1.025522
83, 28, 2.022283
83, 29, 1.575242
83, 30, 1.045004
83, 31, 2.310091
83, 32, 0.459092
83, 33, 2.402146
83, 34, 2.389048
83, 35, 2.605222
83, 36, 1.668598
83, 37, 1.192975
83, 38, 0.371180
83, 39, 1.578177
83, 40, 2.226636
83, 41, 0.763775
83, 42, 1.045855
83, 43, 1.314096
83, 44, 0.519650
83, 45, 1.359676
83, 46, 2.306548
83, 47, 1.415481
83, 48, 1.699888
83, 49, 0.822502
83, 50, 1.180340
83, 51, 1.144516
83, 52, 1.018633
83, 53, -0.000015
83, 54, 2.744708
83, 55, 2.075171
83, 56, 1.928506
83, 57, 2.428890
83, 58, 0.829374
83, 59, 1.658292
83, 60, -0.298331
83, 61, 0.888698
83, 62, 1.902920
83, 63, 1.613723
83, 64, 1.833662
83, 65, 3.513827
83, 66, 1.410922
83, 67, 1.858287
83, 68, 2.350550
83, 69, 2.168559
83, 70, 2.953058
83, 71, 2.391559
83, 72, 3.790283
83, 73, 3.053568
83, 74, 1.588828
83, 75, 1.333493
83, 76, 1.449641
83, 77, 1.411750
83, 78, 1.907942
83, 79, 2.837667
83, 80, 2.485537
83, 81, 1.019424
83, 82, -0.119020
83, 83, 0.643627
83, 84, 1.219994
83, 85, 2.725888
83, 86, 3.349623
83, 87, 2.334270
83, 88, 1.398646
83, 89, 0.736955
83, 90, 0.955788
83, 91, 1.368945
83, 92, 0.956003
83, 93, 2.441286
83, 94, 1.372146
83, 95, 1.025690
83, 96, 0.460913
83, 97, 4.295440
83, 98, 1.293845
83, 99, 1.547215
83, 100, 0.843494
83, 101, -0.031273
83, 102, 1.676026
83, 103, 0.000000
83, 104, 3.513538
83, 105, 2.701241
83, 106, 1.434119
83, 107, 1.694794
83, 108, 1.099974
83, 109, -0.016499
83, 110, 1.840860
83, 111, 1.194684
83, 112, 1.319931
83, 113, 3.546671
83, 114, 1.090727
83, 115, 1.786726
83, 116, 1.656590
83, 117, 2.071613
83, 118, 0.754997
83, 119, 1.289863
83, 120, 2.364046
83, 121, 3.475423
83, 122, 2.487146
83, 123, 0.891844
83, 124, 1.758842
83, 125, 4.253963
83, 126, 0.764616
83, 127, 0.874371
83, 128, 0.555081
83, 129, 0.115534
83, 130, 1.395159
83, 131, 1.749791
83, 132, 1.199875
83, 133, 0.570180
83, 134, 1.204069
83, 135, 0.845826
83, 136, 0.257150
83, 137, 1.798211
83, 138, 1.237105
83, 139, 0.943328
83, 140, 3.466377
83, 141, 1.668635
83, 142, 2.330950
83, 143, 1.647807
83, 144, 0.707261
83, 145, 1.393686
83, 146, 1.830703
83, 147, 3.732899
83, 148, 2.220986
83, 149, 3.484227
83, 150, 1.462988
83, 151, 1.985157
83, 152, 1.901090
83, 153, -0.050398
83, 154, 1.528810
83, 155, 1.663327
83, 156, -0.010000
83, 157, 2.868971
83, 158, 1.744385
83, 159, 1.704700
83, 160, 2.933602
83, 161, 1.548146
83, 162, 3.309539
83, 163, 2.192782
83, 164, 3.357314
83, 165, 2.976469
83, 166, 3.624464
83, 167, 1.185556
83, 168, 0.787355
83, 169, 1.652121
83, 170, 1.498670
83, 171, 1.524014
83, 172, 1.500334
83, 173, 2.617109
83, 174, 1.917004
83, 175, 1.079595
83, 176, 2.837239
83, 177, 2.447443
83, 178, 0.771568
83, 179, 2.828743
83, 180, 3.383813
83, 181, 1.174950
83, 182, 3.058604
83, 183, -0.040000
83, 184, 1.021123
83, 185, 1.879690
83, 186, 3.277216
83, 187, -0.000789
83, 188, 2.194746
83, 189, 3.225363
83, 190, 2.479218
83, 191, 0.717938
83, 192, 2.180325
83, 193, 2.704742
83, 194, 1.339774
83, 195, 0.566804
83, 196, 3.974202
83, 197, 2.298662
83, 198, 1.790713
83, 199, 1.501897
85, 0, 1.712482
85, 1, 1.231678
85, 2, 2.200798
85, 3, 1.028042
85, 4, 1.626882
85, 5, 2.194844
85, 6, 0.000000
85, 7, 1.244126
85, 8, 3.366570
85, 9, 1.710340
85, 10, 1.935710
85, 11, 2.230941
85, 12, 2.579486
85, 13, 0.535087
85, 14, 2.556179
85, 15, 2.456632
85, 16, 1.115437
85, 17, 2.969532
85, 18, 3.586626
85, 19, 2.119707
85, 20, 4.284398
85, 21, 0.615302
85, 22, 1.651123
85, 23, 1.260239
85, 24, 1.374501
85, 25, 2.046121
85, 26, 1.589626
85, 27, 1.025522
85, 28, 2.010971
85, 29, 1.596857
85, 30, 0.998656
85, 31, 2.306079
85, 32, 0.459092
85, 33, 2.402146
85, 34, 2.323980
85, 35, 2.605221
85, 36, 1.647458
85, 37, 1.192975
85, 38, 0.371180
85, 39, 1.578177
85, 40, 2.248757
85, 41, 0.763775
85, 42, 1.045855
85, 43, 1.314096
85, 44, 0.519650
85, 45, 1.359676
85, 46, 2.288223
85, 47, 1.415481
85, 48, 1.741695
85, 49, 0.822502
85, 50, 1.202695
85, 51, 1.155506
85, 52, 1.018633
85, 53, -0.000015
85, 54, 2.687929
85, 55, 2.081630
85, 56, 1.930334
85, 57, 2.449572
85, 58, 0.829374
85, 59, 1.671309
85, 60, -0.319378
85, 61, 0.929915
85, 62, 1.892029
85, 63, 1.609953
85, 64, 1.833662
85, 65, 3.513852
85, 66, 1.448946
85, 67, 1.940097
85, 68, 2.353202
85, 69, 2.195282
85, 70, 2.948892
85, 71, 2.391942
85, 72, 3.790834
85, 73, 3.068664
85, 74, 1.588828
85, 75, 1.333493
85, 76, 1.449641
85, 77, 1.411750
85, 78, 1.910689
85, 79, 2.837667
85, 80, 2.492018
85, 81, 1.019424
85, 82, -0.118175
85, 83, 0.643627
85, 84, 1.219994
85, 85, 2.727181
85, 86, 3.349672
85, 87, 2.334270
85, 88, 1.398646
85, 89, 0.736955
85, 90, 0.926157
85, 91, 1.366509
85, 92, 0.956003
85, 93, 2.452935
85, 94, 1.414134
85, 95, 1.040497
85, 96, 0.460913
85, 97, 4.296650
85, 98, 1.341359
85, 99, 1.547215
85, 100, 0.814930
85, 101, -0.031273
85, 102, 1.676026
85, 103, 0.000000
85, 104, 3.515710
85, 105, 2.698037
85, 106, 1.434119
85, 107, 1.698538
85, 108, 1.099974
85, 109, -0.016499
85, 110, 1.844531
85, 111, 1.194684
85, 112, 1.323417
85, 113, 3.548019
85, 114, 1.090727
85, 115, 1.786726
85, 116, 1.656590
85, 117, 2.071613
85, 118, 0.754997
85, 119, 1.322286
85, 120, 2.366616
85, 121, 3.535657
85, 122, 2.487146
85, 123, 0.891844
85, 124, 1.801390
85, 125, 4.275500
85, 126, 0.791625
85, 127, 0.867139
85, 128, 0.555081
85, 129, 0.074872
85, 130, 1.397696
85, 131, 1.749791
85, 132, 1.199875
85, 133, 0.616526
85, 134, 1.165754
85, 135, 0.845826
85, 136, 0.257150
85, 137, 1.797945
85, 138, 1.259531
85, 139, 0.943328
85, 140, 3.477586
85, 141, 1.693196
85, 142, 2.439188
85, 143, 1.700754
85, 144, 0.707261
85, 145, 1.406495
85, 146, 1.875204
85, 147, 3.709747
85, 148, 2.224314
85, 149, 3.492029
85, 150, 1.462988
85, 151, 1.985157
85, 152, 1.908346
85, 153, -0.039804
85, 154, 1.528810
85, 155, 1.718611
85, 156, -0.010000
85, 157, 2.862509
85, 158, 1.744385
85, 159, 1.705131
85, 160, 2.937108
85, 161, 1.562972
85, 162, 3.293742
85, 163, 2.243332
85, 164, 3.357347
85, 165, 2.977342
85, 166, 3.628361
85, 167, 1.185556
85, 168, 0.728532
85, 169, 1.652121
85, 170, 1.498670
85, 171, 1.540242
85, 172, 1.511917
85, 173, 2.620352
85, 174, 1.938216
85, 175, 1.079595
85, 176, 2.904273
85, 177, 2.465558
85, 178, 0.771568
85, 179, 2.842134
85, 180, 3.388451
85, 181, 1.174950
85, 182, 3.058604
85, 183, -0.040000
85, 184, 1.026091
85, 185, 1.879690
85, 186, 3.275943
85, 187, -0.000789
85, 188, 2.196487
85, 189, 3.199427
85, 190, 2.479218
85, 191, 0.717938
85, 192, 2.194485
85, 193, 2.714195
85, 194, 1.348222
85, 195, 0.566804
85, 196, 3.975306
85, 197, 2.330858
85, 198, 1.708057
85, 199, 1.501897
87, 0, 1.712482
87, 1, 1.250762
87, 2, 2.198434
87, 3, 1.037603
87, 4, 1.626882
87, 5, 2.186574
87, 6, 0.000000
87, 7, 1.244126
87, 8, 3.332134
87, 9, 1.710340
87, 10, 1.935692
87, 11, 2.237030
87, 12, 2.578057
87, 13, 0.560537
87, 14, 2.556550
87, 15, 2.456442
87, 16, 1.115437
87, 17, 2.970450
87, 18, 3.588444
87, 19, 2.167685
87, 20, 4.288497
87, 21, 0.615302
87, 22, 1.651123
87, 23, 1.260239
87, 24, 1.374501
87, 25, 2.046121
87, 26, 1.594053
87, 27, 1.025522
87, 28, 2.001683
87, 29, 1.612331
87, 30, 0.998656
87, 31, 2.320569
87, 32, 0.459092
87, 33, 2.402146
87, 34, 2.373499
87, 35, 2.604765
87, 36, 1.640744
87, 37, 1.147381
87, 38, 0.371180
87, 39, 1.578177
87, 40, 2.260681
87, 41, 0.763775
87, 42, 1.045855
87, 43, 1.314096
87, 44, 0.519650
87, 45, 1.359676
87, 46, 2.268631
87, 47, 1.436059
87, 48, 1.781279
87, 49, 0.771901
87, 50, 1.224103
87, 51, 1.155506
87, 52, 1.018633
87, 53, -0.000015
87, 54, 2.703598
87, 55, 2.066823
87, 56, 1.931409
87, 57, 2.509065
87, 58, 0.829374
87, 59, 1.682435
87, 60, -0.340096
87, 61, 0.967953
87, 62, 1.894915
87, 63, 1.608367
87, 64, 1.833662
87, 65, 3.435120
87, 66, 1.461165
87, 67, 1.999103
87, 68, 2.340858
87, 69, 2.219882
87, 70, 2.950926
87, 71, 2.392187
87, 72, 3.794368
87, 73, 3.080389
87, 74, 1.588828
87, 75, 1.333493
87, 76, 1.449641
87, 77, 1.411750
87, 78, 1.913334
87, 79, 2.839417
87, 80, 2.500723
87, 81, 1.019424
87, 82, -0.117745
87, 83, 0.643627
87, 84, 1.219994
87, 85, 2.747613
87, 86, 3.352006
87, 87, 2.334270
87, 88, 1.398646
87, 89, 0.736955
87, 90, 0.779888
87, 91, 1.363017
87, 92, 0.956003
87, 93, 2.461040
87, 94, 1.436746
87, 95, 1.040573
87, 96, 0.460913
87, 97, 4.298669
87, 98, 1.385906
87, 99, 1.502590
87, 100, 0.814930
87, 101, -0.031273
87, 102, 1.676026
87, 103, 0.000000
87, 104, 3.517959
87, 105, 2.692951
87, 106, 1.431670
87, 107, 1.687020
87, 108, 1.099974
87, 109, -0.016499
87, 110, 1.849012
87, 111, 1.194684
87, 112, 1.326609
87, 113, 3.558320
87, 114, 1.090727
87, 115, 1.786726
87, 116, 1.656590
87, 117, 2.071613
87, 118, 0.754997
87, 119, 1.358051
87, 120, 2.369325
87, 121, 3.476057
87, 122, 2.490939
87, 123, 0.891844
87, 124, 1.826864
87, 125, 4.259022
87, 126, 0.817583
87, 127, 0.841771
87, 128, 0.555081
87, 129, 0.074872
87, 130, 1.415856
87, 131, 1.749791
87, 132, 1.199875
87, 133, 0.670452
87, 134, 1.165754
87, 135, 0.845826
87, 136, 0.257150
87, 137, 1.798003
87, 138, 1.247875
87, 139, 0.943328
87, 140, 3.482944
87, 141, 1.720332
87, 142, 2.504294
87, 143, 1.750204
87, 144, 0.707261
87, 145, 1.426284
87, 146, 1.890151
87, 147, 3.725429
87, 148, 2.217055
87, 149, 3.496397
87, 150, 1.462988
87, 151, 1.985157
87, 152, 1.922001
87, 153, -0.029267
87, 154, 1.528810
87, 155, 1.737448
87, 156, -0.010000
87, 157, 2.859321
87, 158, 1.735116
87, 159, 1.705978
87, 160, 2.945781
87, 161, 1.567122
87, 162, 3.302366
87, 163, 2.279627
87, 164, 3.356886
87, 165, 2.978161
87, 166, 3.631784
87, 167, 1.185556
87, 168, 0.719996
87, 169, 1.652121
87, 170, 1.498670
87, 171, 1.554614
87, 172, 1.529757
87, 173, 2.636058
87, 174, 1.908893
87, 175, 1.079595
87, 176, 2.921740
87, 177, 2.471483
87, 178, 0.771568
87, 179, 2.860360
87, 180, 3.407498
87, 181, 1.174950
87, 182, 3.058604
87, 183, -0.040000
87, 184, 1.108162
87, 185, 1.879690
87, 186, 3.284907
87, 187, -0.000789
87, 188, 2.213983
87, 189, 3.179657
87, 190, 2.479218
87, 191, 0.717938
87, 192, 2.191898
87, 193, 2.673746
87, 194, 1.355803
87, 195, 0.566804
87, 196, 3.981219
87, 197, 2.350625
87, 198, 1.719270
87, 199, 1.501897
89, 0, 1.712482
89, 1, 1.260789
89, 2, 2.197658
89, 3, 1.046644
89, 4, 1.626882
89, 5, 2.178734
89, 6, 0.000000
89, 7, 1.244126
89, 8, 3.343703
89, 9, 1.710340
89, 10, 1.941775
89, 11, 2.241895
89, 12, 2.583133
89, 13, 0.576343
89, 14, 2.558646
89, 15, 2.442591
89, 16, 1.115437
89, 17, 2.971071
89, 18, 3.588115
89, 19, 2.213931
89, 20, 4.287199
89, 21, 0.615302
89, 22, 1.651123
89, 23, 1.260239
89, 24, 1.374501
89, 25, 2.046121
89, 26, 1.605003
89, 27, 1.025522
89, 28, 1.990189
89, 29, 1.626603
89, 30, 0.951535
89, 31, 2.344952
89, 32, 0.459092
89, 33, 2.402146
89, 34, 2.352774
89, 35, 2.606139
89, 36, 1.636287
89, 37, 1.147381
89, 38, 0.371180
89, 39, 1.567555
89, 40, 2.279274
89, 41, 0.763775
89, 42, 1.045855
89, 43, 1.314096
89, 44, 0.519650
89, 45, 1.359676
89, 46, 2.273904
89, 47, 1.444977
89, 48, 1.818403
89, 49, 0.771901
89, 50, 1.244675
89, 51, 1.155506
89, 52, 1.018633
89, 53, -0.000015
89, 54, 2.738374
89, 55, 2.083515
89, 56, 1.930425
89, 57, 2.530120
89, 58, 0.829374
89, 59, 1.691667
89, 60, -0.360362
89, 61, 1.003792
89, 62, 1.926199
89, 63, 1.608328
89, 64, 1.833662
89, 65, 3.461357
89, 66, 1.472374
89, 67, 2.053527
89, 68, 2.331710
89, 69, 2.242501
89, 70, 2.953652
89, 71, 2.392187
89, 72, 3.796694
89, 73, 3.090932
89, 74, 1.588828
89, 75, 1.333493
89, 76, 1.449641
89, 77, 1.411750
89, 78, 1.915896
89, 79, 2.848893
89, 80, 2.530829
89, 81, 1.019424
89, 82, -0.116380
89, 83, 0.643627
89, 84, 1.219994
89, 85, 2.749429
89, 86, 3.355470
89, 87, 2.334270
89, 88, 1.398646
89, 89, 0.736955
89, 90, 0.779888
89, 91, 1.355825
89, 92, 0.956003
89, 93, 2.471191
89, 94, 1.453514
89, 95, 1.031353
89, 96, 0.460913
89, 97, 4.300252
89, 98, 1.427653
89, 99, 1.470155
89, 100, 0.814930
89, 101, -0.031273
89, 102, 1.676026
89, 103, 0.000000
89, 104, 3.520372
89, 105, 2.702834
89, 106, 1.431670
89, 107, 1.707635
89, 108, 1.099974
89, 109, -0.016499
89, 110, 1.850257
89, 111, 1.194684
89, 112, 1.329261
89, 113, 3.558416
89, 114, 1.090727
89, 115, 1.786726
89, 116, 1.656590
89, 117, 2.071613
89, 118, 0.754997
89, 119, 1.392459
89, 120, 2.370410
89, 121, 3.528099
89, 122, 2.490939
89, 123, 0.891844
89, 124, 1.849542
89, 125, 4.278609
89, 126, 0.841675
89, 127, 0.841771
89, 128, 0.555081
89, 129, 0.074872
89, 130, 1.417019
89, 131, 1.749791
89, 132, 1.199875
89, 133, 0.723888
89, 134, 1.165754
89, 135, 0.759930
89, 136, 0.257150
89, 137, 1.797889
89, 138, 1.226321
89, 139, 0.943328
89, 140, 3.478145
89, 141, 1.747499
89, 142, 2.537360
89, 143, 1.796016
89, 144, 0.707261
89, 145, 1.444701
89, 146, 1.897302
89, 147, 3.704177
89, 148, 2.217793
89, 149, 3.500676
89, 150, 1.462988
89, 151, 1.985157
89, 152, 1.934586
89, 153, -0.021353
89, 154, 1.528810
89, 155, 1.754574
89, 156, -0.010000
89, 157, 2.854784
89, 158, 1.728616
89, 159, 1.713804
89, 160, 2.946852
89, 161, 1.570598
89, 162, 3.297537
89, 163, 2.312811
89, 164, 3.357097
89, 165, 2.978406
89, 166, 3.630749
89, 167, 1.185556
89, 168, 0.719996
89, 169, 1.653698
89, 170, 1.498670
89, 171, 1.567204
89, 172, 1.533441
89, 173, 2.637907
89, 174, 1.904950
89, 175, 1.079595
89, 176, 2.950960
89, 177, 2.477255
89, 178, 0.771568
89, 179, 2.868564
89, 180, 3.427573
89, 181, 1.151017
89, 182, 3.058604
89, 183, -0.040000
89, 184, 1.174126
89, 185, 1.879690
89, 186, 3.263601
89, 187, -0.000789
89, 188, 2.261775
89, 189, 3.167788
89, 190, 2.479218
89, 191, 0.717938
89, 192, 2.188442
89, 193, 2.695183
89, 194, 1.362761
89, 195, 0.566804
89, 196, 3.978202
89, 197, 2.367145
89, 198, 1.640967
89, 199, 1.501897
91, 0, 1.712482
91, 1, 1.270785
91, 2, 2.197162
91, 3, 1.055321
91, 4, 1.626882
91, 5, 2.172641
91, 6, 0.000000
91, 7, 1.244126
91, 8, 3.350166
91, 9, 1.710340
91, 10, 1.942040
91, 11, 2.244333
91, 12, 2.583806
91, 13, 0.586122
91, 14, 2.581570
91, 15, 2.433494
91, 16, 0.962403
91, 17, 2.973261
91, 18, 3.587906
91, 19, 2.234304
91, 20, 4.282646
91, 21, 0.615302
91, 22, 1.651123
91, 23, 1.260239
91, 24, 1.374501
91, 25, 2.046121
91, 26, 1.609940
91, 27, 1.025522
91, 28, 1.980177
91, 29, 1.639767
91, 30, 0.904195
91, 31, 2.362324
91, 32, 0.459092
91, 33, 2.402146
91, 34, 2.353242
91, 35, 2.606092
91, 36, 1.620981
91, 37, 1.147381
91, 38, 0.371180
91, 39, 1.567555
91, 40, 2.297071
91, 41, 0.763775
91, 42, 0.966425
91, 43, 1.314096
91, 44, 0.519650
91, 45, 1.359676
91, 46, 2.168229
91, 47, 1.455129
91, 48, 1.765168
91, 49, 0.771901
91, 50, 1.264500
91, 51, 1.156418
91, 52, 1.018633
91, 53, -0.000015
91, 54, 2.698034
91, 55, 2.087048
91, 56, 1.932131
91, 57, 2.567565
91, 58, 0.829374
91, 59, 1.691667
91, 60, -0.360362
91, 61, 1.020806
91, 62, 1.914143
91, 63, 1.608539
91, 64, 1.833662
91, 65, 3.436298
91, 66, 1.482652
91, 67, 2.103724
91, 68, 2.318033
91, 69, 2.280008
91, 70, 2.952135
91, 71, 2.392187
91, 72, 3.796774
91, 73, 3.103000
91, 74, 1.588828
91, 75, 1.333493
91, 76, 1.449641
91, 77, 1.411750
91, 78, 1.916496
91, 79, 2.855743
91, 80, 2.538923
91, 81, 1.019424
91, 82, -0.116155
91, 83, 0.643627
91, 84, 1.219994
91, 85, 2.784436
91, 86, 3.355140
91, 87, 2.334270
91, 88, 1.398646
91, 89, 0.736955
91, 90, 0.738225
91, 91, 1.355471
91, 92, 0.956003
91, 93, 2.505887
91, 94, 1.468700
91, 95, 1.032859
91, 96, 0.460913
91, 97, 4.301793
91, 98, 1.403572
91, 99, 1.361910
91, 100, 0.814930
91, 101, -0.031273
91, 102, 1.676026
91, 103, 0.000000
91, 104, 3.522450
91, 105, 2.700602
91, 106, 1.431670
91, 107, 1.698108
91, 108, 1.099974
91, 109, -0.016499
91, 110, 1.849663
91, 111, 1.194684
91, 112, 1.331645
91, 113, 3.558448
91, 114, 1.090727
91, 115, 1.786726
91, 116, 1.656590
91, 117, 2.071613
91, 118, 0.754997
91, 119, 1.425706
91, 120, 2.375879
91, 121, 3.568806
91, 122, 2.491351
91, 123, 0.891844
91, 124, 1.869329
91, 125, 4.276896
91, 126, 0.864783
91, 127, 0.841771
91, 128, 0.555081
91, 129, 0.074872
91, 130, 1.434462
91, 131, 1.749791
91, 132, 1.199875
91, 133, 0.817721
91, 134, 1.165754
91, 135, 0.759930
91, 136, 0.257150
91, 137, 1.797655
91, 138, 1.203002
91, 139, 0.943328
91, 140, 3.481018
91, 141, 1.768831
91, 142, 2.582885
91, 143, 1.838171
91, 144, 0.707261
91, 145, 1.461846
91, 146, 1.896638
91, 147, 3.640372
91, 148, 2.217886
91, 149, 3.504565
91, 150, 1.462988
91, 151, 1.985157
91, 152, 1.946181
91, 153, -0.017122
91, 154, 1.528810
91, 155, 1.808053
91, 156, -0.010000
91, 157, 2.894378
91, 158, 1.712887
91, 159, 1.714942
91, 160, 2.950066
91, 161, 1.562157
91, 162, 3.296214
91, 163, 2.343007
91, 164, 3.357113
91, 165, 2.979316
91, 166, 3.633155
91, 167, 1.185556
91, 168, 0.719996
91, 169, 1.653698
91, 170, 1.498670
91, 171, 1.567204
91, 172, 1.551109
91, 173, 2.651689
91, 174, 1.825141
91, 175, 1.079595
91, 176, 2.955269
91, 177, 2.467809
91, 178, 0.771568
91, 179, 2.890996
91, 180, 3.440043
91, 181, 1.151017
91, 182, 3.058604
91, 183, -0.040000
91, 184, 1.240038
91, 185, 1.879690
91, 186, 3.267601
91, 187, -0.000789
91, 188, 2.271714
91, 189, 3.165973
91, 190, 2.479218
91, 191, 0.717938
91, 192, 2.187414
91, 193, 2.717309
91, 194, 1.369219
91, 195, 0.566804
91, 196, 3.956520
91, 197, 2.381745
91, 198, 1.680711
91, 199, 1.501897
93, 0, 1.712482
93, 1, 1.266696
93, 2, 2.196926
93, 3, 1.063431
93, 4, 1.626882
93, 5, 2.164850
93, 6, 0.000000
93, 7, 1.244126
93, 8, 3.286554
93, 9, 1.710340
93, 10, 1.933823
93, 11, 2.246577
93, 12, 2.582265
93, 13, 0.590915
93, 14, 2.582167
93, 15, 2.378810
93, 16, 0.894428
93, 17, 2.974405
93, 18, 3.586874
93, 19, 2.262113
93, 20, 4.286778
93, 21, 0.615302
93, 22, 1.666716
93, 23, 1.260239
93, 24, 1.374501
93, 25, 2.046121
93, 26, 1.620651
93, 27, 1.025522
93, 28, 1.962677
93, 29, 1.661565
93, 30, 0.904195
93, 31, 2.375866
93, 32, 0.459092
93, 33, 2.406365
93, 34, 2.380471
93, 35, 2.605670
93, 36, 1.599914
93, 37, 1.040519
93, 38, 0.375477
93, 39, 1.567555
93, 40, 2.322882
93, 41, 0.763775
93, 42, 0.803033
93, 43, 1.314096
93, 44, 0.519650
93, 45, 1.359676
93, 46, 2.184986
93, 47, 1.464217
93, 48, 1.810978
93, 49, 0.771901
93, 50, 1.358009
93, 51, 1.156418
93, 52, 1.018633
93, 53, -0.000015
93, 54, 2.746706
93, 55, 2.109421
93, 56, 1.933504
93, 57, 2.583061
93, 58, 0.829374
93, 59, 1.691667
93, 60, -0.360362
93, 61, 1.053223
93, 62, 1.942417
93, 63, 1.608697
93, 64, 1.833662
93, 65, 3.442972
93, 66, 1.492070
93, 67, 2.150016
93, 68, 2.309505
93, 69, 2.311617
93, 70, 2.953164
93, 71, 2.393775
93, 72, 3.797275
93, 73, 3.112635
93, 74, 1.588828
93, 75, 1.333493
93, 76, 1.449641
93, 77, 1.411750
93, 78, 1.916496
93, 79, 2.866539
93, 80, 2.545513
93, 81, 1.018140
93, 82, -0.115312
93, 83, 0.643627
93, 84, 1.219994
93, 85, 2.804267
93, 86, 3.359142
93, 87, 2.334270
93, 88, 1.398646
93, 89, 0.736955
93, 90, 0.738225
93, 91, 1.349190
93, 92, 0.956003
93, 93, 2.532705
93, 94, 1.471046
93, 95, 1.037907
93, 96, 0.460913
93, 97, 4.303743
93, 98, 1.440604
93, 99, 1.341713
93, 100, 0.814930
93, 101, -0.031273
93, 102, 1.676026
93, 103, 0.000000
93, 104, 3.523669
93, 105, 2.669716
93, 106, 1.431670
93, 107, 1.674575
93, 108, 1.099974
93, 109, -0.016499
93, 110, 1.837139
93, 111, 1.194684
93, 112, 1.333315
93, 113, 3.558461
93, 114, 1.090727
93, 115, 1.724657
93, 116, 1.656590
93, 117, 2.071613
93, 118, 0.754997
93, 119, 1.455387
93, 120, 2.401982
93, 121, 3.517075
93, 122, 2.491351
93, 123, 0.891844
93, 124, 1.884756
93, 125, 4.275124
93, 126, 0.885440
93, 127, 0.841771
93, 128, 0.555081
93, 129, 0.074872
93, 130, 1.435470
93, 131, 1.749791
93, 132, 1.199875
93, 133, 0.912403
93, 134, 1.165754
93, 135, 0.759930
93, 136, 0.257150
93, 137, 1.797693
93, 138, 1.165441
93, 139, 0.942766
93, 140, 3.489341
93, 141, 1.789103
93, 142, 2.637190
93, 143, 1.876893
93, 144, 0.707261
93, 145, 1.469971
93, 146, 1.903446
93, 147, 3.719862
93, 148, 2.219044
93, 149, 3.509250
93, 150, 1.462988
93, 151, 1.985157
93, 152, 1.956858
93, 153, -0.012503
93, 154, 1.528810
93, 155, 1.825872
93, 156, -0.010000
93, 157, 2.910672
93, 158, 1.756466
93, 159, 1.720520
93, 160, 2.950155
93, 161, 1.565446
93, 162, 3.300254
93, 163, 2.370600
93, 164, 3.357126
93, 165, 2.980045
93, 166, 3.638457
93, 167, 1.185556
93, 168, 0.719996
93, 169, 1.653698
93, 170, 1.498670
93, 171, 1.567204
93, 172, 1.556142
93, 173, 2.650959
93, 174, 1.817146
93, 175, 1.079595
93, 176, 3.000761
93, 177, 2.467636
93, 178, 0.771568
93, 179, 2.906409
93, 180, 3.457367
93, 181, 1.151017
93, 182, 3.058604
93, 183, -0.040000
93, 184, 1.291037
93, 185, 1.862116
93, 186, 3.278241
93, 187, -0.000789
93, 188, 2.290117
93, 189, 3.171465
93, 190, 2.479218
93, 191, 0.717938
93, 192, 2.182627
93, 193, 2.689480
93, 194, 1.375321
93, 195, 0.566804
93, 196, 3.981975
93, 197, 2.389580
93, 198, 1.729210
93, 199, 1.501897
95, 0, 1.684245
95, 1, 1.275250
95, 2, 2.197048
95, 3, 1.070692
95, 4, 1.626882
95, 5, 2.154762
95, 6, 0.000000
95, 7, 1.244126
95, 8, 3.306297
95, 9, 1.710340
95, 10, 1.931192
95, 11, 2.248642
95, 12, 2.576876
95, 13, 0.594348
95, 14, 2.582479
95, 15, 2.396655
95, 16, 0.894428
95, 17, 2.973684
95, 18, 3.586130
95, 19, 2.311419
95, 20, 4.270271
95, 21, 0.615302
95, 22, 1.651123
95, 23, 1.260239
95, 24, 1.374501
95, 25, 2.047258
95, 26, 1.626056
95, 27, 1.025522
95, 28, 1.945123
95, 29, 1.686602
95, 30, 0.904195
95, 31, 2.383532
95, 32, 0.459092
95, 33, 2.414047
95, 34, 2.367071
95, 35, 2.604998
95, 36, 1.572872
95, 37, 1.040519
95, 38, 0.375477
95, 39, 1.567555
95, 40, 2.342468
95, 41, 0.763775
95, 42, 0.803033
95, 43, 1.314096
95, 44, 0.519650
95, 45, 1.359676
95, 46, 2.220941
95, 47, 1.470275
95, 48, 1.853239
95, 49, 0.771901
95, 50, 1.444259
95, 51, 1.156418
95, 52, 1.018633
95, 53, -0.000015
95, 54, 2.683685
95, 55, 2.118737
95, 56, 1.933217
95, 57, 2.596060
95, 58, 0.829374
95, 59, 1.691667
95, 60, -0.360362
95, 61, 1.085137
95, 62, 1.939034
95, 63, 1.608728
95, 64, 1.833662
95, 65, 3.417704
95, 66, 1.530081
95, 67, 2.192699
95, 68, 2.298521
95, 69, 2.338383
95, 70, 2.954714
95, 71, 2.430801
95, 72, 3.796157
95, 73, 3.125659
95, 74, 1.588828
95, 75, 1.333493
95, 76, 1.449641
95, 77, 1.411750
95, 78, 1.916496
95, 79, 2.874612
95, 80, 2.550482
95, 81, 1.018140
95, 82, -0.114960
95, 83, 0.643627
95, 84, 1.219994
95, 85, 2.813547
95, 86, 3.357809
95, 87, 2.334270
95, 88, 1.398646
95, 89, 0.736955
95, 90, 0.738225
95, 91, 1.349295
95, 92, 0.956003
95, 93, 2.555293
95, 94, 1.488274
95, 95, 1.023628
95, 96, 0.518175
95, 97, 4.304585
95, 98, 1.444834
95, 99, 1.283014
95, 100, 0.814930
95, 101, -0.031273
95, 102, 1.676026
95, 103, 0.000000
95, 104, 3.527246
95, 105, 2.691029
95, 106, 1.431670
95, 107, 1.707737
95, 108, 1.099974
95, 109, -0.016499
95, 110, 1.833152
95, 111, 1.194684
95, 112, 1.334140
95, 113, 3.558468
95, 114, 1.087484
95, 115, 1.724657
95, 116, 1.656590
95, 117, 2.071613
95, 118, 0.754997
95, 119, 1.482584
95, 120, 2.410399
95, 121, 3.557244
95, 122, 2.491351
95, 123, 0.891844
95, 124, 1.937384
95, 125, 4.282579
95, 126, 0.903924
95, 127, 0.841771
95, 128, 0.555081
95, 129, 0.074872
95, 130, 1.451066
95, 131, 1.749791
95, 132, 1.199875
95, 133, 0.982783
95, 134, 1.165754
95, 135, 0.759930
95, 136, 0.257150
95, 137, 1.797792
95, 138, 1.130593
95, 139, 0.942766
95, 140, 3.497285
95, 141, 1.809259
95, 142, 2.658820
95, 143, 1.912362
95, 144, 0.707261
95, 145, 1.469971
95, 146, 1.909190
95, 147, 3.703012
95, 148, 2.218534
95, 149, 3.513494
95, 150, 1.462988
95, 151, 1.985157
95, 152, 2.000623
95, 153, -0.010724
95, 154, 1.528810
95, 155, 1.842116
95, 156, -0.010000
95, 157, 2.915206
95, 158, 1.783135
95, 159, 1.720519
95, 160, 2.950609
95, 161, 1.559261
95, 162, 3.296203
95, 163, 2.394897
95, 164, 3.357134
95, 165, 2.981325
95, 166, 3.632694
95, 167, 1.185556
95, 168, 0.719996
95, 169, 1.653698
95, 170, 1.498670
95, 171, 1.567204
95, 172, 1.573156
95, 173, 2.652028
95, 174, 1.815003
95, 175, 1.079595
95, 176, 3.011796
95, 177, 2.473210
95, 178, 0.771568
95, 179, 2.923960
95, 180, 3.460031
95, 181, 1.151017
95, 182, 3.058604
95, 183, -0.040000
95, 184, 1.347328
95, 185, 1.862116
95, 186, 3.285981
95, 187, -0.000789
95, 188, 2.300834
95, 189, 3.153093
95, 190, 2.479218
95, 191, 0.717938
95, 192, 2.181784
95, 193, 2.703663
95, 194, 1.381088
95, 195, 0.566804
95, 196, 3.979723
95, 197, 2.389580
95, 198, 1.607206
95, 199, 1.501897
97, 0, 1.684245
97, 1, 1.281663
97, 2, 2.197267
97, 3, 1.077561
97, 4, 1.626882
97, 5, 2.042615
97, 6, 0.000000
97, 7, 1.244126
97, 8, 3.297757
97, 9, 1.710340
97, 10, 1.923989
97, 11, 2.250542
97, 12, 2.573858
97, 13, 0.596841
97, 14, 2.582713
97, 15, 2.329578
97, 16, 0.894497
97, 17, 2.976251
97, 18, 3.588288
97, 19, 2.343502
97, 20, 4.285529
97, 21, 0.615302
97, 22, 1.651123
97, 23, 1.260239
97, 24, 1.374501
97, 25, 2.047258
97, 26, 1.630995
97, 27, 1.025522
97, 28, 1.925466
97, 29, 1.710243
97, 30, 0.904195
97, 31, 2.393232
97, 32, 0.459092
97, 33, 2.420955
97, 34, 2.384361
97, 35, 2.604275
97, 36, 1.561224
97, 37, 1.040519
97, 38, 0.375477
97, 39, 1.568499
97, 40, 2.357997
97, 41, 0.763775
97, 42, -0.164653
97, 43, 1.314096
97, 44, 0.519650
97, 45, 1.359676
97, 46, 2.226652
97, 47, 1.473848
97, 48, 1.892096
97, 49, 0.771901
97, 50, 1.523813
97, 51, 1.156418
97, 52, 1.018633
97, 53, -0.000015
97, 54, 2.701797
97, 55, 2.139227
97, 56, 1.935371
97, 57, 2.606830
97, 58, 0.829374
97, 59, 1.691667
97, 60, -0.360362
97, 61, 1.114331
97, 62, 1.937073
97, 63, 1.608674
97, 64, 1.833662
97, 65, 3.421308
97, 66, 1.607428
97, 67, 2.232039
97, 68, 2.276774
97, 69, 2.356280
97, 70, 2.953402
97, 71, 2.434394
97, 72, 3.792019
97, 73, 3.136773
97, 74, 1.588828
97, 75, 1.364624
97, 76, 1.449641
97, 77, 1.411750
97, 78, 1.916496
97, 79, 2.876979
97, 80, 2.563170
97, 81, 1.017952
97, 82, -0.122000
97, 83, 0.643627
97, 84, 1.219994
97, 85, 2.834165
97, 86, 3.310248
97, 87, 2.334270
97, 88, 1.398646
97, 89, 0.736955
97, 90, 0.738225
97, 91, 1.413182
97, 92, 0.956003
97, 93, 2.590672
97, 94, 1.512664
97, 95, 1.041171
97, 96, 0.596678
97, 97, 4.306516
97, 98, 1.476082
97, 99, 1.283014
97, 100, 0.811686
97, 101, -0.031273
97, 102, 1.676026
97, 103, 0.000000
97, 104, 3.527549
97, 105, 2.684222
97, 106, 1.431670
97, 107, 1.685108
97, 108, 1.099974
97, 109, -0.016499
97, 110, 1.835422
97, 111, 1.194684
97, 112, 1.334419
97, 113, 3.558472
97, 114, 1.082521
97, 115, 1.660883
97, 116, 1.656590
97, 117, 2.071613
97, 118, 0.754997
97, 119, 1.507331
97, 120, 2.411698
97, 121, 3.503134
97, 122, 2.491351
97, 123, 0.891844
97, 124, 1.972687
97, 125, 4.270118
97, 126, 0.919817
97, 127, 0.841771
97, 128, 0.555081
97, 129, 0.074872
97, 130, 1.451759
97, 131, 1.749791
97, 132, 1.199875
97, 133, 1.047815
97, 134, 1.165754
97, 135, 0.759930
97, 136, 0.257150
97, 137, 1.798023
97, 138, 1.040788
97, 139, 0.942771
97, 140, 3.502187
97, 141, 1.829337
97, 142, 2.683047
97, 143, 1.944721
97, 144, 0.707261
97, 145, 1.469971
97, 146, 1.912545
97, 147, 3.635003
97, 148, 2.218541
97, 149, 3.517553
97, 150, 1.459190
97, 151, 1.985157
97, 152, 2.029181
97, 153, -0.008562
97, 154, 1.531876
97, 155, 1.856686
97, 156, -0.010000
97, 157, 2.926396
97, 158, 1.759028
97, 159, 1.718975
97, 160, 2.953111
97, 161, 1.539966
97, 162, 3.305708
97, 163, 2.416427
97, 164, 3.357142
97, 165, 2.988137
97, 166, 3.635861
97, 167, 1.185556
97, 168, 0.719996
97, 169, 1.653698
97, 170, 1.498670
97, 171, 1.567204
97, 172, 1.585901
97, 173, 2.651232
97, 174, 1.813253
97, 175, 1.079595
97, 176, 3.023858
97, 177, 2.469563
97, 178, 0.771568
97, 179, 2.927624
97, 180, 3.462410
97, 181, 1.131035
97, 182, 3.058604
97, 183, -0.040000
97, 184, 1.402543
97, 185, 1.837277
97, 186, 3.262018
97, 187, -0.000789
97, 188, 2.302711
97, 189, 3.153176
97, 190, 2.479218
97, 191, 0.717938
97, 192, 2.186030
97, 193, 2.685173
97, 194, 1.386539
97, 195, 0.543019
97, 196, 3.955200
97, 197, 2.390329
97, 198, 1.645631
97, 199, 1.501897
99, 0, 1.684245
99, 1, 1.284270
99, 2, 2.197581
99, 3, 1.084573
99, 4, 1.626882
99, 5, 2.052178
99, 6, 0.000000
99, 7, 1.244126
99, 8, 3.231496
99, 9, 1.710340
99, 10, 1.920916
99, 11, 2.259171
99, 12, 2.569823
99, 13, 0.597599
99, 14, 2.582931
99, 15, 2.312642
99, 16, 0.925736
99, 17, 2.973819
99, 18, 3.582677
99, 19, 2.419349
99, 20, 4.286095
99, 21, 0.615302
99, 22, 1.651123
99, 23, 1.260239
99, 24, 1.374501
99, 25, 2.047258
99, 26, 1.642200
99, 27, 1.025522
99, 28, 1.904907
99, 29, 1.732049
99, 30, 0.827837
99, 31, 2.400895
99, 32, 0.459092
99, 33, 2.426981
99, 34, 2.385077
99, 35, 2.603576
99, 36, 1.561224
99, 37, 0.920849
99, 38, 0.375477
99, 39, 1.568499
99, 40, 2.401664
99, 41, 0.804513
99, 42, -0.173569
99, 43, 1.314096
99, 44, 0.519650
99, 45, 1.359676
99, 46, 2.178552
99, 47, 1.452635
99, 48, 1.927652
99, 49, 0.771901
99, 50, 1.597192
99, 51, 1.147483
99, 52, 1.018633
99, 53, -0.000015
99, 54, 2.663441
99, 55, 2.146878
99, 56, 1.936831
99, 57, 2.629895
99, 58, 0.829374
99, 59, 1.691667
99, 60, -0.360362
99, 61, 1.141433
99, 62, 1.950992
99, 63, 1.608600
99, 64, 1.833662
99, 65, 3.429769
99, 66, 1.674633
99, 67, 2.268272
99, 68, 2.279801
99, 69, 2.376102
99, 70, 2.954266
99, 71, 2.436934
99, 72, 3.798004
99, 73, 3.147240
99, 74, 1.588828
99, 75, 1.407761
99, 76, 1.449641
99, 77, 1.411750
99, 78, 1.916496
99, 79, 2.877026
99, 80, 2.574694
99, 81, 1.017693
99, 82, -0.127616
99, 83, 0.643627
99, 84, 1.219994
99, 85, 2.835501
99, 86, 3.310901
99, 87, 2.334270
99, 88, 1.398646
99, 89, 0.736955
99, 90, 0.700176
99, 91, 1.427941
99, 92, 0.956003
99, 93, 2.598217
99, 94, 1.517238
99, 95, 1.041288
99, 96, 0.641714
99, 97, 4.306961
99, 98, 1.504750
99, 99, 1.283014
99, 100, 0.792004
99, 101, -0.031273
99, 102, 1.676026
99, 103, 0.000000
99, 104, 3.525609
99, 105, 2.664903
99, 106, 1.431670
99, 107, 1.719357
99, 108, 1.099974
99, 109, -0.016499
99, 110, 1.838209
99, 111, 1.194684
99, 112, 1.333825
99, 113, 3.558474
99, 114, 1.082521
99, 115, 1.660883
99, 116, 1.656590
99, 117, 2.071613
99, 118, 0.754997
99, 119, 1.529810
99, 120, 2.408504
99, 121, 3.551404
99, 122, 2.491351
99, 123, 0.891844
99, 124, 1.992659
99, 125, 4.279953
99, 126, 0.932786
99, 127, 0.841771
99, 128, 0.555081
99, 129, 0.074872
99, 130, 1.451888
99, 131, 1.749791
99, 132, 1.199875
99, 133, 1.088622
99, 134, 1.165754
99, 135, 0.744959
99, 136, 0.257150
99, 137, 1.798318
99, 138, 1.040788
99, 139, 0.942771
99, 140, 3.504003
99, 141, 1.849347
99, 142, 2.732019
99, 143, 1.974071
99, 144, 0.707261
99, 145, 1.469971
99, 146, 1.916925
99, 147, 3.706887
99, 148, 2.219702
99, 149, 3.519376
99, 150, 1.459190
99, 151, 1.985157
99, 152, 2.045691
99, 153, -0.004673
99, 154, 1.537638
99, 155, 1.908908
99, 156, -0.010000
99, 157, 2.927925
99, 158, 1.819424
99, 159, 1.714708
99, 160, 2.953336
99, 161, 1.547818
99, 162, 3.301322
99, 163, 2.478728
99, 164, 3.357151
99, 165, 2.991208
99, 166, 3.635381
99, 167, 1.185556
99, 168, 0.719996
99, 169, 1.653401
99, 170, 1.498670
99, 171, 1.567204
99, 172, 1.590332
99, 173, 2.650465
99, 174, 1.811798
99, 175, 1.079595
99, 176, 3.070152
99, 177, 2.456378
99, 178, 0.771568
99, 179, 2.936536
99, 180, 3.470689
99, 181, 1.048848
99, 182, 3.058604
99, 183, -0.040000
99, 184, 1.415879
99, 185, 1.837277
99, 186, 3.286424
99, 187, -0.000789
99, 188, 2.361273
99, 189, 3.148516
99, 190, 2.479218
99, 191, 0.717938
99, 192, 2.187299
99, 193, 2.715044
99, 194, 1.413754
99, 195, 0.485816
99, 196, 3.977517
99, 197, 2.391136
99, 198, 1.666706
99, 199, 1.501897
101, 0, 1.647620
101, 1, 1.285314
101, 2, 2.197973
101, 3, 1.090953
101, 4, 1.626882
101, 5, 2.051006
101, 6, 0.000000
101, 7, 1.244126
101, 8, 3.258925
101, 9, 1.710340
101, 10, 1.919928
101, 11, 2.266916
101, 12, 2.580740
101, 13, 0.597421
101, 14, 2.583151
101, 15, 2.305378
101, 16, 0.961703
101, 17, 2.973830
101, 18, 3.587151
101, 19, 2.465064
101, 20, 4.285471
101, 21, 0.560000
101, 22, 1.657271
101, 23, 1.260239
101, 24, 1.374501
101, 25, 2.046121
101, 26, 1.647043
101, 27, 1.025522
101, 28, 1.884143
101, 29, 1.760925
101, 30, 0.786679
101, 31, 2.428443
101, 32, 0.459092
101, 33, 2.432498
101, 34, 2.393821
101, 35, 2.602886
101, 36, 1.561224
101, 37, 0.920849
101, 38, 0.375477
101, 39, 1.568499
101, 40, 2.430268
101, 41, 0.842782
101, 42, -0.177976
101, 43, 1.314096
101, 44, 0.519650
101, 45, 1.359676
101, 46, 2.204852
101, 47, 1.425767
101, 48, 1.959971
101, 49, 0.771901
101, 50, 1.664874
101, 51, 1.147483
101, 52, 1.018633
101, 53, -0.000015
101, 54, 2.691534
101, 55, 2.147786
101, 56, 1.936819
101, 57, 2.655783
101, 58, 0.829374
101, 59, 1.691667
101, 60, -0.360362
101, 61, 1.167161
101, 62, 1.958893
101, 63, 1.608450
101, 64, 1.833662
101, 65, 3.414752
101, 66, 1.693027
101, 67, 2.301609
101, 68, 2.280737
101, 69, 2.406502
101, 70, 2.953974
101, 71, 2.476565
101, 72, 3.795684
101, 73, 3.162060
101, 74, 1.588828
101, 75, 1.463024
101, 76, 1.449641
101, 77, 1.411750
101, 78, 1.916496
101, 79, 2.876757
101, 80, 2.581578
101, 81, 1.017693
101, 82, -0.129377
101, 83, 0.643627
101, 84, 1.219994
101, 85, 2.853555
101, 86, 3.308582
101, 87, 2.334270
101, 88, 1.398646
101, 89, 0.736955
101, 90, 0.700176
101, 91, 1.434528
101, 92, 0.971008
101, 93, 2.606576
101, 94, 1.545784
101, 95, 1.031135
101, 96, 0.687675
101, 97, 4.307127
101, 98, 1.530524
101, 99, 1.222026
101, 100, 0.792004
101, 101, -0.031273
101, 102, 1.676026
101, 103, 0.000000
101, 104, 3.528047
101, 105, 2.705235
101, 106, 1.431670
101, 107, 1.742047
101, 108, 1.099974
101, 109, -0.016499
101, 110, 1.855961
101, 111, 1.191893
101, 112, 1.332871
101, 113, 3.558478
101, 114, 1.082521
101, 115, 1.660883
101, 116, 1.656590
101, 117, 2.071613
101, 118, 0.754997
101, 119, 1.550543
101, 120, 2.405392
101, 121, 3.575541
101, 122, 2.491351
101, 123, 0.891844
101, 124, 2.010701
101, 125, 4.286997
101, 126, 0.944548
101, 127, 0.830488
101, 128, 0.555081
101, 129, 0.074872
101, 130, 1.451910
101, 131, 1.749791
101, 132, 1.199875
101, 133, 1.132938
101, 134, 1.165754
101, 135, 0.744959
101, 136, 0.257150
101, 137, 1.798561
101, 138, 1.040788
101, 139, 0.942771
101, 140, 3.505918
101, 141, 1.873736
101, 142, 2.759551
101, 143, 2.000486
101, 144, 0.724846
101, 145, 1.469971
101, 146, 1.927255
101, 147, 3.647672
101, 148, 2.219702
101, 149, 3.521319
101, 150, 1.459190
101, 151, 1.985157
101, 152, 2.096704
101, 153, -0.002249
101, 154, 1.540343
101, 155, 1.924422
101, 156, -0.010000
101, 157, 2.923734
101, 158, 1.828760
101, 159, 1.707557
101, 160, 2.953336
101, 161, 1.522678
101, 162, 3.281297
101, 163, 2.513504
101, 164, 3.357156
101, 165, 2.992734
101, 166, 3.636329
101, 167, 1.185556
101, 168, 0.719996
101, 169, 1.653401
101, 170, 1.498670
101, 171, 1.567204
101, 172, 1.607257
101, 173, 2.653229
101, 174, 1.810531
101, 175, 1.084479
101, 176, 3.074167
101, 177, 2.470090
101, 178, 0.771568
101, 179, 2.955050
101, 180, 3.473703
101, 181, 1.046166
101, 182, 3.058604
101, 183, -0.040000
101, 184, 1.441917
101, 185, 1.811630
101, 186, 3.276618
101, 187, -0.000789
101, 188, 2.362723
101, 189, 3.152770
101, 190, 2.479218
101, 191, 0.717938
101, 192, 2.185040
101, 193, 2.688859
101, 194, 1.445294
101, 195, 0.452415
101, 196, 3.956479
101, 197, 2.391200
101, 198, 1.678879
101, 199, 1.501897
103, 0, 1.647620
103, 1, 1.285731
103, 2, 2.198375
103, 3, 1.099967
103, 4, 1.626882
103, 5, 2.046685
103, 6, 0.000000
103, 7, 1.244126
103, 8, 3.111568
103, 9, 1.710340
103, 10, 1.917094
103, 11, 2.268679
103, 12, 2.573959
103, 13, 0.597880
103, 14, 2.583350
103, 15, 2.368996
103, 16, 0.972434
103, 17, 2.976472
103, 18, 3.588608
103, 19, 2.505584
103, 20, 4.254632
103, 21, 0.560000
103, 22, 1.657271
103, 23, 1.260239
103, 24, 1.374501
103, 25, 2.046121
103, 26, 1.654143
103, 27, 1.025522
103, 28, 1.859315
103, 29, 1.768239
103, 30, 0.731149
103, 31, 2.424287
103, 32, 0.459092
103, 33, 2.437504
103, 34, 2.343697
103, 35, 2.602198
103, 36, 1.561224
103, 37, 0.838438
103, 38, 0.375477
103, 39, 1.568499
103, 40, 2.441906
103, 41, 0.982762
103, 42, -0.186682
103, 43, 1.328881
103, 44, 0.519650
103, 45, 1.359676
103, 46, 2.209600
103, 47, 1.423501
103, 48, 1.989093
103, 49, 0.771901
103, 50, 1.727303
103, 51, 1.147483
103, 52, 1.018633
103, 53, -0.000015
103, 54, 2.705659
103, 55, 2.158452
103, 56, 1.936818
103, 57, 2.656112
103, 58, 0.829374
103, 59, 1.691667
103, 60, -0.360362
103, 61, 1.190678
103, 62, 1.979076
103, 63, 1.608256
103, 64, 1.833662
103, 65, 3.424824
103, 66, 1.731604
103, 67, 2.332233
103, 68, 2.271648
103, 69, 2.462794
103, 70, 2.947306
103, 71, 2.476565
103, 72, 3.798374
103, 73, 3.178817
103, 74, 1.588828
103, 75, 1.489885
103, 76, 1.449641
103, 77, 1.411750
103, 78, 1.916496
103, 79, 2.872316
103, 80, 2.605846
103, 81, 1.017693
103, 82, -0.129995
103, 83, 0.643627
103, 84, 1.219994
103, 85, 2.855072
103, 86, 3.314939
103, 87, 2.334270
103, 88, 1.398646
103, 89, 0.736955
103, 90, 0.730290
103, 91, 1.429560
103, 92, 0.984813
103, 93, 2.631958
103, 94, 1.561241
103, 95, 1.051637
103, 96, 0.790396
103, 97, 4.307521
103, 98, 1.596421
103, 99, 1.222026
103, 100, 0.792004
103, 101, -0.031273
103, 102, 1.675544
103, 103, 0.000000
103, 104, 3.530728
103, 105, 2.729904
103, 106, 1.431670
103, 107, 1.721894
103, 108, 1.099974
103, 109, -0.016499
103, 110, 1.855719
103, 111, 1.190074
103, 112, 1.331593
103, 113, 3.558481
103, 114, 1.082521
103, 115, 1.592933
103, 116, 1.656590
103, 117, 2.071613
103, 118, 0.754997
103, 119, 1.585455
103, 120, 2.399989
103, 121, 3.636750
103, 122, 2.491351
103, 123, 0.891844
103, 124, 2.033938
103, 125, 4.282084
103, 126, 0.955233
103, 127, 0.830488
103, 128, 0.555081
103, 129, 0.074872
103, 130, 1.451914
103, 131, 1.749791
103, 132, 1.199875
103, 133, 1.174705
103, 134, 1.165754
103, 135, 0.744959
103, 136, 0.257150
103, 137, 1.798707
103, 138, 0.985482
103, 139, 0.942771
103, 140, 3.508836
103, 141, 1.881958
103, 142, 2.813595
103, 143, 2.024016
103, 144, 0.805155
103, 145, 1.469971
103, 146, 1.947846
103, 147, 3.737081
103, 148, 2.219269
103, 149, 3.522659
103, 150, 1.455924
103, 151, 1.985157
103, 152, 2.106946
103, 153, -0.000737
103, 154, 1.545421
103, 155, 1.937750
103, 156, -0.010000
103, 157, 2.930173
103, 158, 1.802166
103, 159, 1.692851
103, 160, 2.953336
103, 161, 1.527474
103, 162, 3.283324
103, 163, 2.513504
103, 164, 3.357163
103, 165, 2.992766
103, 166, 3.636208
103, 167, 1.185556
103, 168, 0.719996
103, 169, 1.653401
103, 170, 1.498670
103, 171, 1.580097
103, 172, 1.621702
103, 173, 2.656888
103, 174, 1.809323
103, 175, 1.084479
103, 176, 3.116841
103, 177, 2.447852
103, 178, 0.771568
103, 179, 2.958547
103, 180, 3.480761
103, 181, 1.046166
103, 182, 3.058604
103, 183, -0.040000
103, 184, 1.462607
103, 185, 1.828452
103, 186, 3.284552
103, 187, -0.000789
103, 188, 2.382210
103, 189, 3.110533
103, 190, 2.479218
103, 191, 0.717938
103, 192, 2.181387
103, 193, 2.715592
103, 194, 1.499220
103, 195, 0.387316
103, 196, 3.976238
103, 197, 2.391200
103, 198, 1.570145
103, 199, 1.501897
105, 0, 1.647620
105, 1, 1.285896
105, 2, 2.198778
105, 3, 1.105422
105, 4, 1.626882
105, 5, 2.042528
105, 6, 0.000000
105, 7, 1.244126
105, 8, 3.158697
105, 9, 1.712404
105, 10, 1.917769
105, 11, 2.270321
105, 12, 2.567151
105, 13, 0.598186
105, 14, 2.583551
105, 15, 2.307097
105, 16, 0.982906
105, 17, 2.982363
105, 18, 3.584590
105, 19, 2.547643
105, 20, 4.270611
105, 21, 0.560000
105, 22, 1.651123
105, 23, 1.260239
105, 24, 1.374501
105, 25, 2.046121
105, 26, 1.659842
105, 27, 1.025522
105, 28, 1.848829
105, 29, 1.782014
105, 30, 0.674284
105, 31, 2.442471
105, 32, 0.464076
105, 33, 2.459621
105, 34, 2.388074
105, 35, 2.601532
105, 36, 1.561224
105, 37, 0.783321
105, 38, 0.375477
105, 39, 1.568499
105, 40, 2.450709
105, 41, 1.145621
105, 42, -0.195231
105, 43, 1.357153
105, 44, 0.519650
105, 45, 1.359676
105, 46, 2.217117
105, 47, 1.423501
105, 48, 2.015044
105, 49, 0.771901
105, 50, 1.784884
105, 51, 1.129486
105, 52, 1.018633
105, 53, -0.000015
105, 54, 2.675523
105, 55, 2.203746
105, 56, 1.936816
105, 57, 2.656446
105, 58, 0.829374
105, 59, 1.691667
105, 60, -0.360362
105, 61, 1.230689
105, 62, 1.988630
105, 63, 1.608041
105, 64, 1.833662
105, 65, 3.419658
105, 66, 1.750670
105, 67, 2.360296
105, 68, 2.254416
105, 69, 2.468724
105, 70, 2.954178
105, 71, 2.477455
105, 72, 3.798249
105, 73, 3.190160
105, 74, 1.588828
105, 75, 1.538773
105, 76, 1.449641
105, 77, 1.409499
105, 78, 1.916496
105, 79, 2.873517
105, 80, 2.610679
105, 81, 1.015522
105, 82, -0.129253
105, 83, 0.643627
105, 84, 1.219994
105, 85, 2.875200
105, 86, 3.316878
105, 87, 2.334270
105, 88, 1.398646
105, 89, 0.736955
105, 90, 0.773032
105, 91, 1.424184
105, 92, 0.996754
105, 93, 2.637365
105, 94, 1.588519
105, 95, 1.057948
105, 96, 0.948186
105, 97, 4.307757
105, 98, 1.684987
105, 99, 1.222026
105, 100, 0.792004
105, 101, -0.031273
105, 102, 1.675544
105, 103, 0.000000
105, 104, 3.529463
105, 105, 2.699956
105, 106, 1.431670
105, 107, 1.726895
105, 108, 1.099974
105, 109, -0.016499
105, 110, 1.862583
105, 111, 1.190074
105, 112, 1.305601
105, 113, 3.558484
105, 114, 1.082521
105, 115, 1.592933
105, 116, 1.656590
105, 117, 2.071613
105, 118, 0.754997
105, 119, 1.614368
105, 120, 2.366633
105, 121, 3.541998
105, 122, 2.491351
105, 123, 0.891844
105, 124, 2.064544
105, 125, 4.272704
105, 126, 0.989946
105, 127, 0.830488
105, 128, 0.555081
105, 129, 0.074872
105, 130, 1.451915
105, 131, 1.749791
105, 132, 1.201560
105, 133, 1.221911
105, 134, 1.165754
105, 135, 0.744959
105, 136, 0.257150
105, 137, 1.798960
105, 138, 0.985482
105, 139, 0.942853
105, 140, 3.510088
105, 141, 1.893934
105, 142, 2.864923
105, 143, 2.044700
105, 144, 0.879231
105, 145, 1.469971
105, 146, 1.963925
105, 147, 3.748835
105, 148, 2.219269
105, 149, 3.522674
105, 150, 1.463462
105, 151, 1.985157
105, 152, 2.106946
105, 153, -0.000057
105, 154, 1.550085
105, 155, 1.984936
105, 156, -0.010000
105, 157, 2.936908
105, 158, 1.813250
105, 159, 1.692232
105, 160, 2.953336
105, 161, 1.505792
105, 162, 3.303905
105, 163, 2.514754
105, 164, 3.357170
105, 165, 2.992987
105, 166, 3.636185
105, 167, 1.185556
105, 168, 0.719996
105, 169, 1.653401
105, 170, 1.498670
105, 171, 1.581240
105, 172, 1.637502
105, 173, 2.654324
105, 174, 1.808151
105, 175, 1.084479
105, 176, 3.132456
105, 177, 2.466690
105, 178, 0.771568
105, 179, 2.960430
105, 180, 3.487514
105, 181, 1.046166
105, 182, 3.058604
105, 183, -0.040000
105, 184, 1.473701
105, 185, 1.828452
105, 186, 3.287039
105, 187, -0.000789
105, 188, 2.383614
105, 189, 3.129167
105, 190, 2.479218
105, 191, 0.717938
105, 192, 2.179606
105, 193, 2.720553
105, 194, 1.514583
105, 195, -0.040000
105, 196, 3.982439
105, 197, 2.405305
105, 198, 1.652299
105, 199, 1.501897
107, 0, 1.647620
107, 1, 1.285960
107, 2, 2.199181
107, 3, 1.110256
107, 4, 1.626882
107, 5, 2.036906
107, 6, 0.000000
107, 7, 1.244126
107, 8, 3.179734
107, 9, 1.710340
107, 10, 1.917545
107, 11, 2.270860
107, 12, 2.563404
107, 13, 0.594773
107, 14, 2.583733
107, 15, 2.293129
107, 16, 1.054400
107, 17, 2.976194
107, 18, 3.587791
107, 19, 2.584167
107, 20, 4.272635
107, 21, 0.592919
107, 22, 1.651123
107, 23, 1.264069
107, 24, 1.374501
107, 25, 2.046121
107, 26, 1.675189
107, 27, 1.034145
107, 28, 1.837893
107, 29, 1.801406
107, 30, 0.674284
107, 31, 2.440997
107, 32, 0.464076
107, 33, 2.493452
107, 34, 2.377951
107, 35, 2.600868
107, 36, 1.561224
107, 37, 0.655251
107, 38, 0.375477
107, 39, 1.568499
107, 40, 2.480516
107, 41, 1.258499
107, 42, -0.203611
107, 43, 1.398032
107, 44, 0.519650
107, 45, 1.357468
107, 46, 2.248997
107, 47, 1.415481
107, 48, 2.043658
107, 49, 0.771901
107, 50, 1.837990
107, 51, 1.129486
107, 52, 1.018633
107, 53, -0.000015
107, 54, 2.697009
107, 55, 2.224416
107, 56, 1.936817
107, 57, 2.672926
107, 58, 0.829374
107, 59, 1.691667
107, 60, -0.360362
107, 61, 1.267287
107, 62, 2.003853
107, 63, 1.607842
107, 64, 1.833662
107, 65, 3.409700
107, 66, 1.750670
107, 67, 2.385927
107, 68, 2.240688
107, 69, 2.468724
107, 70, 2.954124
107, 71, 2.477455
107, 72, 3.796479
107, 73, 3.195122
107, 74, 1.588828
107, 75, 1.569559
107, 76, 1.449641
107, 77, 1.420353
107, 78, 1.916496
107, 79, 2.873517
107, 80, 2.614174
107, 81, 1.098514
107, 82, -0.128697
107, 83, 0.643627
107, 84, 1.219994
107, 85, 2.877077
107, 86, 3.313564
107, 87, 2.334270
107, 88, 1.398646
107, 89, 0.736955
107, 90, 0.812457
107, 91, 1.425675
107, 92, 0.988798
107, 93, 2.639428
107, 94, 1.609021
107, 95, 1.058783
107, 96, 0.997166
107, 97, 4.307704
107, 98, 1.742185
107, 99, 1.222026
107, 100, 0.792004
107, 101, -0.031273
107, 102, 1.675544
107, 103, 0.000000
107, 104, 3.531853
107, 105, 2.733951
107, 106, 1.431670
107, 107, 1.774963
107, 108, 1.099974
107, 109, -0.016499
107, 110, 1.866809
107, 111, 1.190074
107, 112, 1.265666
107, 113, 3.558488
107, 114, 1.082521
107, 115, 1.592933
107, 116, 1.656590
107, 117, 2.071613
107, 118, 0.754997
107, 119, 1.638606
107, 120, 2.364937
107, 121, 3.584062
107, 122, 2.491351
107, 123, 0.891844
107, 124, 2.073596
107, 125, 4.281845
107, 126, 1.045591
107, 127, 0.838413
107, 128, 0.555081
107, 129, 0.074872
107, 130, 1.451914
107, 131, 1.749791
107, 132, 1.201761
107, 133, 1.267245
107, 134, 1.165754
107, 135, 0.744959
107, 136, 0.257150
107, 137, 1.799185
107, 138, 0.985482
107, 139, 0.942853
107, 140, 3.512980
107, 141, 1.903722
107, 142, 2.890280
107, 143, 2.067082
107, 144, 0.945422
107, 145, 1.469971
107, 146, 1.963925
107, 147, 3.736591
107, 148, 2.222031
107, 149, 3.524197
107, 150, 1.469076
107, 151, 1.985157
107, 152, 2.106946
107, 153, -0.000057
107, 154, 1.554363
107, 155, 1.997403
107, 156, -0.010000
107, 157, 2.938620
107, 158, 1.855044
107, 159, 1.675513
107, 160, 2.953336
107, 161, 1.508903
107, 162, 3.299724
107, 163, 2.514873
107, 164, 3.357176
107, 165, 2.993232
107, 166, 3.631232
107, 167, 1.207675
107, 168, 0.719996
107, 169, 1.653401
107, 170, 1.509260
107, 171, 1.571052
107, 172, 1.677557
107, 173, 2.652721
107, 174, 1.807010
107, 175, 1.084479
107, 176, 3.174035
107, 177, 2.458405
107, 178, 0.771568
107, 179, 2.963887
107, 180, 3.495716
107, 181, 1.046166
107, 182, 3.058604
107, 183, -0.040000
107, 184, 1.495322
107, 185, 1.828452
107, 186, 3.283098
107, 187, -0.000789
107, 188, 2.405315
107, 189, 3.135778
107, 190, 2.445701
107, 191, 0.717938
107, 192, 2.176560
107, 193, 2.728430
107, 194, 1.522995
107, 195, -0.040000
107, 196, 3.983279
107, 197, 2.408762
107, 198, 1.722192
107, 199, 1.485630
109, 0, 1.647620
109, 1, 1.272242
109, 2, 2.199577
109, 3, 1.114061
109, 4, 1.626882
109, 5, 2.026423
109, 6, 0.000000
109, 7, 1.244126
109, 8, 3.203779
109, 9, 1.710340
109, 10, 1.917476
109, 11, 2.271029
109, 12, 2.562836
109, 13, 0.593097
109, 14, 2.583888
109, 15, 2.283397
109, 16, 1.078389
109, 17, 2.975930
109, 18, 3.588803
109, 19, 2.599184
109, 20, 4.283405
109, 21, 0.592919
109, 22, 1.651123
109, 23, 1.264069
109, 24, 1.374501
109, 25, 2.046121
109, 26, 1.694394
109, 27, 1.034145
109, 28, 1.853322
109, 29, 1.834463
109, 30, 0.674284
109, 31, 2.455750
109, 32, 0.508807
109, 33, 2.526946
109, 34, 2.383982
109, 35, 2.600197
109, 36, 1.561224
109, 37, 0.655251
109, 38, 0.375477
109, 39, 1.565520
109, 40, 2.509563
109, 41, 1.316914
109, 42, -0.211813
109, 43, 1.449558
109, 44, 0.519650
109, 45, 1.357468
109, 46, 2.241022
109, 47, 1.415481
109, 48, 2.067849
109, 49, 0.771901
109, 50, 1.886963
109, 51, 1.099387
109, 52, 1.018633
109, 53, -0.000015
109, 54, 2.708346
109, 55, 2.200687
109, 56, 1.936822
109, 57, 2.692078
109, 58, 0.829374
109, 59, 1.691667
109, 60, -0.360362
109, 61, 1.300603
109, 62, 2.016403
109, 63, 1.607715
109, 64, 1.833662
109, 65, 3.426354
109, 66, 1.750670
109, 67, 2.409231
109, 68, 2.236365
109, 69, 2.468724
109, 70, 2.953870
109, 71, 2.476565
109, 72, 3.798940
109, 73, 3.200041
109, 74, 1.588828
109, 75, 1.593976
109, 76, 1.449641
109, 77, 1.420353
109, 78, 1.916496
109, 79, 2.873517
109, 80, 2.616286
109, 81, 1.169263
109, 82, -0.129279
109, 83, 0.643627
109, 84, 1.219994
109, 85, 2.877829
109, 86, 3.271685
109, 87, 2.334270
109, 88, 1.398646
109, 89, 0.736955
109, 90, 0.848821
109, 91, 1.464423
109, 92, 1.018372
109, 93, 2.640446
109, 94, 1.622134
109, 95, 1.057787
109, 96, 1.033546
109, 97, 4.307850
109, 98, 1.794944
109, 99, 1.159450
109, 100, 0.792004
109, 101, -0.031273
109, 102, 1.675544
109, 103, 0.000000
109, 104, 3.531869
109, 105, 2.700661
109, 106, 1.431670
109, 107, 1.786970
109, 108, 1.099974
109, 109, -0.016499
109, 110, 1.868433
109, 111, 1.190074
109, 112, 1.225681
109, 113, 3.558490
109, 114, 1.082521
109, 115, 1.592933
109, 116, 1.656590
109, 117, 2.071613
109, 118, 0.754997
109, 119, 1.649436
109, 120, 2.359975
109, 121, 3.614210
109, 122, 2.491351
109, 123, 0.891844
109, 124, 2.078794
109, 125, 4.288238
109, 126, 1.107975
109, 127, 0.838413
109, 128, 0.555081
109, 129, 0.074872
109, 130, 1.451915
109, 131, 1.749791
109, 132, 1.201761
109, 133, 1.295453
109, 134, 1.165754
109, 135, 0.744959
109, 136, 0.257150
109, 137, 1.799349
109, 138, 0.985482
109, 139, 0.942853
109, 140, 3.512555
109, 141, 1.914293
109, 142, 2.911920
109, 143, 2.085502
109, 144, 1.003253
109, 145, 1.469971
109, 146, 1.963925
109, 147, 3.717469
109, 148, 2.221343
109, 149, 3.524744
109, 150, 1.472969
109, 151, 1.985157
109, 152, 2.106946
109, 153, -0.000057
109, 154, 1.558286
109, 155, 2.007883
109, 156, -0.010000
109, 157, 2.939878
109, 158, 1.851257
109, 159, 1.671363
109, 160, 2.953336
109, 161, 1.500625
109, 162, 3.300439
109, 163, 2.514873
109, 164, 3.357182
109, 165, 2.995830
109, 166, 3.635366
109, 167, 1.226476
109, 168, 0.719996
109, 169, 1.653401
109, 170, 1.509260
109, 171, 1.571052
109, 172, 1.704762
109, 173, 2.652077
109, 174, 1.805879
109, 175, 1.084479
109, 176, 3.180992
109, 177, 2.469936
109, 178, 0.771568
109, 179, 2.981591
109, 180, 3.495732
109, 181, 1.046166
109, 182, 3.058604
109, 183, -0.040000
109, 184, 1.512157
109, 185, 1.828452
109, 186, 3.281018
109, 187, -0.000789
109, 188, 2.414768
109, 189, 3.140327
109, 190, 2.445701
109, 191, 0.717938
109, 192, 2.161629
109, 193, 2.733821
109, 194, 1.527566
109, 195, -0.040000
109, 196, 3.979904
109, 197, 2.404727
109, 198, 1.791851
109, 199, 1.464731
111, 0, 1.647620
111, 1, 1.280003
111, 2, 2.199967
111, 3, 1.117254
111, 4, 1.626882
111, 5, 2.017653
111, 6, 0.000000
111, 7, 1.244126
111, 8, 3.102411
111, 9, 1.710340
111, 10, 1.917453
111, 11, 2.271080
111, 12, 2.561285
111, 13, 0.596341
111, 14, 2.584049
111, 15, 2.290734
111, 16, 1.089274
111, 17, 2.979705
111, 18, 3.586195
111, 19, 2.599184
111, 20, 4.288006
111, 21, 0.592919
111, 22, 1.651123
111, 23, 1.264069
111, 24, 1.374501
111, 25, 2.046121
111, 26, 1.713192
111, 27, 1.034145
111, 28, 1.863929
111, 29, 1.870543
111, 30, 0.674284
111, 31, 2.457090
111, 32, 0.529488
111, 33, 2.558595
111, 34, 2.398029
111, 35, 2.599578
111, 36, 1.561224
111, 37, 0.473677
111, 38, 0.375477
111, 39, 1.565520
111, 40, 2.517278
111, 41, 1.352402
111, 42, -0.215844
111, 43, 1.497084
111, 44, 0.519650
111, 45, 1.357468
111, 46, 2.236246
111, 47, 1.415481
111, 48, 2.067849
111, 49, 0.771901
111, 50, 1.932112
111, 51, 1.041444
111, 52, 1.018633
111, 53, -0.000015
111, 54, 2.684784
111, 55, 2.276377
111, 56, 1.936820
111, 57, 2.710332
111, 58, 0.829374
111, 59, 1.691667
111, 60, -0.360362
111, 61, 1.330728
111, 62, 2.022034
111, 63, 1.607544
111, 64, 1.833662
111, 65, 3.419210
111, 66, 1.750670
111, 67, 2.430296
111, 68, 2.230526
111, 69, 2.468724
111, 70, 2.952973
111, 71, 2.476565
111, 72, 3.798906
111, 73, 3.197271
111, 74, 1.588828
111, 75, 1.620942
111, 76, 1.449641
111, 77, 1.420353
111, 78, 1.916496
111, 79, 2.873517
111, 80, 2.614941
111, 81, 1.229601
111, 82, -0.140865
111, 83, 0.643627
111, 84, 1.219994
111, 85, 2.898850
111, 86, 3.250878
111, 87, 2.334270
111, 88, 1.398646
111, 89, 0.736955
111, 90, 0.863961
111, 91, 1.513242
111, 92, 1.027706
111, 93, 2.640951
111, 94, 1.631267
111, 95, 1.056382
111, 96, 1.058143
111, 97, 4.307847
111, 98, 1.843607
111, 99, 1.159450
111, 100, 0.792004
111, 101, -0.031273
111, 102, 1.675544
111, 103, 0.000000
111, 104, 3.531522
111, 105, 2.698774
111, 106, 1.431670
111, 107, 1.801100
111, 108, 1.099974
111, 109, -0.016499
111, 110, 1.869536
111, 111, 1.190074
111, 112, 1.198014
111, 113, 3.558493
111, 114, 1.082521
111, 115, 1.592933
111, 116, 1.656590
111, 117, 2.071613
111, 118, 0.754997
111, 119, 1.649436
111, 120, 2.352787
111, 121, 3.588208
111, 122, 2.491351
111, 123, 0.891844
111, 124, 2.081367
111, 125, 4.283391
111, 126, 1.120602
111, 127, 0.838413
111, 128, 0.555081
111, 129, 0.074872
111, 130, 1.477766
111, 131, 1.749791
111, 132, 1.202907
111, 133, 1.347959
111, 134, 1.165754
111, 135, 0.744959
111, 136, 0.257150
111, 137, 1.799591
111, 138, 0.985482
111, 139, 0.942853
111, 140, 3.515867
111, 141, 1.930075
111, 142, 2.911924
111, 143, 2.090804
111, 144, 1.061951
111, 145, 1.469971
111, 146, 1.963925
111, 147, 3.754503
111, 148, 2.215899
111, 149, 3.524855
111, 150, 1.489086
111, 151, 1.985157
111, 152, 2.106946
111, 153, -0.000057
111, 154, 1.560122
111, 155, 2.045797
111, 156, -0.010000
111, 157, 2.941373
111, 158, 1.880540
111, 159, 1.658316
111, 160, 2.953336
111, 161, 1.495410
111, 162, 3.310575
111, 163, 2.514873
111, 164, 3.357188
111, 165, 2.998816
111, 166, 3.635993
111, 167, 1.242685
111, 168, 0.719996
111, 169, 1.650842
111, 170, 1.509260
111, 171, 1.571052
111, 172, 1.770043
111, 173, 2.648653
111, 174, 1.804757
111, 175, 1.084479
111, 176, 3.226086
111, 177, 2.479859
111, 178, 0.771568
111, 179, 2.985616
111, 180, 3.495736
111, 181, 0.982241
111, 182, 3.058604
111, 183, -0.040000
111, 184, 1.526508
111, 185, 1.828452
111, 186, 3.280021
111, 187, -0.000789
111, 188, 2.458656
111, 189, 3.138518
111, 190, 2.445701
111, 191, 0.717938
111, 192, 2.166661
111, 193, 2.729525
111, 194, 1.530037
111, 195, -0.040000
111, 196, 3.980192
111, 197, 2.409459
111, 198, 1.851180
111, 199, 1.464731
113, 0, 1.647620
113, 1, 1.277044
113, 2, 2.200327
113, 3, 1.120036
113, 4, 1.626882
113, 5, 2.004185
113, 6, 0.000000
113, 7, 1.244126
113, 8, 3.126026
113, 9, 1.711106
113, 10, 1.917448
113, 11, 2.271095
113, 12, 2.555079
113, 13, 0.601552
113, 14, 2.584212
113, 15, 2.281310
113, 16, 1.130367
113, 17, 2.976384
113, 18, 3.588310
113, 19, 2.599184
113, 20, 4.278367
113, 21, 0.592919
113, 22, 1.617257
113, 23, 1.264069
113, 24, 1.374501
113, 25, 2.046121
113, 26, 1.728848
113, 27, 1.034145
113, 28, 1.872402
113, 29, 1.881526
113, 30, 0.674284
113, 31, 2.453265
113, 32, 0.555481
113, 33, 2.586295
113, 34, 2.282614
113, 35, 2.598953
113, 36, 1.561224
113, 37, 0.473677
113, 38, 0.375477
113, 39, 1.565520
113, 40, 2.545902
113, 41, 1.384024
113, 42, -0.223761
113, 43, 1.519445
113, 44, 0.519650
113, 45, 1.357468
113, 46, 2.234251
113, 47, 1.415481
113, 48, 2.067849
113, 49, 0.771901
113, 50, 1.973716
113, 51, 0.981721
113, 52, 1.039101
113, 53, -0.000015
113, 54, 2.702086
113, 55, 2.337855
113, 56, 1.936822
113, 57, 2.727371
113, 58, 0.829374
113, 59, 1.691667
113, 60, -0.360362
113, 61, 1.357723
113, 62, 2.031075
113, 63, 1.607309
113, 64, 1.830005
113, 65, 3.424782
113, 66, 1.750670
113, 67, 2.486021
113, 68, 2.224386
113, 69, 2.468724
113, 70, 2.945395
113, 71, 2.476565
113, 72, 3.798923
113, 73, 3.193668
113, 74, 1.588828
113, 75, 1.651274
113, 76, 1.449641
113, 77, 1.420353
113, 78, 1.916496
113, 79, 2.873516
113, 80, 2.615259
113, 81, 1.281078
113, 82, -0.142853
113, 83, 0.643627
113, 84, 1.219994
113, 85, 2.899896
113, 86, 3.251149
113, 87, 2.334270
113, 88, 1.398646
113, 89, 0.736955
113, 90, 0.886211
113, 91, 1.517173
113, 92, 1.033465
113, 93, 2.641202
113, 94, 1.644644
113, 95, 1.055110
113, 96, 1.091364
113, 97, 4.301586
113, 98, 1.874944
113, 99, 1.159450
113, 100, 0.792004
113, 101, -0.031273
113, 102, 1.675544
113, 103, 0.000000
113, 104, 3.530894
113, 105, 2.699967
113, 106, 1.431670
113, 107, 1.800807
113, 108, 1.053185
113, 109, -0.016499
113, 110, 1.871791
113, 111, 1.190074
113, 112, 1.198014
113, 113, 3.556453
113, 114, 1.082521
113, 115, 1.592933
113, 116, 1.656590
113, 117, 2.071613
113, 118, 0.754997
113, 119, 1.649436
113, 120, 2.347012
113, 121, 3.606917
113, 122, 2.491351
113, 123, 0.891844
113, 124, 2.081367
113, 125, 4.288820
113, 126, 1.133994
113, 127, 0.838413
113, 128, 0.555081
113, 129, 0.074872
113, 130, 1.477766
113, 131, 1.749791
113, 132, 1.203068
113, 133, 1.380090
113, 134, 1.165754
113, 135, 0.744959
113, 136, 0.257150
113, 137, 1.799773
113, 138, 0.985482
113, 139, 0.942853
113, 140, 3.523043
113, 141, 1.946145
113, 142, 2.911925
113, 143, 2.093971
113, 144, 1.116093
113, 145, 1.469971
113, 146, 1.963925
113, 147, 3.730428
113, 148, 2.215926
113, 149, 3.522878
113, 150, 1.491175
113, 151, 1.985157
113, 152, 2.106946
113, 153, -0.000057
113, 154, 1.563557
113, 155, 2.055103
113, 156, -0.010000
113, 157, 2.941537
113, 158, 1.875547
113, 159, 1.636620
113, 160, 2.953336
113, 161, 1.493691
113, 162, 3.309886
113, 163, 2.514873
113, 164, 3.357193
113, 165, 2.999787
113, 166, 3.633767
113, 167, 1.256852
113, 168, 0.719996
113, 169, 1.650842
113, 170, 1.509260
113, 171, 1.571052
113, 172, 1.816239
113, 173, 2.646727
113, 174, 1.803638
113, 175, 1.084479
113, 176, 3.235032
113, 177, 2.487172
113, 178, 0.771568
113, 179, 2.987505
113, 180, 3.495739
113, 181, 0.982241
113, 182, 3.058604
113, 183, -0.040000
113, 184, 1.531966
113, 185, 1.830506
113, 186, 3.277928
113, 187, -0.000789
113, 188, 2.474053
113, 189, 3.129378
113, 190, 2.445701
113, 191, 0.717938
113, 192, 2.137938
113, 193, 2.736265
113, 194, 1.531371
113, 195, -0.040000
113, 196, 3.979732
113, 197, 2.409459
113, 198, 1.901714
113, 199, 1.439497
115, 0, 1.647620
115, 1, 1.281747
115, 2, 2.200327
115, 3, 1.122433
115, 4, 1.626882
115, 5, 1.994447
115, 6, 0.000000
115, 7, 1.244126
115, 8, 3.072146
115, 9, 1.711106
115, 10, 1.917448
115, 11, 2.271100
115, 12, 2.548973
115, 13, 0.586111
115, 14, 2.584364
115, 15, 2.344224
115, 16, 1.139911
115, 17, 2.977684
115, 18, 3.589346
115, 19, 2.599184
115, 20, 4.291550
115, 21, 0.592919
115, 22, 1.617257
115, 23, 1.264069
115, 24, 1.374501
115, 25, 2.046121
115, 26, 1.742924
115, 27, 1.034145
115, 28, 1.878044
115, 29, 1.881092
115, 30, 0.674284
115, 31, 2.449271
115, 32, 0.570367
115, 33, 2.618318
115, 34, 2.338630
115, 35, 2.598335
115, 36, 1.561224
115, 37, 0.329845
115, 38, 0.375477
115, 39, 1.565520
115, 40, 2.573093
115, 41, 1.411867
115, 42, -0.231478
115, 43, 1.519445
115, 44, 0.519650
115, 45, 1.357468
115, 46, 2.232680
115, 47, 1.415481
115, 48, 2.067849
115, 49, 0.771901
115, 50, 2.012018
115, 51, 0.945117
115, 52, 1.077636
115, 53, -0.000015
115, 54, 2.735140
115, 55, 2.356804
115, 56, 1.936821
115, 57, 2.744375
115, 58, 0.829374
115, 59, 1.691667
115, 60, -0.360362
115, 61, 1.381628
115, 62, 2.031375
115, 63, 1.607211
115, 64, 1.830005
115, 65, 3.433981
115, 66, 1.750670
115, 67, 2.518813
115, 68, 2.222335
115, 69, 2.468724
115, 70, 2.946194
115, 71, 2.476565
115, 72, 3.799128
115, 73, 3.190117
115, 74, 1.588828
115, 75, 1.684497
115, 76, 1.449641
115, 77, 1.420353
115, 78, 1.916496
115, 79, 2.873517
115, 80, 2.616764
115, 81, 1.324999
115, 82, -0.142324
115, 83, 0.643627
115, 84, 1.219994
115, 85, 2.906402
115, 86, 3.254931
115, 87, 2.334270
115, 88, 1.398646
115, 89, 0.736955
115, 90, 0.895618
115, 91, 1.511759
115, 92, 1.034444
115, 93, 2.640974
115, 94, 1.643152
115, 95, 1.054489
115, 96, 1.120780
115, 97, 4.307308
115, 98, 1.909237
115, 99, 1.159450
115, 100, 0.792004
115, 101, -0.031273
115, 102, 1.675544
115, 103, 0.000000
115, 104, 3.530953
115, 105, 2.707138
115, 106, 1.431670
115, 107, 1.831357
115, 108, 1.019974
115, 109, -0.016499
115, 110, 1.873667
115, 111, 1.190074
115, 112, 1.198014
115, 113, 3.556684
115, 114, 1.082521
115, 115, 1.592933
115, 116, 1.656590
115, 117, 2.088446
115, 118, 0.754997
115, 119, 1.649436
115, 120, 2.341503
115, 121, 3.582494
115, 122, 2.491351
115, 123, 0.891844
115, 124, 2.087637
115, 125, 4.283160
115, 126, 1.139060
115, 127, 0.838413
115, 128, 0.555081
115, 129, 0.074872
115, 130, 1.477766
115, 131, 1.749791
115, 132, 1.203718
115, 133, 1.405294
115, 134, 1.165754
115, 135, 0.744959
115, 136, 0.257150
115, 137, 1.799940
115, 138, 0.985482
115, 139, 0.942853
115, 140, 3.527235
115, 141, 1.959886
115, 142, 2.913892
115, 143, 2.106724
115, 144, 1.166029
115, 145, 1.469971
115, 146, 1.963925
115, 147, 3.664738
115, 148, 2.236548
115, 149, 3.524611
115, 150, 1.491175
115, 151, 1.966869
115, 152, 2.106946
115, 153, -0.000057
115, 154, 1.566698
115, 155, 2.076400
115, 156, -0.010000
115, 157, 2.946053
115, 158, 1.896178
115, 159, 1.625914
115, 160, 2.953336
115, 161, 1.473054
115, 162, 3.315620
115, 163, 2.514873
115, 164, 3.357199
115, 165, 2.999998
115, 166, 3.631929
115, 167, 1.269244
115, 168, 0.719996
115, 169, 1.650842
115, 170, 1.509260
115, 171, 1.571052
115, 172, 1.848001
115, 173, 2.639072
115, 174, 1.810506
115, 175, 1.084479
115, 176, 3.276968
115, 177, 2.495665
115, 178, 0.771568
115, 179, 2.990033
115, 180, 3.496217
115, 181, 0.982241
115, 182, 3.058604
115, 183, -0.040000
115, 184, 1.530886
115, 185, 1.833811
115, 186, 3.278857
115, 187, -0.000789
115, 188, 2.478413
115, 189, 3.097265
115, 190, 2.445701
115, 191, 0.717938
115, 192, 2.158375
115, 193, 2.714674
115, 194, 1.532089
115, 195, -0.040000
115, 196, 3.941200
115, 197, 2.412153
115, 198, 1.944772
115, 199, 1.410356
117, 0, 1.647620
117, 1, 1.286850
117, 2, 2.200327
117, 3, 1.124718
117, 4, 1.589314
117, 5, 1.986643
117, 6, 0.000000
117, 7, 1.244126
117, 8, 3.120162
117, 9, 1.711106
117, 10, 1.917449
117, 11, 2.271101
117, 12, 2.544804
117, 13, 0.580779
117, 14, 2.584509
117, 15, 2.350116
117, 16, 1.186690
117, 17, 2.976502
117, 18, 3.587281
117, 19, 2.599184
117, 20, 4.286754
117, 21, 0.592919
117, 22, 1.617257
117, 23, 1.264069
117, 24, 1.374501
117, 25, 2.046121
117, 26, 1.754567
117, 27, 1.034145
117, 28, 1.882264
117, 29, 1.881071
117, 30, 0.674284
117, 31, 2.446826
117, 32, 0.561725
117, 33, 2.645142
117, 34, 2.333282
117, 35, 2.597727
117, 36, 1.561224
117, 37, 0.329845
117, 38, 0.375477
117, 39, 1.565520
117, 40, 2.580215
117, 41, 1.437028
117, 42, -0.238989
117, 43, 1.519445
117, 44, 0.519650
117, 45, 1.357468
117, 46, 2.242052
117, 47, 1.415481
117, 48, 2.067849
117, 49, 0.771901
117, 50, 2.047233
117, 51, 0.876955
117, 52, 1.113180
117, 53, -0.000015
117, 54, 2.751060
117, 55, 2.416781
117, 56, 1.936822
117, 57, 2.759198
117, 58, 0.829374
117, 59, 1.691667
117, 60, -0.360362
117, 61, 1.402721
117, 62, 2.031651
117, 63, 1.607182
117, 64, 1.814105
117, 65, 3.426824
117, 66, 1.750670
117, 67, 2.518813
117, 68, 2.216482
117, 69, 2.468724
117, 70, 2.951180
117, 71, 2.476565
117, 72, 3.799051
117, 73, 3.187124
117, 74, 1.588828
117, 75, 1.712471
117, 76, 1.449641
117, 77, 1.420353
117, 78, 1.916496
117, 79, 2.873516
117, 80, 2.618429
117, 81, 1.362495
117, 82, -0.142139
117, 83, 0.643627
117, 84, 1.219994
117, 85, 2.906812
117, 86, 3.253104
117, 87, 2.334270
117, 88, 1.398646
117, 89, 0.736955
117, 90, 0.906141
117, 91, 1.512264
117, 92, 1.024355
117, 93, 2.641008
117, 94, 1.638690
117, 95, 1.054141
117, 96, 1.144725
117, 97, 4.306850
117, 98, 1.943400
117, 99, 1.159450
117, 100, 0.792004
117, 101, -0.031273
117, 102, 1.675544
117, 103, 0.000000
117, 104, 3.530052
117, 105, 2.707253
117, 106, 1.431670
117, 107, 1.818502
117, 108, 1.019974
117, 109, -0.016499
117, 110, 1.876606
117, 111, 1.190074
117, 112, 1.198014
117, 113, 3.558187
117, 114, 1.082521
117, 115, 1.592933
117, 116, 1.656590
117, 117, 2.099189
117, 118, 0.754997
117, 119, 1.649436
117, 120, 2.333598
117, 121, 3.601606
117, 122, 2.491351
117, 123, 0.891844
117, 124, 2.089728
117, 125, 4.287879
117, 126, 1.170591
117, 127, 0.838413
117, 128, 0.555081
117, 129, 0.074872
117, 130, 1.477766
117, 131, 1.749791
117, 132, 1.203962
117, 133, 1.424900
117, 134, 1.165754
117, 135, 0.744959
117, 136, 0.257150
117, 137, 1.800197
117, 138, 0.985482
117, 139, 0.942853
117, 140, 3.504017
117, 141, 1.975819
117, 142, 2.914191
117, 143, 2.116761
117, 144, 1.212081
117, 145, 1.469971
117, 146, 1.963925
117, 147, 3.753670
117, 148, 2.272489
117, 149, 3.524843
117, 150, 1.491175
117, 151, 1.967280
117, 152, 2.106946
117, 153, -0.000057
117, 154, 1.569565
117, 155, 2.088858
117, 156, -0.010000
117, 157, 2.943675
117, 158, 1.876862
117, 159, 1.618130
117, 160, 2.953336
117, 161, 1.471920
117, 162, 3.297472
117, 163, 2.514873
117, 164, 3.357204
117, 165, 3.000293
117, 166, 3.633272
117, 167, 1.279799
117, 168, 0.719996
117, 169, 1.650842
117, 170, 1.509260
117, 171, 1.571970
117, 172, 1.854718
117, 173, 2.637669
117, 174, 1.810787
117, 175, 1.084479
117, 176, 3.276968
117, 177, 2.500180
117, 178, 0.771568
117, 179, 2.990987
117, 180, 3.495915
117, 181, 0.982241
117, 182, 3.061193
117, 183, -0.040000
117, 184, 1.530427
117, 185, 1.837421
117, 186, 3.280045
117, 187, -0.000789
117, 188, 2.498273
117, 189, 3.122679
117, 190, 2.445701
117, 191, 0.717938
117, 192, 2.165736
117, 193, 2.733832
117, 194, 1.537007
117, 195, -0.040000
117, 196, 3.977686
117, 197, 2.412153
117, 198, 1.981467
117, 199, 1.410356
119, 0, 1.647620
119, 1, 1.302392
119, 2, 2.200326
119, 3, 1.126896
119, 4, 1.545416
119, 5, 1.979229
119, 6, 0.000000
119, 7, 1.244126
119, 8, 3.152712
119, 9, 1.711106
119, 10, 1.919226
119, 11, 2.271102
119, 12, 2.559528
119, 13, 0.564950
119, 14, 2.584596
119, 15, 2.406866
119, 16, 1.202588
119, 17, 2.982813
119, 18, 3.586697
119, 19, 2.599184
119, 20, 4.257419
119, 21, 0.592919
119, 22, 1.582163
119, 23, 1.264069
119, 24, 1.374501
119, 25, 2.046121
119, 26, 1.759367
119, 27, 1.034145
119, 28, 1.877776
119, 29, 1.882144
119, 30, 0.674284
119, 31, 2.461591
119, 32, 0.534348
119, 33, 2.674469
119, 34, 2.378626
119, 35, 2.597077
119, 36, 1.562334
119, 37, 0.335422
119, 38, 0.375477
119, 39, 1.565520
119, 40, 2.606366
119, 41, 1.477962
119, 42, -0.246288
119, 43, 1.519445
119, 44, 0.519650
119, 45, 1.357468
119, 46, 2.241649
119, 47, 1.415481
119, 48, 2.067849
119, 49, 0.771901
119, 50, 2.079541
119, 51, 0.844924
119, 52, 1.145965
119, 53, -0.000015
119, 54, 2.694443
119, 55, 2.423671
119, 56, 1.936821
119, 57, 2.780181
119, 58, 0.829374
119, 59, 1.691667
119, 60, -0.360362
119, 61, 1.402721
119, 62, 2.031905
119, 63, 1.607172
119, 64, 1.814105
119, 65, 3.436712
119, 66, 1.750670
119, 67, 2.514823
119, 68, 2.212033
119, 69, 2.487427
119, 70, 2.952491
119, 71, 2.477357
119, 72, 3.799297
119, 73, 3.189280
119, 74, 1.588828
119, 75, 1.743930
119, 76, 1.449641
119, 77, 1.420353
119, 78, 1.916496
119, 79, 2.870753
119, 80, 2.620021
119, 81, 1.394524
119, 82, -0.140124
119, 83, 0.643627
119, 84, 1.219994
119, 85, 2.906962
119, 86, 3.253098
119, 87, 2.334270
119, 88, 1.398646
119, 89, 0.736955
119, 90, 0.916110
119, 91, 1.506596
119, 92, 1.006013
119, 93, 2.641144
119, 94, 1.652271
119, 95, 1.053729
119, 96, 1.231855
119, 97, 4.293418
119, 98, 1.967486
119, 99, 1.159450
119, 100, 0.792004
119, 101, -0.031273
119, 102, 1.675544
119, 103, 0.000000
119, 104, 3.534059
119, 105, 2.741611
119, 106, 1.431670
119, 107, 1.800265
119, 108, 1.019974
119, 109, -0.016499
119, 110, 1.874023
119, 111, 1.190074
119, 112, 1.198014
119, 113, 3.560683
119, 114, 1.082521
119, 115, 1.592933
119, 116, 1.656590
119, 117, 2.106017
119, 118, 0.754997
119, 119, 1.649436
119, 120, 2.286855
119, 121, 3.542803
119, 122, 2.491351
119, 123, 0.891844
119, 124, 2.090878
119, 125, 4.269965
119, 126, 1.184718
119, 127, 0.838413
119, 128, 0.555081
119, 129, 0.074872
119, 130, 1.477766
119, 131, 1.749791
119, 132, 1.203962
119, 133, 1.436562
119, 134, 1.165754
119, 135, 0.744959
119, 136, 0.257150
119, 137, 1.800327
119, 138, 0.985482
119, 139, 0.942853
119, 140, 3.518782
119, 141, 1.976516
119, 142, 2.934115
119, 143, 2.124144
119, 144, 1.254543
119, 145, 1.469971
119, 146, 1.963925
119, 147, 3.735691
119, 148, 2.305473
119, 149, 3.514956
119, 150, 1.491175
119, 151, 1.960161
119, 152, 2.106946
119, 153, -0.000057
119, 154, 1.572178
119, 155, 2.096854
119, 156, -0.010000
119, 157, 2.949150
119, 158, 1.890504
119, 159, 1.610802
119, 160, 2.953336
119, 161, 1.462419
119, 162, 3.317725
119, 163, 2.514873
119, 164, 3.357208
119, 165, 3.000818
119, 166, 3.632918
119, 167, 1.288927
119, 168, 0.719996
119, 169, 1.650842
119, 170, 1.509260
119, 171, 1.598107
119, 172, 1.860437
119, 173, 2.636940
119, 174, 1.807666
119, 175, 1.084479
119, 176, 3.277242
119, 177, 2.508636
119, 178, 0.771568
119, 179, 2.991945
119, 180, 3.495500
119, 181, 0.987265
119, 182, 3.061839
119, 183, -0.040000
119, 184, 1.524554
119, 185, 1.840750
119, 186, 3.279847
119, 187, -0.000789
119, 188, 2.508042
119, 189, 3.120961
119, 190, 2.450993
119, 191, 0.717938
119, 192, 2.069247
119, 193, 2.930924
119, 194, 1.537205
119, 195, -0.040000
119, 196, 3.978722
119, 197, 2.413298
119, 198, 2.041800
119, 199, 1.377816
121, 0, 1.647620
121, 1, 1.316073
121, 2, 2.200327
121, 3, 1.128973
121, 4, 1.545416
121, 5, 1.973613
121, 6, 0.000000
121, 7, 1.244126
121, 8, 3.087919
121, 9, 1.711106
121, 10, 1.919998
121, 11, 2.271102
121, 12, 2.561864
121, 13, 0.426479
121, 14, 2.584769
121, 15, 2.423614
121, 16, 1.225894
121, 17, 2.979859
121, 18, 3.587746
121, 19, 2.599184
121, 20, 4.286839
121, 21, 0.592919
121, 22, 1.546643
121, 23, 1.264069
121, 24, 1.374501
121, 25, 2.046121
121, 26, 1.760743
121, 27, 1.034145
121, 28, 1.873111
121, 29, 1.882205
121, 30, 0.674284
121, 31, 2.465455
121, 32, 0.505934
121, 33, 2.700914
121, 34, 2.357708
121, 35, 2.596531
121, 36, 1.562334
121, 37, 0.335422
121, 38, 0.375477
121, 39, 1.565520
121, 40, 2.612332
121, 41, 1.515717
121, 42, -0.253370
121, 43, 1.519445
121, 44, 0.519650
121, 45, 1.357468
121, 46, 2.249678
121, 47, 1.415481
121, 48, 2.067849
121, 49, 0.771901
121, 50, 2.109090
121, 51, 0.844924
121, 52, 1.176204
121, 53, -0.000015
121, 54, 2.712742
121, 55, 2.495895
121, 56, 1.936819
121, 57, 2.796859
121, 58, 0.829374
121, 59, 1.691667
121, 60, -0.360362
121, 61, 1.402721
121, 62, 2.032138
121, 63, 1.607168
121, 64, 1.786301
121, 65, 3.440872
121, 66, 1.750670
121, 67, 2.514823
121, 68, 2.206640
121, 69, 2.487427
121, 70, 2.952699
121, 71, 2.477857
121, 72, 3.799236
121, 73, 3.188218
121, 74, 1.588828
121, 75, 1.767132
121, 76, 1.427554
121, 77, 1.420353
121, 78, 1.916496
121, 79, 2.871916
121, 80, 2.639942
121, 81, 1.479926
121, 82, -0.140019
121, 83, 0.643627
121, 84, 1.219994
121, 85, 2.907015
121, 86, 3.257791
121, 87, 2.334270
121, 88, 1.398646
121, 89, 0.736955
121, 90, 0.925557
121, 91, 1.501161
121, 92, 0.983753
121, 93, 2.641419
121, 94, 1.647079
121, 95, 1.053130
121, 96, 1.288389
121, 97, 4.307019
121, 98, 1.988823
121, 99, 1.159450
121, 100, 0.792004
121, 101, -0.031273
121, 102, 1.675544
121, 103, 0.000000
121, 104, 3.530805
121, 105, 2.703729
121, 106, 1.431670
121, 107, 1.814924
121, 108, 1.019974
121, 109, -0.016499
121, 110, 1.861029
121, 111, 1.190074
121, 112, 1.198014
121, 113, 3.556659
121, 114, 1.082521
121, 115, 1.592933
121, 116, 1.656590
121, 117, 2.166271
121, 118, 0.754997
121, 119, 1.649436
121, 120, 2.286023
121, 121, 3.596427
121, 122, 2.491351
121, 123, 0.891844
121, 124, 2.097831
121, 125, 4.286972
121, 126, 1.201258
121, 127, 0.838413
121, 128, 0.555081
121, 129, 0.074872
121, 130, 1.477766
121, 131, 1.749791
121, 132, 1.203962
121, 133, 1.443224
121, 134, 1.165754
121, 135, 0.744959
121, 136, 0.257150
121, 137, 1.800569
121, 138, 0.985482
121, 139, 0.942853
121, 140, 3.522888
121, 141, 1.981978
121, 142, 2.934728
121, 143, 2.133652
121, 144, 1.293679
121, 145, 1.469971
121, 146, 1.963925
121, 147, 3.763520
121, 148, 2.330259
121, 149, 3.524124
121, 150, 1.491175
121, 151, 1.955827
121, 152, 2.106946
121, 153, -0.000057
121, 154, 1.574557
121, 155, 2.102949
121, 156, -0.010000
121, 157, 2.951890
121, 158, 1.885246
121, 159, 1.589212
121, 160, 2.953336
121, 161, 1.450458
121, 162, 3.315584
121, 163, 2.514873
121, 164, 3.357213
121, 165, 3.000531
121, 166, 3.631502
121, 167, 1.342906
121, 168, 0.719996
121, 169, 1.650842
121, 170, 1.509260
121, 171, 1.570210
121, 172, 1.866605
121, 173, 2.635549
121, 174, 1.804640
121, 175, 1.084479
121, 176, 3.277242
121, 177, 2.512968
121, 178, 0.771568
121, 179, 2.991848
121, 180, 3.495582
121, 181, 0.965567
121, 182, 3.062519
121, 183, -0.040000
121, 184, 1.519190
121, 185, 1.843821
121, 186, 3.276964
121, 187, -0.000789
121, 188, 2.523750
121, 189, 3.062657
121, 190, 2.445701
121, 191, 0.717938
121, 192, 2.129070
121, 193, 2.736160
121, 194, 1.537308
121, 195, -0.040000
121, 196, 3.978743
121, 197, 2.413298
121, 198, 2.104516
121, 199, 1.377816
123, 0, 1.722632
123, 1, 1.319969
123, 2, 2.201108
123, 3, 1.172954
123, 4, 1.495538
123, 5, 2.011332
123, 6, 0.000000
123, 7, 1.244126
123, 8, 3.121935
123, 9, 1.711106
123, 10, 1.920197
123, 11, 2.431058
123, 12, 2.696625
123, 13, 0.418732
123, 14, 2.584866
123, 15, 2.486214
123, 16, 1.257641
123, 17, 2.981862
123, 18, 3.589436
123, 19, 2.599184
123, 20, 4.275417
123, 21, 0.652929
123, 22, 1.546643
123, 23, 1.264069
123, 24, 1.374501
123, 25, 2.046121
123, 26, 1.768030
123, 27, 1.034145
123, 28, 1.945302
123, 29, 1.882321
123, 30, 0.674284
123, 31, 2.461003
123, 32, 0.471384
123, 33, 2.720313
123, 34, 2.361356
123, 35, 2.595924
123, 36, 1.562334
123, 37, 0.265669
123, 38, 0.375477
123, 39, 1.565520
123, 40, 2.638083
123, 41, 1.509217
123, 42, -0.260232
123, 43, 1.519445
123, 44, 0.519650
123, 45, 1.357468
123, 46, 2.253713
123, 47, 1.415481
123, 48, 2.067849
123, 49, 0.771901
123, 50, 2.136001
123, 51, 0.811083
123, 52, 1.204097
123, 53, -0.000015
123, 54, 2.754660
123, 55, 2.484753
123, 56, 1.936822
123, 57, 2.805238
123, 58, 0.829374
123, 59, 1.691667
123, 60, -0.360362
123, 61, 1.402721
123, 62, 2.032351
123, 63, 1.607002
123, 64, 1.786301
123, 65, 3.436522
123, 66, 1.750670
123, 67, 2.514823
123, 68, 2.206482
123, 69, 2.487427
123, 70, 2.954297
123, 71, 2.476565
123, 72, 3.799226
123, 73, 3.184767
123, 74, 1.588828
123, 75, 1.794146
123, 76, 1.386968
123, 77, 1.420353
123, 78, 1.916496
123, 79, 2.871546
123, 80, 2.642130
123, 81, 1.516738
123, 82, -0.140052
123, 83, 0.643627
123, 84, 1.219994
123, 85, 2.907039
123, 86, 3.258053
123, 87, 2.334270
123, 88, 1.398646
123, 89, 0.736955
123, 90, 0.934514
123, 91, 1.500364
123, 92, 0.957920
123, 93, 2.641372
123, 94, 1.640147
123, 95, 1.052693
123, 96, 1.327537
123, 97, 4.301237
123, 98, 2.001842
123, 99, 1.159450
123, 100, 0.792004
123, 101, -0.031273
123, 102, 1.675544
123, 103, 0.000000
123, 104, 3.527836
123, 105, 2.695756
123, 106, 1.431670
123, 107, 1.800620
123, 108, 1.019974
123, 109, -0.016499
123, 110, 1.860830
123, 111, 1.190074
123, 112, 1.198014
123, 113, 3.559492
123, 114, 1.082521
123, 115, 1.592933
123, 116, 1.656590
123, 117, 2.171863
123, 118, 0.754997
123, 119, 1.649436
123, 120, 2.280772
123, 121, 3.611302
123, 122, 2.491351
123, 123, 0.891844
123, 124, 2.099148
123, 125, 4.290249
123, 126, 1.201672
123, 127, 0.838413
123, 128, 0.555081
123, 129, 0.074872
123, 130, 1.477766
123, 131, 1.749791
123, 132, 1.203962
123, 133, 1.447647
123, 134, 1.165754
123, 135, 0.744959
123, 136, 0.257150
123, 137, 1.800695
123, 138, 0.985482
123, 139, 0.942853
123, 140, 3.527792
123, 141, 1.991691
123, 142, 2.934982
123, 143, 2.143158
123, 144, 1.329728
123, 145, 1.469971
123, 146, 1.963925
123, 147, 3.733358
123, 148, 2.363730
123, 149, 3.525444
123, 150, 1.491175
123, 151, 1.948641
123, 152, 2.106946
123, 153, -0.000057
123, 154, 1.576720
123, 155, 2.111287
123, 156, -0.010000
123, 157, 2.954057
123, 158, 1.865939
123, 159, 1.591158
123, 160, 2.953336
123, 161, 1.444040
123, 162, 3.302392
123, 163, 2.514873
123, 164, 3.357218
123, 165, 3.000710
123, 166, 3.632566
123, 167, 1.363040
123, 168, 0.719996
123, 169, 1.650842
123, 170, 1.509260
123, 171, 1.579766
123, 172, 1.872600
123, 173, 2.640000
123, 174, 1.804705
123, 175, 1.084479
123, 176, 3.290959
123, 177, 2.494818
123, 178, 0.771568
123, 179, 2.993194
123, 180, 3.495636
123, 181, 0.965567
123, 182, 3.082910
123, 183, -0.040000
123, 184, 1.515922
123, 185, 1.846653
123, 186, 3.283332
123, 187, -0.000789
123, 188, 2.535017
123, 189, 3.048047
123, 190, 2.445701
123, 191, 0.717938
123, 192, 2.152009
123, 193, 2.741571
123, 194, 1.537365
123, 195, -0.040000
123, 196, 3.977410
123, 197, 2.413298
123, 198, 2.140586
123, 199, 1.340369
125, 0, 1.647620
125, 1, 1.331622
125, 2, 2.201700
125, 3, 1.132843
125, 4, 1.460638
125, 5, 1.964640
125, 6, 0.000000
125, 7, 1.244126
125, 8, 3.134586
125, 9, 1.711106
125, 10, 1.920368
125, 11, 2.271102
125, 12, 2.551237
125, 13, -0.012680
125, 14, 2.585032
125, 15, 2.488265
125, 16, 1.293471
125, 17, 2.983733
125, 18, 3.587531
125, 19, 2.599184
125, 20, 4.291771
125, 21, 0.592919
125, 22, 1.572493
125, 23, 1.264069
125, 24, 1.374501
125, 25, 2.046121
125, 26, 1.769886
125, 27, 1.034145
125, 28, 1.866472
125, 29, 1.880989
125, 30, 0.674284
125, 31, 2.459241
125, 32, 0.438631
125, 33, 2.748860
125, 34, 2.348279
125, 35, 2.595401
125, 36, 1.562334
125, 37, 0.265669
125, 38, 0.375477
125, 39, 1.565520
125, 40, 2.642988
125, 41, 1.545947
125, 42, -0.266869
125, 43, 1.519445
125, 44, 0.519650
125, 45, 1.355569
125, 46, 2.263954
125, 47, 1.415481
125, 48, 2.067849
125, 49, 0.771901
125, 50, 2.160366
125, 51, 0.811083
125, 52, 1.229825
125, 53, -0.000015
125, 54, 2.711235
125, 55, 2.551207
125, 56, 1.936821
125, 57, 2.808466
125, 58, 0.829374
125, 59, 1.691667
125, 60, -0.360362
125, 61, 1.402721
125, 62, 2.032547
125, 63, 1.606856
125, 64, 1.768118
125, 65, 3.451071
125, 66, 1.750670
125, 67, 2.514823
125, 68, 2.196325
125, 69, 2.487427
125, 70, 2.953003
125, 71, 2.476565
125, 72, 3.799216
125, 73, 3.182233
125, 74, 1.588828
125, 75, 1.818888
125, 76, 1.345126
125, 77, 1.420353
125, 78, 1.916496
125, 79, 2.872091
125, 80, 2.643997
125, 81, 1.532952
125, 82, -0.138810
125, 83, 0.643627
125, 84, 1.219994
125, 85, 2.907047
125, 86, 3.267782
125, 87, 2.334270
125, 88, 1.398646
125, 89, 0.736955
125, 90, 0.943009
125, 91, 1.487800
125, 92, 0.933062
125, 93, 2.641334
125, 94, 1.639919
125, 95, 1.052520
125, 96, 1.377184
125, 97, 4.305391
125, 98, 2.012577
125, 99, 1.159450
125, 100, 0.792004
125, 101, -0.031273
125, 102, 1.675544
125, 103, 0.000000
125, 104, 3.533312
125, 105, 2.757006
125, 106, 1.431670
125, 107, 1.810272
125, 108, 1.019974
125, 109, -0.016499
125, 110, 1.863407
125, 111, 1.190074
125, 112, 1.198014
125, 113, 3.556742
125, 114, 1.082521
125, 115, 1.592933
125, 116, 1.656590
125, 117, 2.207649
125, 118, 0.754997
125, 119, 1.649436
125, 120, 2.232704
125, 121, 3.585078
125, 122, 2.491351
125, 123, 0.891844
125, 124, 2.099910
125, 125, 4.284456
125, 126, 1.220355
125, 127, 0.838413
125, 128, 0.555081
125, 129, 0.074872
125, 130, 1.477766
125, 131, 1.749791
125, 132, 1.203962
125, 133, 1.450346
125, 134, 1.165754
125, 135, 0.744959
125, 136, 0.257150
125, 137, 1.800899
125, 138, 0.985482
125, 139, 0.942853
125, 140, 3.510219
125, 141, 2.000436
125, 142, 2.935685
125, 143, 2.141204
125, 144, 1.362899
125, 145, 1.469971
125, 146, 1.963925
125, 147, 3.766208
125, 148, 2.386098
125, 149, 3.524580
125, 150, 1.491175
125, 151, 1.941176
125, 152, 2.106946
125, 153, -0.000057
125, 154, 1.578681
125, 155, 2.116873
125, 156, -0.010000
125, 157, 2.958347
125, 158, 1.890940
125, 159, 1.577039
125, 160, 2.953336
125, 161, 1.426007
125, 162, 3.310682
125, 163, 2.514873
125, 164, 3.357222
125, 165, 3.000373
125, 166, 3.632683
125, 167, 1.372163
125, 168, 0.719996
125, 169, 1.650842
125, 170, 1.509260
125, 171, 1.572339
125, 172, 1.878713
125, 173, 2.639063
125, 174, 1.806581
125, 175, 1.084479
125, 176, 3.296523
125, 177, 2.502263
125, 178, 0.771568
125, 179, 2.994251
125, 180, 3.495952
125, 181, 0.965567
125, 182, 3.084629
125, 183, -0.040000
125, 184, 1.506336
125, 185, 1.849266
125, 186, 3.276010
125, 187, -0.000789
125, 188, 2.540665
125, 189, 2.959092
125, 190, 2.445701
125, 191, 0.717938
125, 192, 2.134489
125, 193, 2.739671
125, 194, 1.537399
125, 195, -0.040000
125, 196, 3.978708
125, 197, 2.414484
125, 198, 2.161865
125, 199, 1.340369
127, 0, 1.647620
127, 1, 1.341835
127, 2, 2.202484
127, 3, 1.134644
127, 4, 1.460638
127, 5, 1.961455
127, 6, 0.000000
127, 7, 1.244126
127, 8, 3.162952
127, 9, 1.711106
127, 10, 1.919972
127, 11, 2.271102
127, 12, 2.560614
127, 13, -0.010621
127, 14, 2.586450
127, 15, 2.468410
127, 16, 1.316008
127, 17, 2.981884
127, 18, 3.587433
127, 19, 2.599184
127, 20, 4.292556
127, 21, 0.592919
127, 22, 1.621162
127, 23, 1.264069
127, 24, 1.374501
127, 25, 2.046121
127, 26, 1.771786
127, 27, 0.999550
127, 28, 1.865449
127, 29, 1.879422
127, 30, 0.674284
127, 31, 2.474020
127, 32, 0.422652
127, 33, 2.768622
127, 34, 2.327117
127, 35, 2.596151
127, 36, 1.564503
127, 37, 0.330980
127, 38, 0.375477
127, 39, 1.565520
127, 40, 2.655526
127, 41, 1.579806
127, 42, -0.273280
127, 43, 1.519445
127, 44, 0.519650
127, 45, 1.355569
127, 46, 2.257320
127, 47, 1.415481
127, 48, 2.067849
127, 49, 0.771901
127, 50, 2.182258
127, 51, 0.774579
127, 52, 1.253555
127, 53, -0.000015
127, 54, 2.758714
127, 55, 2.561694
127, 56, 1.936822
127, 57, 2.810548
127, 58, 0.829374
127, 59, 1.691667
127, 60, -0.360362
127, 61, 1.402721
127, 62, 2.032727
127, 63, 1.606443
127, 64, 1.796529
127, 65, 3.438770
127, 66, 1.750670
127, 67, 2.514823
127, 68, 2.197124
127, 69, 2.492929
127, 70, 2.950013
127, 71, 2.476565
127, 72, 3.799189
127, 73, 3.185267
127, 74, 1.588828
127, 75, 1.832799
127, 76, 1.302083
127, 77, 1.420353
127, 78, 1.916496
127, 79, 2.870838
127, 80, 2.645889
127, 81, 1.561833
127, 82, -0.137401
127, 83, 0.643627
127, 84, 1.219994
127, 85, 2.907050
127, 86, 3.267811
127, 87, 2.334270
127, 88, 1.398646
127, 89, 0.736955
127, 90, 0.951068
127, 91, 1.483868
127, 92, 0.911865
127, 93, 2.641291
127, 94, 1.627282
127, 95, 1.052477
127, 96, 1.414501
127, 97, 4.306370
127, 98, 2.015651
127, 99, 1.159450
127, 100, 0.792004
127, 101, -0.031273
127, 102, 1.675544
127, 103, 0.000000
127, 104, 3.533145
127, 105, 2.759202
127, 106, 1.431670
127, 107, 1.803368
127, 108, 1.019974
127, 109, -0.016499
127, 110, 1.862538
127, 111, 1.190074
127, 112, 1.198014
127, 113, 3.556752
127, 114, 1.082521
127, 115, 1.592933
127, 116, 1.629599
127, 117, 2.215946
127, 118, 0.754997
127, 119, 1.649436
127, 120, 2.226490
127, 121, 3.604651
127, 122, 2.491351
127, 123, 0.891844
127, 124, 2.107245
127, 125, 4.289458
127, 126, 1.213268
127, 127, 0.838413
127, 128, 0.555081
127, 129, 0.074872
127, 130, 1.477766
127, 131, 1.749791
127, 132, 1.203962
127, 133, 1.451959
127, 134, 1.165754
127, 135, 0.744959
127, 136, 0.257150
127, 137, 1.801042
127, 138, 0.985482
127, 139, 0.942853
127, 140, 3.518317
127, 141, 2.009923
127, 142, 2.935938
127, 143, 2.135359
127, 144, 1.393375
127, 145, 1.469971
127, 146, 1.963925
127, 147, 3.736943
127, 148, 2.406016
127, 149, 3.525483
127, 150, 1.491175
127, 151, 1.935183
127, 152, 2.106946
127, 153, -0.000057
127, 154, 1.580458
127, 155, 2.124192
127, 156, -0.010000
127, 157, 2.959859
127, 158, 1.879162
127, 159, 1.571474
127, 160, 2.953336
127, 161, 1.415876
127, 162, 3.293065
127, 163, 2.514873
127, 164, 3.356656
127, 165, 3.000279
127, 166, 3.633202
127, 167, 1.382793
127, 168, 0.719996
127, 169, 1.650842
127, 170, 1.509260
127, 171, 1.572339
127, 172, 1.882143
127, 173, 2.644464
127, 174, 1.806671
127, 175, 1.084479
127, 176, 3.293017
127, 177, 2.491574
127, 178, 0.771568
127, 179, 3.002781
127, 180, 3.495840
127, 181, 0.965567
127, 182, 3.085335
127, 183, -0.040000
127, 184, 1.507800
127, 185, 1.851676
127, 186, 3.275858
127, 187, -0.000789
127, 188, 2.549701
127, 189, 2.991996
127, 190, 2.445701
127, 191, 0.717938
127, 192, 2.155013
127, 193, 2.743352
127, 194, 1.537416
127, 195, -0.040000
127, 196, 3.979429
127, 197, 2.414484
127, 198, 2.174075
127, 199, 1.323820
129, 0, 1.647620
129, 1, 1.348145
129, 2, 2.204183
129, 3, 1.149885
129, 4, 1.460638
129, 5, 1.958303
129, 6, 0.000000
129, 7, 1.244126
129, 8, 3.110126
129, 9, 1.711106
129, 10, 1.932990
129, 11, 2.271102
129, 12, 2.571119
129, 13, -0.007580
129, 14, 2.587314
129, 15, 2.532267
129, 16, 1.318773
129, 17, 2.992502
129, 18, 3.584167
129, 19, 2.597584
129, 20, 4.279921
129, 21, 0.592919
129, 22, 1.666053
129, 23, 1.264069
129, 24, 1.374501
129, 25, 2.046121
129, 26, 1.774881
129, 27, 0.958858
129, 28, 1.847618
129, 29, 1.878527
129, 30, 0.674284
129, 31, 2.477410
129, 32, 0.422652
129, 33, 2.786469
129, 34, 2.360392
129, 35, 2.596735
129, 36, 1.564503
129, 37, 0.444680
129, 38, 0.375477
129, 39, 1.565520
129, 40, 2.658591
129, 41, 1.588249
129, 42, -0.279462
129, 43, 1.519445
129, 44, 0.519650
129, 45, 1.352753
129, 46, 2.256683
129, 47, 1.415481
129, 48, 2.067849
129, 49, 0.771901
129, 50, 2.205256
129, 51, 0.774579
129, 52, 1.275444
129, 53, -0.000015
129, 54, 2.690241
129, 55, 2.569951
129, 56, 1.936821
129, 57, 2.831863
129, 58, 0.829374
129, 59, 1.691667
129, 60, -0.360362
129, 61, 1.402721
129, 62, 2.033955
129, 63, 1.606152
129, 64, 1.821964
129, 65, 3.428222
129, 66, 1.750670
129, 67, 2.514823
129, 68, 2.193558
129, 69, 2.521639
129, 70, 2.954108
129, 71, 2.476565
129, 72, 3.798421
129, 73, 3.184612
129, 74, 1.588828
129, 75, 1.844118
129, 76, 1.302083
129, 77, 1.420353
129, 78, 1.916496
129, 79, 2.855949
129, 80, 2.647244
129, 81, 1.588921
129, 82, -0.136423
129, 83, 0.643627
129, 84, 1.219994
129, 85, 2.907052
129, 86, 3.270595
129, 87, 2.334270
129, 88, 1.398646
129, 89, 0.736955
129, 90, 0.958717
129, 91, 1.478420
129, 92, 0.885769
129, 93, 2.641314
129, 94, 1.639597
129, 95, 1.052425
129, 96, 1.469270
129, 97, 4.302946
129, 98, 2.014795
129, 99, 1.159450
129, 100, 0.792004
129, 101, -0.031273
129, 102, 1.675544
129, 103, 0.000000
129, 104, 3.533420
129, 105, 2.761924
129, 106, 1.431670
129, 107, 1.774416
129, 108, 1.019974
129, 109, -0.016499
129, 110, 1.868768
129, 111, 1.190074
129, 112, 1.198014
129, 113, 3.555647
129, 114, 1.075554
129, 115, 1.592933
129, 116, 1.629599
129, 117, 2.218418
129, 118, 0.754997
129, 119, 1.649436
129, 120, 2.221686
129, 121, 3.536128
129, 122, 2.491351
129, 123, 0.891844
129, 124, 2.107969
129, 125, 4.267185
129, 126, 1.190135
129, 127, 0.838413
129, 128, 0.555081
129, 129, 0.074872
129, 130, 1.477766
129, 131, 1.749791
129, 132, 1.203962
129, 133, 1.452923
129, 134, 1.165754
129, 135, 0.744959
129, 136, 0.257150
129, 137, 1.800713
129, 138, 0.985482
129, 139, 0.942853
129, 140, 3.519199
129, 141, 2.017349
129, 142, 2.965042
129, 143, 2.125828
129, 144, 1.421314
129, 145, 1.469971
129, 146, 1.972651
129, 147, 3.767372
129, 148, 2.416369
129, 149, 3.524794
129, 150, 1.491175
129, 151, 1.934047
129, 152, 2.106946
129, 153, -0.000057
129, 154, 1.582064
129, 155, 2.129007
129, 156, -0.010000
129, 157, 2.964475
129, 158, 1.883958
129, 159, 1.551486
129, 160, 2.953337
129, 161, 1.399692
129, 162, 3.302933
129, 163, 2.513434
129, 164, 3.356686
129, 165, 3.000055
129, 166, 3.636906
129, 167, 1.389669
129, 168, 0.719996
129, 169, 1.650842
129, 170, 1.509260
129, 171, 1.579394
129, 172, 1.885043
129, 173, 2.645926
129, 174, 1.787056
129, 175, 1.084479
129, 176, 3.297990
129, 177, 2.503817
129, 178, 0.771568
129, 179, 3.002472
129, 180, 3.490577
129, 181, 0.965567
129, 182, 3.097188
129, 183, -0.040000
129, 184, 1.513840
129, 185, 1.853899
129, 186, 3.288933
129, 187, -0.000789
129, 188, 2.555998
129, 189, 3.025584
129, 190, 2.445701
129, 191, 0.717938
129, 192, 2.137414
129, 193, 2.741610
129, 194, 1.537426
129, 195, -0.040000
129, 196, 3.978043
129, 197, 2.419250
129, 198, 2.183368
129, 199, 1.323820
131, 0, 1.647620
131, 1, 1.352393
131, 2, 2.240872
131, 3, 1.154995
131, 4, 1.460638
131, 5, 1.955851
131, 6, 0.000000
131, 7, 1.244126
131, 8, 3.152098
131, 9, 1.711106
131, 10, 1.938175
131, 11, 2.271102
131, 12, 2.566911
131, 13, -0.005286
131, 14, 2.587790
131, 15, 2.570562
131, 16, 1.330808
131, 17, 2.994925
131, 18, 3.587542
131, 19, 2.597584
131, 20, 4.293340
131, 21, 0.592919
131, 22, 1.707458
131, 23, 1.264069
131, 24, 1.374501
131, 25, 2.046121
131, 26, 1.774841
131, 27, 0.958858
131, 28, 1.821517
131, 29, 1.878312
131, 30, 0.674284
131, 31, 2.475543
131, 32, 0.422652
131, 33, 2.795653
131, 34, 2.393552
131, 35, 2.596527
131, 36, 1.564503
131, 37, 0.529587
131, 38, 0.375477
131, 39, 1.565520
131, 40, 2.659545
131, 41, 1.608620
131, 42, -0.282467
131, 43, 1.519445
131, 44, 0.519650
131, 45, 1.352753
131, 46, 2.263369
131, 47, 1.415481
131, 48, 2.067849
131, 49, 0.771901
131, 50, 2.218783
131, 51, 0.738069
131, 52, 1.285743
131, 53, -0.000015
131, 54, 2.711326
131, 55, 2.624931
131, 56, 1.936817
131, 57, 2.833355
131, 58, 0.829374
131, 59, 1.691667
131, 60, -0.360362
131, 61, 1.402721
131, 62, 2.034241
131, 63, 1.597438
131, 64, 1.844685
131, 65, 3.419886
131, 66, 1.750670
131, 67, 2.514823
131, 68, 2.172118
131, 69, 2.521639
131, 70, 2.954982
131, 71, 2.476565
131, 72, 3.798424
131, 73, 3.182029
131, 74, 1.588828
131, 75, 1.860693
131, 76, 1.272364
131, 77, 1.420353
131, 78, 1.916496
131, 79, 2.854706
131, 80, 2.648602
131, 81, 1.602492
131, 82, -0.136118
131, 83, 0.643627
131, 84, 1.130153
131, 85, 2.907053
131, 86, 3.270874
131, 87, 2.334270
131, 88, 1.398646
131, 89, 0.736955
131, 90, 0.965977
131, 91, 1.476950
131, 92, 0.871415
131, 93, 2.639924
131, 94, 1.639522
131, 95, 1.053022
131, 96, 1.505726
131, 97, 4.305720
131, 98, 2.021592
131, 99, 1.159450
131, 100, 0.792004
131, 101, -0.031273
131, 102, 1.675544
131, 103, 0.000000
131, 104, 3.532798
131, 105, 2.767972
131, 106, 1.431670
131, 107, 1.787247
131, 108, 1.019974
131, 109, -0.016499
131, 110, 1.875725
131, 111, 1.190074
131, 112, 1.198014
131, 113, 3.515655
131, 114, 1.075554
131, 115, 1.592933
131, 116, 1.629599
131, 117, 2.219043
131, 118, 0.754997
131, 119, 1.628296
131, 120, 2.216826
131, 121, 3.602287
131, 122, 2.491351
131, 123, 0.891844
131, 124, 2.115258
131, 125, 4.287692
131, 126, 1.168282
131, 127, 0.838413
131, 128, 0.555081
131, 129, 0.074872
131, 130, 1.477766
131, 131, 1.749791
131, 132, 1.203962
131, 133, 1.453491
131, 134, 1.165754
131, 135, 0.744959
131, 136, 0.257150
131, 137, 1.800663
131, 138, 0.985482
131, 139, 0.942853
131, 140, 3.524502
131, 141, 2.026196
131, 142, 2.973466
131, 143, 2.129793
131, 144, 1.446850
131, 145, 1.469971
131, 146, 1.980406
131, 147, 3.738450
131, 148, 2.421791
131, 149, 3.525463
131, 150, 1.491175
131, 151, 1.930355
131, 152, 2.106946
131, 153, 0.000000
131, 154, 1.582808
131, 155, 2.135273
131, 156, -0.010000
131, 157, 2.965955
131, 158, 1.897151
131, 159, 1.536954
131, 160, 2.953336
131, 161, 1.395900
131, 162, 3.303257
131, 163, 2.513434
131, 164, 3.356696
131, 165, 3.000034
131, 166, 3.634118
131, 167, 1.393018
131, 168, 0.719996
131, 169, 1.650842
131, 170, 1.509260
131, 171, 1.570535
131, 172, 1.891338
131, 173, 2.645467
131, 174, 1.665364
131, 175, 1.084479
131, 176, 3.297990
131, 177, 2.486958
131, 178, 0.771568
131, 179, 2.999804
131, 180, 3.418461
131, 181, 0.965567
131, 182, 3.098082
131, 183, -0.040000
131, 184, 1.519549
131, 185, 1.855950
131, 186, 3.296206
131, 187, -0.000789
131, 188, 2.569099
131, 189, 2.939528
131, 190, 2.445701
131, 191, 0.717938
131, 192, 2.160006
131, 193, 2.743797
131, 194, 1.537429
131, 195, -0.040000
131, 196, 3.979735
131, 197, 2.411095
131, 198, 2.193242
131, 199, 1.323820
133, 0, 1.647620
133, 1, 1.371755
133, 2, 2.303953
133, 3, 1.161972
133, 4, 1.460638
133, 5, 1.950641
133, 6, 0.000000
133, 7, 1.244126
133, 8, 3.099145
133, 9, 1.711106
133, 10, 1.939227
133, 11, 2.271102
133, 12, 2.561120
133, 13, -0.003486
133, 14, 2.587997
133, 15, 2.549736
133, 16, 1.374411
133, 17, 3.001939
133, 18, 3.588842
133, 19, 2.597584
133, 20, 4.295170
133, 21, 0.592919
133, 22, 1.745651
133, 23, 1.264069
133, 24, 1.374501
133, 25, 2.046121
133, 26, 1.773587
133, 27, 0.915441
133, 28, 1.788144
133, 29, 1.882041
133, 30, 0.674284
133, 31, 2.472431
133, 32, 0.422652
133, 33, 2.805835
133, 34, 2.402701
133, 35, 2.596060
133, 36, 1.564503
133, 37, 0.602994
133, 38, 0.375477
133, 39, 1.565520
133, 40, 2.659698
133, 41, 1.621017
133, 42, -0.298814
133, 43, 1.519445
133, 44, 0.519650
133, 45, 1.341772
133, 46, 2.274812
133, 47, 1.415481
133, 48, 2.067849
133, 49, 0.771901
133, 50, 2.223968
133, 51, 0.738069
133, 52, 1.295634
133, 53, -0.000015
133, 54, 2.723331
133, 55, 2.629402
133, 56, 1.939113
133, 57, 2.834677
133, 58, 0.829374
133, 59, 1.691667
133, 60, -0.360362
133, 61, 1.402721
133, 62, 2.034521
133, 63, 1.622894
133, 64, 1.864932
133, 65, 3.428630
133, 66, 1.750670
133, 67, 2.514823
133, 68, 2.159993
133, 69, 2.535486
133, 70, 2.954638
133, 71, 2.476565
133, 72, 3.798846
133, 73, 3.179075
133, 74, 1.588828
133, 75, 1.888288
133, 76, 1.272364
133, 77, 1.420353
133, 78, 1.916496
133, 79, 2.856368
133, 80, 2.649065
133, 81, 1.629102
133, 82, -0.137133
133, 83, 0.643627
133, 84, 1.130153
133, 85, 2.907455
133, 86, 3.263121
133, 87, 2.334270
133, 88, 1.398646
133, 89, 0.736955
133, 90, 0.972873
133, 91, 1.485486
133, 92, 0.854271
133, 93, 2.667758
133, 94, 1.635761
133, 95, 1.036112
133, 96, 1.567931
133, 97, 4.305354
133, 98, 2.038900
133, 99, 1.159450
133, 100, 0.792004
133, 101, -0.031273
133, 102, 1.675544
133, 103, 0.000000
133, 104, 3.533316
133, 105, 2.740004
133, 106, 1.431670
133, 107, 1.783119
133, 108, 0.933979
133, 109, -0.016499
133, 110, 1.878109
133, 111, 1.190074
133, 112, 1.198014
133, 113, 3.556529
133, 114, 1.075554
133, 115, 1.592933
133, 116, 1.629599
133, 117, 2.222373
133, 118, 0.754997
133, 119, 1.628296
133, 120, 2.119282
133, 121, 3.544657
133, 122, 2.491351
133, 123, 0.891844
133, 124, 2.115946
133, 125, 4.271762
133, 126, 1.166811
133, 127, 0.838413
133, 128, 0.555081
133, 129, 0.074872
133, 130, 1.477766
133, 131, 1.749791
133, 132, 1.203962
133, 133, 1.453837
133, 134, 1.165754
133, 135, 0.744959
133, 136, 0.257150
133, 137, 1.800703
133, 138, 0.985482
133, 139, 0.942853
133, 140, 3.527810
133, 141, 2.033786
133, 142, 3.001510
133, 143, 2.137194
133, 144, 1.470095
133, 145, 1.469971
133, 146, 1.992968
133, 147, 3.712350
133, 148, 2.426645
133, 149, 3.525486
133, 150, 1.491175
133, 151, 1.928622
133, 152, 2.106946
133, 153, 0.000000
133, 154, 1.586440
133, 155, 2.139331
133, 156, -0.010000
133, 157, 2.969476
133, 158, 1.921227
133, 159, 1.529087
133, 160, 2.953336
133, 161, 1.361765
133, 162, 3.314517
133, 163, 2.513434
133, 164, 3.356700
133, 165, 3.001274
133, 166, 3.631587
133, 167, 1.401602
133, 168, 0.719996
133, 169, 1.650842
133, 170, 1.509260
133, 171, 1.570535
133, 172, 1.891043
133, 173, 2.642802
133, 174, 1.485042
133, 175, 1.084479
133, 176, 3.298561
133, 177, 2.488555
133, 178, 0.771568
133, 179, 3.001699
133, 180, 3.495845
133, 181, 0.965567
133, 182, 3.098656
133, 183, -0.040000
133, 184, 1.521672
133, 185, 1.857841
133, 186, 3.292942
133, 187, 0.000000
133, 188, 2.599442
133, 189, 2.936515
133, 190, 2.445701
133, 191, 0.717938
133, 192, 2.155619
133, 193, 2.741595
133, 194, 1.537433
133, 195, -0.040000
133, 196, 3.965671
133, 197, 2.412873
133, 198, 2.197628
133, 199, 1.323820
135, 0, 1.647620
135, 1, 1.380477
135, 2, 2.294027
135, 3, 1.166121
135, 4, -0.339888
135, 5, 1.947052
135, 6, 0.000000
135, 7, 1.244126
135, 8, 3.144994
135, 9, 1.711106
135, 10, 1.939227
135, 11, 2.271101
135, 12, 2.561949
135, 13, -0.002041
135, 14, 2.588133
135, 15, 2.587461
135, 16, 1.371695
135, 17, 3.004516
135, 18, 3.583291
135, 19, 2.597584
135, 20, 4.292161
135, 21, 0.592919
135, 22, 1.780878
135, 23, 1.264069
135, 24, 1.374501
135, 25, 2.046121
135, 26, 1.773271
135, 27, 0.867939
135, 28, 1.753152
135, 29, 1.881018
135, 30, 0.674284
135, 31, 2.469572
135, 32, 0.422652
135, 33, 2.814347
135, 34, 2.352648
135, 35, 2.595548
135, 36, 1.564503
135, 37, 0.674159
135, 38, 0.375477
135, 39, 1.565520
135, 40, 2.671748
135, 41, 1.633365
135, 42, -0.325641
135, 43, 1.519445
135, 44, 0.519650
135, 45, 1.335691
135, 46, 2.291726
135, 47, 1.415481
135, 48, 2.067849
135, 49, 0.771901
135, 50, 2.235303
135, 51, 0.738069
135, 52, 1.314256
135, 53, -0.000015
135, 54, 2.685236
135, 55, 2.647803
135, 56, 1.939113
135, 57, 2.835189
135, 58, 0.829374
135, 59, 1.691667
135, 60, -0.370319
135, 61, 1.402721
135, 62, 2.034623
135, 63, 1.626754
135, 64, 1.882925
135, 65, 3.432216
135, 66, 1.750670
135, 67, 2.514823
135, 68, 2.149606
135, 69, 2.535486
135, 70, 2.953672
135, 71, 2.476565
135, 72, 3.799112
135, 73, 3.178943
135, 74, 1.588828
135, 75, 1.899933
135, 76, 1.241282
135, 77, 1.420353
135, 78, 1.916496
135, 79, 2.856368
135, 80, 2.649382
135, 81, 1.653521
135, 82, -0.136169
135, 83, -0.090004
135, 84, 1.130153
135, 85, 2.907456
135, 86, 3.264452
135, 87, 2.341955
135, 88, 1.398646
135, 89, 0.736955
135, 90, 0.979424
135, 91, 1.481391
135, 92, 0.823139
135, 93, 2.679604
135, 94, 1.632728
135, 95, 1.031615
135, 96, 1.625952
135, 97, 4.305329
135, 98, 2.070165
135, 99, 1.159450
135, 100, 0.792004
135, 101, -0.031273
135, 102, 1.675544
135, 103, 0.000000
135, 104, 3.532027
135, 105, 2.741707
135, 106, 1.431670
135, 107, 1.801644
135, 108, 0.933979
135, 109, -0.016499
135, 110, 1.880480
135, 111, 1.190074
135, 112, 1.198014
135, 113, 3.544717
135, 114, 1.068332
135, 115, 1.592933
135, 116, 1.629599
135, 117, 2.224310
135, 118, 0.815640
135, 119, 1.606361
135, 120, 2.122690
135, 121, 3.594949
135, 122, 2.491351
135, 123, 0.891844
135, 124, 2.123214
135, 125, 4.285652
135, 126, 1.129092
135, 127, 0.838413
135, 128, 0.555081
135, 129, 0.074872
135, 130, 1.477766
135, 131, 1.749791
135, 132, 1.203962
135, 133, 1.453072
135, 134, 1.165754
135, 135, 0.744959
135, 136, 0.257150
135, 137, 1.800889
135, 138, 0.985482
135, 139, 0.942853
135, 140, 3.525443
135, 141, 2.041888
135, 142, 3.013225
135, 143, 2.142855
135, 144, 1.491143
135, 145, 1.469971
135, 146, 2.000149
135, 147, 3.757947
135, 148, 2.434335
135, 149, 3.525225
135, 150, 1.491175
135, 151, 1.928895
135, 152, 2.106946
135, 153, 0.000000
135, 154, 1.590953
135, 155, 2.144588
135, 156, -0.010000
135, 157, 2.973114
135, 158, 1.916725
135, 159, 1.516050
135, 160, 2.953336
135, 161, 1.352833
135, 162, 3.283159
135, 163, 2.513434
135, 164, 3.356704
135, 165, 3.001122
135, 166, 3.629124
135, 167, 1.406870
135, 168, 0.719996
135, 169, 1.650842
135, 170, 1.509260
135, 171, 1.657447
135, 172, 1.893941
135, 173, 2.645828
135, 174, 1.480716
135, 175, 1.084479
135, 176, 3.296022
135, 177, 2.494253
135, 178, 0.771568
135, 179, 3.002501
135, 180, 3.468269
135, 181, 0.965567
135, 182, 3.099023
135, 183, -0.040000
135, 184, 1.471591
135, 185, 1.859586
135, 186, 3.291423
135, 187, 0.000000
135, 188, 2.609773
135, 189, 2.964148
135, 190, 2.445701
135, 191, 0.717938
135, 192, 2.145076
135, 193, 2.743545
135, 194, 1.537432
135, 195, -0.040000
135, 196, 3.981311
135, 197, 2.412873
135, 198, 2.204682
135, 199, 1.323820
137, 0, 1.647620
137, 1, 1.388145
137, 2, 2.312978
137, 3, 1.168589
137, 4, -0.339888
137, 5, 1.944633
137, 6, 0.000000
137, 7, 1.244126
137, 8, 3.177972
137, 9, 1.711106
137, 10, 1.939227
137, 11, 2.271102
137, 12, 2.592357
137, 13, -0.001016
137, 14, 2.588269
137, 15, 2.500257
137, 16, 1.335855
137, 17, 3.015811
137, 18, 3.587713
137, 19, 2.597584
137, 20, 4.291829
137, 21, 0.592919
137, 22, 1.813371
137, 23, 1.264069
137, 24, 1.374501
137, 25, 2.046121
137, 26, 1.771456
137, 27, 0.867939
137, 28, 1.723077
137, 29, 1.880531
137, 30, 0.674284
137, 31, 2.542730
137, 32, 0.422652
137, 33, 2.818562
137, 34, 2.393137
137, 35, 2.595037
137, 36, 1.566059
137, 37, 0.752204
137, 38, 0.375477
137, 39, 1.565520
137, 40, 2.671839
137, 41, 1.638767
137, 42, -0.352352
137, 43, 1.519445
137, 44, 0.519650
137, 45, 1.335691
137, 46, 2.288216
137, 47, 1.415481
137, 48, 2.067849
137, 49, 0.771901
137, 50, 2.238975
137, 51, 0.700052
137, 52, 1.331432
137, 53, -0.000015
137, 54, 2.709381
137, 55, 2.717459
137, 56, 1.939115
137, 57, 2.856529
137, 58, 0.829374
137, 59, 1.691667
137, 60, -0.370319
137, 61, 1.402721
137, 62, 2.034659
137, 63, 1.623364
137, 64, 1.898865
137, 65, 3.431103
137, 66, 1.750670
137, 67, 2.514823
137, 68, 2.153391
137, 69, 2.554159
137, 70, 2.954974
137, 71, 2.476565
137, 72, 3.799456
137, 73, 3.185044
137, 74, 1.588828
137, 75, 1.915815
137, 76, 1.241282
137, 77, 1.420353
137, 78, 1.916496
137, 79, 2.856368
137, 80, 2.650237
137, 81, 1.666802
137, 82, -0.135646
137, 83, -0.090004
137, 84, 1.024008
137, 85, 2.907456
137, 86, 3.270624
137, 87, 2.334270
137, 88, 1.398646
137, 89, 0.647280
137, 90, 0.985650
137, 91, 1.473926
137, 92, 0.807352
137, 93, 2.684817
137, 94, 1.635817
137, 95, 1.019433
137, 96, 1.664185
137, 97, 4.307020
137, 98, 2.087897
137, 99, 1.159450
137, 100, 0.792004
137, 101, -0.031273
137, 102, 1.675544
137, 103, 0.000000
137, 104, 3.531406
137, 105, 2.741077
137, 106, 1.431670
137, 107, 1.786944
137, 108, 0.933979
137, 109, -0.016499
137, 110, 1.885121
137, 111, 1.190074
137, 112, 1.198014
137, 113, 3.556376
137, 114, 1.068332
137, 115, 1.592933
137, 116, 1.629599
137, 117, 2.224656
137, 118, 0.868781
137, 119, 1.606361
137, 120, 2.079393
137, 121, 3.620032
137, 122, 2.491351
137, 123, 0.891844
137, 124, 2.123871
137, 125, 4.290431
137, 126, 1.116960
137, 127, 0.838413
137, 128, 0.555081
137, 129, 0.074872
137, 130, 1.477766
137, 131, 1.749791
137, 132, 1.203962
137, 133, 1.452615
137, 134, 1.165754
137, 135, 0.744959
137, 136, 0.257150
137, 137, 1.801049
137, 138, 0.985482
137, 139, 0.942853
137, 140, 3.513113
137, 141, 2.051214
137, 142, 3.008666
137, 143, 2.132443
137, 144, 1.524573
137, 145, 1.469971
137, 146, 2.012555
137, 147, 3.716398
137, 148, 2.445271
137, 149, 3.525486
137, 150, 1.491175
137, 151, 1.929519
137, 152, 2.106946
137, 153, 0.000000
137, 154, 1.593774
137, 155, 2.147929
137, 156, -0.010000
137, 157, 2.976530
137, 158, 1.891222
137, 159, 1.500914
137, 160, 2.953336
137, 161, 1.343002
137, 162, 3.283903
137, 163, 2.513434
137, 164, 3.356708
137, 165, 3.000724
137, 166, 3.631702
137, 167, 1.409328
137, 168, 0.719996
137, 169, 1.650842
137, 170, 1.509260
137, 171, 1.731792
137, 172, 1.897569
137, 173, 2.651292
137, 174, 1.416649
137, 175, 1.084479
137, 176, 3.299943
137, 177, 2.488155
137, 178, 0.771568
137, 179, 3.006437
137, 180, 3.496194
137, 181, 0.965567
137, 182, 3.099023
137, 183, -0.040000
137, 184, 1.459728
137, 185, 1.861196
137, 186, 3.278784
137, 187, 0.000000
137, 188, 2.609259
137, 189, 2.996081
137, 190, 2.445701
137, 191, 0.717938
137, 192, 2.157782
137, 193, 2.741023
137, 194, 1.537432
137, 195, -0.040000
137, 196, 3.973585
137, 197, 2.419382
137, 198, 2.208636
137, 199, 1.323820
139, 0, 1.647620
139, 1, 1.407254
139, 2, 2.357343
139, 3, 1.170057
139, 4, -0.339888
139, 5, 1.945067
139, 6, 0.000000
139, 7, 1.244126
139, 8, 3.061763
139, 9, 1.711106
139, 10, 1.910190
139, 11, 2.431086
139, 12, 2.742786
139, 13, -0.000087
139, 14, 2.588366
139, 15, 2.511026
139, 16, 1.328856
139, 17, 3.027123
139, 18, 3.588652
139, 19, 2.597584
139, 20, 4.284411
139, 21, 0.652929
139, 22, 1.860310
139, 23, 1.264069
139, 24, 1.374501
139, 25, 2.046121
139, 26, 1.950175
139, 27, 0.816275
139, 28, 1.765601
139, 29, 1.875752
139, 30, 0.674284
139, 31, 2.546310
139, 32, 0.422652
139, 33, 2.824504
139, 34, 2.389141
139, 35, 2.594500
139, 36, 1.566059
139, 37, 0.827964
139, 38, 0.375477
139, 39, 1.565520
139, 40, 2.671849
139, 41, 1.647534
139, 42, 1.004577
139, 43, 1.519445
139, 44, 0.519650
139, 45, 1.328749
139, 46, 2.279270
139, 47, 1.415481
139, 48, 2.264041
139, 49, 0.771901
139, 50, 2.240115
139, 51, 0.700052
139, 52, 1.339513
139, 53, -0.000015
139, 54, 2.722586
139, 55, 2.763052
139, 56, 1.999125
139, 57, 2.857672
139, 58, 0.829374
139, 59, 1.691667
139, 60, -0.370319
139, 61, 1.405779
139, 62, 2.034673
139, 63, 1.653798
139, 64, 2.093139
139, 65, 3.432463
139, 66, 1.810680
139, 67, 2.514823
139, 68, 2.156252
139, 69, 2.548611
139, 70, 2.954625
139, 71, 2.484968
139, 72, 3.945282
139, 73, 3.184738
139, 74, 1.618832
139, 75, 1.925931
139, 76, 1.207783
139, 77, 1.420353
139, 78, 1.916496
139, 79, 2.856368
139, 80, 2.828017
139, 81, 1.690122
139, 82, -0.130690
139, 83, -0.090004
139, 84, 0.939994
139, 85, 2.907456
139, 86, 3.297812
139, 87, 2.334270
139, 88, 1.398646
139, 89, 0.647280
139, 90, 0.991568
139, 91, 1.435344
139, 92, 0.807352
139, 93, 2.688015
139, 94, 1.633746
139, 95, 1.006856
139, 96, 1.893126
139, 97, 4.369999
139, 98, 2.191333
139, 99, 1.159450
139, 100, 0.792004
139, 101, -0.031273
139, 102, 1.675544
139, 103, 0.000000
139, 104, 3.532145
139, 105, 2.747133
139, 106, 1.435948
139, 107, 1.803376
139, 108, 0.845650
139, 109, -0.016499
139, 110, 1.885471
139, 111, 1.190074
139, 112, 1.199225
139, 113, 3.761007
139, 114, 1.098320
139, 115, 1.649909
139, 116, 1.710652
139, 117, 2.345481
139, 118, 0.916021
139, 119, 1.583488
139, 120, 2.079393
139, 121, 3.599036
139, 122, 2.595231
139, 123, 0.891844
139, 124, 2.131099
139, 125, 4.285621
139, 126, 1.119105
139, 127, 0.838413
139, 128, 0.557311
139, 129, 0.075933
139, 130, 1.477766
139, 131, 1.869810
139, 132, 1.233967
139, 133, 1.452342
139, 134, 1.165754
139, 135, 0.774964
139, 136, 0.257150
139, 137, 1.801142
139, 138, 0.985482
139, 139, 0.942853
139, 140, 3.514484
139, 141, 2.234825
139, 142, 3.026411
139, 143, 2.214238
139, 144, 1.548769
139, 145, 1.469971
139, 146, 2.009978
139, 147, 3.769448
139, 148, 2.643925
139, 149, 3.525400
139, 150, 1.491175
139, 151, 1.930868
139, 152, 2.106946
139, 153, 0.000000
139, 154, 1.593774
139, 155, 2.151295
139, 156, -0.010000
139, 157, 2.978660
139, 158, 1.881926
139, 159, 1.499350
139, 160, 2.953336
139, 161, 1.341996
139, 162, 3.284767
139, 163, 2.513434
139, 164, 3.356711
139, 165, 2.999139
139, 166, 3.633171
139, 167, 1.409328
139, 168, 0.719996
139, 169, 1.650842
139, 170, 1.509260
139, 171, 1.795419
139, 172, 1.898602
139, 173, 2.654478
139, 174, 1.385119
139, 175, 1.084479
139, 176, 3.303021
139, 177, 2.501219
139, 178, 0.771568
139, 179, 3.006499
139, 180, 3.490443
139, 181, 0.965567
139, 182, 3.099023
139, 183, -0.040000
139, 184, 1.463851
139, 185, 1.862680
139, 186, 3.273895
139, 187, 0.000000
139, 188, 2.622289
139, 189, 3.022181
139, 190, 2.445701
139, 191, 0.717938
139, 192, 2.162967
139, 193, 2.740553
139, 194, 1.537432
139, 195, -0.040000
139, 196, 3.976755
139, 197, 2.419382
139, 198, 2.216226
139, 199, 1.323820
141, 0, 1.647620
141, 1, 1.414945
141, 2, 2.312608
141, 3, 1.170927
141, 4, -0.339888
141, 5, 1.946684
141, 6, 0.000000
141, 7, 1.244126
141, 8, 3.221662
141, 9, 1.711106
141, 10, 1.910190
141, 11, 2.271102
141, 12, 2.607012
141, 13, -0.000087
141, 14, 2.588493
141, 15, 2.474797
141, 16, 1.301403
141, 17, 3.037571
141, 18, 3.584963
141, 19, 2.597584
141, 20, 4.267167
141, 21, 0.592919
141, 22, 1.870985
141, 23, 1.264069
141, 24, 1.374501
141, 25, 2.046121
141, 26, 1.767793
141, 27, 0.816275
141, 28, 1.661059
141, 29, 1.872645
141, 30, 0.674284
141, 31, 2.561746
141, 32, 0.422652
141, 33, 2.827246
141, 34, 2.373158
141, 35, 2.594006
141, 36, 1.570851
141, 37, 0.904221
141, 38, 0.375477
141, 39, 1.565520
141, 40, 2.671849
141, 41, 1.653076
141, 42, 1.004577
141, 43, 1.519445
141, 44, 0.519650
141, 45, 1.320294
141, 46, 2.281891
141, 47, 1.415481
141, 48, 2.067849
141, 49, 0.771901
141, 50, 2.240462
141, 51, 0.700052
141, 52, 1.354727
141, 53, -0.000015
141, 54, 2.694305
141, 55, 2.734897
141, 56, 1.939114
141, 57, 2.858500
141, 58, 0.829374
141, 59, 1.691667
141, 60, -0.370319
141, 61, 1.402721
141, 62, 2.034678
141, 63, 1.670259
141, 64, 1.925315
141, 65, 3.406618
141, 66, 1.750670
141, 67, 2.514823
141, 68, 2.154221
141, 69, 2.564954
141, 70, 2.954423
141, 71, 2.476565
141, 72, 3.798370
141, 73, 3.187330
141, 74, 1.588828
141, 75, 1.934788
141, 76, 1.207783
141, 77, 1.420353
141, 78, 1.916496
141, 79, 2.856368
141, 80, 2.652913
141, 81, 1.695011
141, 82, -0.126436
141, 83, -0.090004
141, 84, 0.939994
141, 85, 2.907456
141, 86, 3.301503
141, 87, 2.334270
141, 88, 1.398646
141, 89, 0.647280
141, 90, 0.997195
141, 91, 1.420985
141, 92, 0.807352
141, 93, 2.637852
141, 94, 1.635746
141, 95, 1.029900
141, 96, 1.810249
141, 97, 4.307187
141, 98, 2.138632
141, 99, 1.159450
141, 100, 0.792004
141, 101, -0.031273
141, 102, 1.675544
141, 103, 0.000000
141, 104, 3.531656
141, 105, 2.745580
141, 106, 1.431670
141, 107, 1.781819
141, 108, 0.845650
141, 109, -0.016499
141, 110, 1.882859
141, 111, 1.190074
141, 112, 1.199225
141, 113, 3.499926
141, 114, 1.068332
141, 115, 1.592933
141, 116, 1.629599
141, 117, 2.225821
141, 118, 0.958002
141, 119, 1.560656
141, 120, 2.088823
141, 121, 3.641709
141, 122, 2.491351
141, 123, 0.846465
141, 124, 2.127371
141, 125, 4.282666
141, 126, 1.124006
141, 127, 0.838413
141, 128, 0.555081
141, 129, 0.074872
141, 130, 1.478321
141, 131, 1.749791
141, 132, 1.204244
141, 133, 1.452176
141, 134, 1.165754
141, 135, 0.744959
141, 136, 0.257150
141, 137, 1.801284
141, 138, 0.985482
141, 139, 0.942853
141, 140, 3.492379
141, 141, 2.064104
141, 142, 3.044340
141, 143, 2.126698
141, 144, 1.548769
141, 145, 1.469971
141, 146, 2.016584
141, 147, 3.772966
141, 148, 2.452863
141, 149, 3.525112
141, 150, 1.491175
141, 151, 1.929071
141, 152, 2.106946
141, 153, 0.000000
141, 154, 1.593774
141, 155, 2.160770
141, 156, -0.010000
141, 157, 2.984951
141, 158, 1.848680
141, 159, 1.499350
141, 160, 2.953336
141, 161, 1.303728
141, 162, 3.284871
141, 163, 2.513434
141, 164, 3.356715
141, 165, 2.998141
141, 166, 3.632286
141, 167, 1.409328
141, 168, 0.719996
141, 169, 1.650842
141, 170, 1.509260
141, 171, 1.849920
141, 172, 1.899440
141, 173, 2.656351
141, 174, 1.394250
141, 175, 1.084479
141, 176, 3.307176
141, 177, 2.503288
141, 178, 0.771568
141, 179, 3.002675
141, 180, 3.393490
141, 181, 0.965567
141, 182, 3.099023
141, 183, -0.040000
141, 184, 1.474600
141, 185, 1.864050
141, 186, 3.282065
141, 187, 0.000000
141, 188, 2.620836
141, 189, 3.049857
141, 190, 2.445701
141, 191, 0.717938
141, 192, 2.142716
141, 193, 2.741992
141, 194, 1.537430
141, 195, -0.040000
141, 196, 3.980788
141, 197, 2.419382
141, 198, 2.222535
141, 199, 1.323820
143, 0, 1.647620
143, 1, 1.421752
143, 2, 2.319551
143, 3, 1.171448
143, 4, -0.339888
143, 5, 1.949795
143, 6, 0.000000
143, 7, 1.244126
143, 8, 3.249302
143, 9, 1.711106
143, 10, 1.910190
143, 11, 2.271102
143, 12, 2.638153
143, 13, -0.000087
143, 14, 2.588594
143, 15, 2.458711
143, 16, 1.247263
143, 17, 3.044188
143, 18, 3.587913
143, 19, 2.597584
143, 20, 4.279588
143, 21, 0.592919
143, 22, 1.896482
143, 23, 1.264069
143, 24, 1.374501
143, 25, 2.046121
143, 26, 1.764769
143, 27, 0.816275
143, 28, 1.661059
143, 29, 1.867201
143, 30, 0.674284
143, 31, 2.587193
143, 32, 0.422652
143, 33, 2.827195
143, 34, 2.382411
143, 35, 2.593500
143, 36, 1.573950
143, 37, 0.941844
143, 38, 0.375477
143, 39, 1.565520
143, 40, 2.677159
143, 41, 1.656910
143, 42, 1.004577
143, 43, 1.519445
143, 44, 0.519650
143, 45, 1.320294
143, 46, 2.272665
143, 47, 1.415481
143, 48, 2.067849
143, 49, 0.771901
143, 50, 2.255830
143, 51, 0.700052
143, 52, 1.368758
143, 53, -0.000015
143, 54, 2.714541
143, 55, 2.763349
143, 56, 1.939112
143, 57, 2.878136
143, 58, 0.829374
143, 59, 1.691667
143, 60, -0.370319
143, 61, 1.402721
143, 62, 2.034679
143, 63, 1.672059
143, 64, 2.116351
143, 65, 3.403677
143, 66, 1.810680
143, 67, 2.514823
143, 68, 2.141769
143, 69, 2.567957
143, 70, 2.955028
143, 71, 2.476565
143, 72, 3.944630
143, 73, 3.190598
143, 74, 1.618832
143, 75, 1.934788
143, 76, 1.207783
143, 77, 1.420353
143, 78, 1.916496
143, 79, 2.856368
143, 80, 2.832896
143, 81, 1.702360
143, 82, -0.123477
143, 83, -0.090004
143, 84, 0.939994
143, 85, 2.907455
143, 86, 3.317451
143, 87, 2.334270
143, 88, 1.398646
143, 89, 0.647280
143, 90, 1.002547
143, 91, 1.397838
143, 92, 0.807352
143, 93, 2.655433
143, 94, 1.637509
143, 95, 1.060212
143, 96, 2.010590
143, 97, 4.359686
143, 98, 2.220544
143, 99, 1.159450
143, 100, 0.792004
143, 101, -0.031273
143, 102, 1.675544
143, 103, 0.000000
143, 104, 3.532132
143, 105, 2.748414
143, 106, 1.435948
143, 107, 1.769640
143, 108, 0.845650
143, 109, -0.016499
143, 110, 1.883479
143, 111, 1.190074
143, 112, 1.199225
143, 113, 3.770947
143, 114, 1.098320
143, 115, 1.579223
143, 116, 1.710652
143, 117, 2.345875
143, 118, 0.995854
143, 119, 1.560656
143, 120, 2.082499
143, 121, 3.573886
143, 122, 2.595231
143, 123, 0.846465
143, 124, 2.119029
143, 125, 4.274479
143, 126, 1.094847
143, 127, 0.838413
143, 128, 0.557311
143, 129, 0.075933
143, 130, 1.476906
143, 131, 1.869810
143, 132, 1.234249
143, 133, 1.452084
143, 134, 1.165754
143, 135, 0.774964
143, 136, 0.257150
143, 137, 1.801472
143, 138, 0.985482
143, 139, 0.943241
143, 140, 3.482180
143, 141, 2.241015
143, 142, 3.059856
143, 143, 2.199306
143, 144, 1.548769
143, 145, 1.469971
143, 146, 2.021142
143, 147, 3.763769
143, 148, 2.646975
143, 149, 3.525353
143, 150, 1.491175
143, 151, 2.114901
143, 152, 2.106946
143, 153, 0.000000
143, 154, 1.593774
143, 155, 2.168836
143, 156, -0.010000
143, 157, 2.986026
143, 158, 1.887175
143, 159, 1.494783
143, 160, 3.003449
143, 161, 1.303728
143, 162, 3.298652
143, 163, 2.515217
143, 164, 3.356719
143, 165, 2.996599
143, 166, 3.822716
143, 167, 1.469337
143, 168, 0.719996
143, 169, 1.650842
143, 170, 1.509260
143, 171, 1.896662
143, 172, 1.900626
143, 173, 2.653710
143, 174, 1.444952
143, 175, 1.084479
143, 176, 3.308362
143, 177, 2.497926
143, 178, 0.771568
143, 179, 3.003034
143, 180, 3.714307
143, 181, 0.965567
143, 182, 3.292788
143, 183, -0.040000
143, 184, 1.501352
143, 185, 1.865313
143, 186, 3.291169
143, 187, 0.000000
143, 188, 2.623414
143, 189, 2.988579
143, 190, 2.450993
143, 191, 0.717938
143, 192, 2.164439
143, 193, 2.927641
143, 194, 1.537431
143, 195, -0.040000
143, 196, 4.183931
143, 197, 2.421544
143, 198, 2.225103
143, 199, 1.323820
145, 0, 1.647620
145, 1, 1.440823
145, 2, 2.283125
145, 3, 1.171757
145, 4, -0.339888
145, 5, 1.952875
145, 6, 0.000000
145, 7, 1.244126
145, 8, 3.299756
145, 9, 1.711106
145, 10, 1.910190
145, 11, 2.271102
145, 12, 2.641478
145, 13, -0.000087
145, 14, 2.588732
145, 15, 2.510550
145, 16, 1.189639
145, 17, 3.039258
145, 18, 3.579762
145, 19, 2.618845
145, 20, 4.266552
145, 21, 0.592919
145, 22, 1.919998
145, 23, 1.264069
145, 24, 1.374501
145, 25, 2.046121
145, 26, 1.765415
145, 27, 0.816275
145, 28, 1.661059
145, 29, 1.865575
145, 30, 0.674284
145, 31, 2.595747
145, 32, 0.422652
145, 33, 2.827195
145, 34, 2.361121
145, 35, 2.593062
145, 36, 1.562477
145, 37, 0.971926
145, 38, 0.375477
145, 39, 1.565520
145, 40, 2.677159
145, 41, 1.653031
145, 42, 1.004577
145, 43, 1.519445
145, 44, 0.519650
145, 45, 1.307156
145, 46, 2.283935
145, 47, 1.415481
145, 48, 2.067849
145, 49, 0.771901
145, 50, 2.255830
145, 51, 0.700052
145, 52, 1.375358
145, 53, -0.000015
145, 54, 2.667801
145, 55, 2.773134
145, 56, 1.939113
145, 57, 2.879972
145, 58, 0.829374
145, 59, 1.691667
145, 60, -0.370319
145, 61, 1.402721
145, 62, 2.034679
145, 63, 1.684968
145, 64, 1.945586
145, 65, 3.449508
145, 66, 1.750670
145, 67, 2.514823
145, 68, 2.141240
145, 69, 2.567957
145, 70, 2.954237
145, 71, 2.476565
145, 72, 3.798743
145, 73, 3.190337
145, 74, 1.588828
145, 75, 1.934788
145, 76, 1.207783
145, 77, 1.420353
145, 78, 1.916496
145, 79, 2.856368
145, 80, 2.655281
145, 81, 1.707815
145, 82, -0.121644
145, 83, -0.090004
145, 84, 0.939994
145, 85, 2.907456
145, 86, 3.317595
145, 87, 2.361339
145, 88, 1.398646
145, 89, 0.647280
145, 90, 1.007639
145, 91, 1.392733
145, 92, 0.807352
145, 93, 2.676385
145, 94, 1.624425
145, 95, 1.050935
145, 96, 1.849026
145, 97, 4.303033
145, 98, 2.128829
145, 99, 1.159450
145, 100, 0.792004
145, 101, -0.031273
145, 102, 1.675544
145, 103, 0.000000
145, 104, 3.531312
145, 105, 2.743984
145, 106, 1.431670
145, 107, 1.808573
145, 108, 0.845650
145, 109, -0.016499
145, 110, 1.885324
145, 111, 1.160703
145, 112, 1.199225
145, 113, 3.552345
145, 114, 1.068332
145, 115, 1.522247
145, 116, 1.629599
145, 117, 2.225859
145, 118, 1.028838
145, 119, 1.536530
145, 120, 2.072365
145, 121, 3.613267
145, 122, 2.491351
145, 123, 0.798101
145, 124, 2.120483
145, 125, 4.285126
145, 126, 1.038839
145, 127, 0.838413
145, 128, 0.555081
145, 129, 0.074872
145, 130, 1.475858
145, 131, 1.749791
145, 132, 1.204244
145, 133, 1.452032
145, 134, 1.165754
145, 135, 0.744959
145, 136, 0.257150
145, 137, 1.801618
145, 138, 0.985482
145, 139, 0.943241
145, 140, 3.481046
145, 141, 2.066729
145, 142, 3.044030
145, 143, 2.093437
145, 144, 1.548769
145, 145, 1.469971
145, 146, 2.033203
145, 147, 3.676002
145, 148, 2.453706
145, 149, 3.524900
145, 150, 1.491175
145, 151, 1.927191
145, 152, 2.106946
145, 153, 0.000000
145, 154, 1.593774
145, 155, 2.178932
145, 156, -0.010000
145, 157, 2.986382
145, 158, 1.925043
145, 159, 1.489565
145, 160, 2.953336
145, 161, 1.286213
145, 162, 3.298412
145, 163, 2.513631
145, 164, 3.356723
145, 165, 2.996099
145, 166, 3.632614
145, 167, 1.409328
145, 168, 0.719996
145, 169, 1.650842
145, 170, 1.509260
145, 171, 1.936803
145, 172, 1.920378
145, 173, 2.651767
145, 174, 1.487625
145, 175, 1.084479
145, 176, 3.308362
145, 177, 2.490922
145, 178, 0.771568
145, 179, 3.004091
145, 180, 3.501305
145, 181, 0.965567
145, 182, 3.099023
145, 183, -0.040000
145, 184, 1.491871
145, 185, 1.866478
145, 186, 3.288374
145, 187, 0.000000
145, 188, 2.625690
145, 189, 3.022432
145, 190, 2.409982
145, 191, 0.717938
145, 192, 2.139035
145, 193, 2.743930
145, 194, 1.537432
145, 195, -0.040000
145, 196, 3.952912
145, 197, 2.422107
145, 198, 2.232263
145, 199, 1.323820
147, 0, 1.647620
147, 1, 1.447757
147, 2, 2.296191
147, 3, 1.171942
147, 4, -0.339888
147, 5, 1.952543
147, 6, 0.000000
147, 7, 1.244126
147, 8, 3.180368
147, 9, 1.711106
147, 10, 1.910190
147, 11, 2.271102
147, 12, 2.642529
147, 13, -0.000087
147, 14, 2.588824
147, 15, 2.548479
147, 16, 1.166569
147, 17, 3.046381
147, 18, 3.586146
147, 19, 2.616169
147, 20, 4.260877
147, 21, 0.592919
147, 22, 1.941686
147, 23, 1.264069
147, 24, 1.374501
147, 25, 2.046121
147, 26, 1.766634
147, 27, 0.812977
147, 28, 1.661059
147, 29, 1.869427
147, 30, 0.674284
147, 31, 2.602882
147, 32, 0.422652
147, 33, 2.827195
147, 34, 2.394972
147, 35, 2.592570
147, 36, 1.562477
147, 37, 1.010430
147, 38, 0.375477
147, 39, 1.565520
147, 40, 2.677159
147, 41, 1.653927
147, 42, 1.004577
147, 43, 1.519445
147, 44, 0.519650
147, 45, 1.297180
147, 46, 2.298607
147, 47, 1.415481
147, 48, 2.067849
147, 49, 0.771901
147, 50, 2.255830
147, 51, 0.700052
147, 52, 1.387782
147, 53, -0.000015
147, 54, 2.701384
147, 55, 2.783148
147, 56, 1.933989
147, 57, 2.881746
147, 58, 0.829374
147, 59, 1.691667
147, 60, -0.370319
147, 61, 1.402721
147, 62, 2.034680
147, 63, 1.692097
147, 64, 1.953753
147, 65, 3.432537
147, 66, 1.750670
147, 67, 2.514823
147, 68, 2.139944
147, 69, 2.581286
147, 70, 2.954195
147, 71, 2.476565
147, 72, 3.792612
147, 73, 3.190316
147, 74, 1.588828
147, 75, 1.934788
147, 76, 1.207783
147, 77, 1.420353
147, 78, 1.916496
147, 79, 2.835147
147, 80, 2.655076
147, 81, 1.714311
147, 82, -0.124376
147, 83, -0.090004
147, 84, 0.939994
147, 85, 2.907455
147, 86, 3.296038
147, 87, 2.334270
147, 88, 1.398646
147, 89, 0.647280
147, 90, 1.020816
147, 91, 1.412540
147, 92, 0.807352
147, 93, 2.682817
147, 94, 1.636131
147, 95, 1.038011
147, 96, 1.858983
147, 97, 4.304574
147, 98, 2.131182
147, 99, 1.159450
147, 100, 0.792004
147, 101, -0.031273
147, 102, 1.675544
147, 103, 0.000000
147, 104, 3.532065
147, 105, 2.748225
147, 106, 1.431670
147, 107, 1.817667
147, 108, 0.845650
147, 109, -0.016499
147, 110, 1.883521
147, 111, 1.160703
147, 112, 1.199225
147, 113, 3.554603
147, 114, 1.068332
147, 115, 1.522247
147, 116, 1.629599
147, 117, 2.225859
147, 118, 1.058536
147, 119, 1.536530
147, 120, 2.068041
147, 121, 3.659766
147, 122, 2.491351
147, 123, 0.750778
147, 124, 2.121307
147, 125, 4.281038
147, 126, 0.989594
147, 127, 0.838413
147, 128, 0.555081
147, 129, 0.074872
147, 130, 1.475858
147, 131, 1.749791
147, 132, 1.204244
147, 133, 1.452001
147, 134, 1.165754
147, 135, 0.744959
147, 136, 0.257150
147, 137, 1.801737
147, 138, 0.985482
147, 139, 0.943241
147, 140, 3.484764
147, 141, 2.070126
147, 142, 3.062951
147, 143, 2.084764
147, 144, 1.548769
147, 145, 1.469971
147, 146, 2.023530
147, 147, 3.774947
147, 148, 2.453757
147, 149, 3.525440
147, 150, 1.492616
147, 151, 1.925796
147, 152, 2.106946
147, 153, 0.000000
147, 154, 1.593774
147, 155, 2.187498
147, 156, -0.010000
147, 157, 2.987077
147, 158, 1.904483
147, 159, 1.487026
147, 160, 2.953336
147, 161, 1.279976
147, 162, 3.298438
147, 163, 2.513631
147, 164, 3.356725
147, 165, 2.997477
147, 166, 3.621831
147, 167, 1.409328
147, 168, 0.719996
147, 169, 1.650842
147, 170, 1.509260
147, 171, 1.971320
147, 172, 1.921682
147, 173, 2.650765
147, 174, 1.525928
147, 175, 1.084479
147, 176, 3.310562
147, 177, 2.491445
147, 178, 0.771568
147, 179, 2.999752
147, 180, 3.491120
147, 181, 0.965567
147, 182, 3.099023
147, 183, -0.040000
147, 184, 1.458729
147, 185, 1.867027
147, 186, 3.281258
147, 187, 0.000000
147, 188, 2.677993
147, 189, 2.955955
147, 190, 2.409982
147, 191, 0.717938
147, 192, 2.161364
147, 193, 2.736671
147, 194, 1.537432
147, 195, -0.040000
147, 196, 3.973671
147, 197, 2.419137
147, 198, 2.236278
147, 199, 1.323820
149, 0, 1.647620
149, 1, 1.453938
149, 2, 2.302579
149, 3, 1.172051
149, 4, -0.339888
149, 5, 1.949620
149, 6, 0.000000
149, 7, 1.244126
149, 8, 3.222625
149, 9, 1.711106
149, 10, 1.910190
149, 11, 2.271102
149, 12, 2.631454
149, 13, -0.000087
149, 14, 2.588912
149, 15, 2.497515
149, 16, 1.210490
149, 17, 3.056681
149, 18, 3.588671
149, 19, 2.615522
149, 20, 4.275989
149, 21, 0.592919
149, 22, 1.961686
149, 23, 1.264069
149, 24, 1.374501
149, 25, 2.046121
149, 26, 1.765025
149, 27, 0.812977
149, 28, 1.661059
149, 29, 1.871500
149, 30, 0.674284
149, 31, 2.599672
149, 32, 0.422652
149, 33, 2.827195
149, 34, 2.355083
149, 35, 2.592093
149, 36, 1.562477
149, 37, 1.069270
149, 38, 0.375477
149, 39, 1.572317
149, 40, 2.677159
149, 41, 1.661681
149, 42, 1.004577
149, 43, 1.519445
149, 44, 0.519650
149, 45, 1.297180
149, 46, 2.308565
149, 47, 1.415481
149, 48, 2.067849
149, 49, 0.771901
149, 50, 2.255830
149, 51, 0.700052
149, 52, 1.399236
149, 53, -0.000015
149, 54, 2.718331
149, 55, 2.796041
149, 56, 1.933989
149, 57, 2.882344
149, 58, 0.829374
149, 59, 1.691667
149, 60, -0.370319
149, 61, 1.402721
149, 62, 2.034680
149, 63, 1.692593
149, 64, 1.960769
149, 65, 3.420327
149, 66, 1.750670
149, 67, 2.514823
149, 68, 2.137836
149, 69, 2.599536
149, 70, 2.953564
149, 71, 2.476565
149, 72, 3.798708
149, 73, 3.189836
149, 74, 1.588828
149, 75, 1.934788
149, 76, 1.207783
149, 77, 1.420353
149, 78, 1.916496
149, 79, 2.835147
149, 80, 2.654324
149, 81, 1.721376
149, 82, -0.135928
149, 83, -0.090004
149, 84, 0.939994
149, 85, 2.907456
149, 86, 3.275574
149, 87, 2.361339
149, 88, 1.398646
149, 89, 0.647280
149, 90, 1.025449
149, 91, 1.460975
149, 92, 0.807352
149, 93, 2.681656
149, 94, 1.634586
149, 95, 1.026340
149, 96, 1.883469
149, 97, 4.304484
149, 98, 2.146109
149, 99, 1.159450
149, 100, 0.792004
149, 101, -0.031273
149, 102, 1.675544
149, 103, 0.000000
149, 104, 3.531117
149, 105, 2.742980
149, 106, 1.431670
149, 107, 1.805994
149, 108, 0.845650
149, 109, -0.016499
149, 110, 1.884678
149, 111, 1.160703
149, 112, 1.199225
149, 113, 3.554137
149, 114, 1.068332
149, 115, 1.448762
149, 116, 1.629599
149, 117, 2.225859
149, 118, 1.084265
149, 119, 1.512968
149, 120, 2.064389
149, 121, 3.566371
149, 122, 2.491351
149, 123, 0.750778
149, 124, 2.122426
149, 125, 4.263783
149, 126, 0.926446
149, 127, 0.838413
149, 128, 0.555081
149, 129, 0.074872
149, 130, 1.475140
149, 131, 1.749791
149, 132, 1.204244
149, 133, 1.451982
149, 134, 1.165754
149, 135, 0.744959
149, 136, 0.257150
149, 137, 1.801910
149, 138, 0.985482
149, 139, 0.943575
149, 140, 3.496797
149, 141, 2.069048
149, 142, 3.060727
149, 143, 2.105430
149, 144, 1.548769
149, 145, 1.469971
149, 146, 2.012113
149, 147, 3.694588
149, 148, 2.453772
149, 149, 3.525420
149, 150, 1.492616
149, 151, 1.933243
149, 152, 2.106946
149, 153, 0.000000
149, 154, 1.593774
149, 155, 2.191625
149, 156, -0.010000
149, 157, 2.990663
149, 158, 1.890650
149, 159, 1.484982
149, 160, 2.953336
149, 161, 1.279976
149, 162, 3.308089
149, 163, 2.513631
149, 164, 3.356729
149, 165, 2.998525
149, 166, 3.628102
149, 167, 1.409328
149, 168, 0.719996
149, 169, 1.650842
149, 170, 1.509260
149, 171, 2.001060
149, 172, 1.923052
149, 173, 2.648699
149, 174, 1.590332
149, 175, 1.084479
149, 176, 3.321081
149, 177, 2.503903
149, 178, 0.771568
149, 179, 3.001620
149, 180, 3.501732
149, 181, 0.965567
149, 182, 3.099023
149, 183, -0.040000
149, 184, 1.468601
149, 185, 1.868059
149, 186, 3.298433
149, 187, 0.000000
149, 188, 2.674206
149, 189, 2.991656
149, 190, 2.409982
149, 191, 0.717938
149, 192, 2.150851
149, 193, 2.739521
149, 194, 1.537430
149, 195, -0.040000
149, 196, 3.954393
149, 197, 2.420235
149, 198, 2.241794
149, 199, 1.323820
151, 0, 1.647620
151, 1, 1.472373
151, 2, 2.283008
151, 3, 1.172113
151, 4, -0.339888
151, 5, 1.948352
151, 6, 0.000000
151, 7, 1.244126
151, 8, 3.232935
151, 9, 1.711106
151, 10, 1.875136
151, 11, 2.271102
151, 12, 2.622952
151, 13, -0.000087
151, 14, 2.587824
151, 15, 2.560826
151, 16, 1.212071
151, 17, 3.055355
151, 18, 3.583490
151, 19, 2.615522
151, 20, 4.249667
151, 21, 0.532575
151, 22, 1.980125
151, 23, 1.264069
151, 24, 1.374501
151, 25, 2.046121
151, 26, 1.762334
151, 27, 0.812977
151, 28, 1.661059
151, 29, 1.871500
151, 30, 0.674284
151, 31, 2.594843
151, 32, 0.422652
151, 33, 2.827195
151, 34, 2.394222
151, 35, 2.590411
151, 36, 1.562477
151, 37, 1.103153
151, 38, 0.375477
151, 39, 1.572317
151, 40, 2.677159
151, 41, 1.661035
151, 42, 1.004577
151, 43, 1.519445
151, 44, 0.519650
151, 45, 1.297180
151, 46, 2.289839
151, 47, 1.415481
151, 48, 2.067849
151, 49, 0.771901
151, 50, 2.255830
151, 51, 0.700052
151, 52, 1.404623
151, 53, -0.000015
151, 54, 2.686373
151, 55, 2.822001
151, 56, 1.933984
151, 57, 2.902060
151, 58, 0.829374
151, 59, 1.691667
151, 60, -0.370319
151, 61, 1.402721
151, 62, 2.034680
151, 63, 1.712553
151, 64, 1.966742
151, 65, 3.401469
151, 66, 1.750670
151, 67, 2.514823
151, 68, 2.122352
151, 69, 2.614024
151, 70, 2.954961
151, 71, 2.478467
151, 72, 3.798462
151, 73, 3.186827
151, 74, 1.588828
151, 75, 1.934788
151, 76, 1.207783
151, 77, 1.420353
151, 78, 1.916496
151, 79, 2.835147
151, 80, 2.653936
151, 81, 1.738441
151, 82, -0.136213
151, 83, -0.090004
151, 84, 0.939994
151, 85, 2.907455
151, 86, 3.283865
151, 87, 2.361339
151, 88, 1.398646
151, 89, 0.647280
151, 90, 1.029859
151, 91, 1.453753
151, 92, 0.807352
151, 93, 2.652452
151, 94, 1.634197
151, 95, 1.064573
151, 96, 1.889567
151, 97, 4.289771
151, 98, 2.148223
151, 99, 1.159450
151, 100, 0.792004
151, 101, -0.031273
151, 102, 1.675544
151, 103, 0.000000
151, 104, 3.532059
151, 105, 2.748264
151, 106, 1.431670
151, 107, 1.834966
151, 108, 0.845650
151, 109, -0.016499
151, 110, 1.888148
151, 111, 1.160703
151, 112, 1.199225
151, 113, 3.555836
151, 114, 1.068332
151, 115, 1.448762
151, 116, 1.629599
151, 117, 2.225859
151, 118, 1.107349
151, 119, 1.512968
151, 120, 2.059841
151, 121, 3.619728
151, 122, 2.491351
151, 123, 0.704014
151, 124, 2.122944
151, 125, 4.282506
151, 126, 0.853574
151, 127, 0.838413
151, 128, 0.555081
151, 129, 0.074872
151, 130, 1.475140
151, 131, 1.749791
151, 132, 1.204244
151, 133, 1.451965
151, 134, 1.165754
151, 135, 0.744959
151, 136, 0.252817
151, 137, 1.802004
151, 138, 0.985482
151, 139, 0.943575
151, 140, 3.502045
151, 141, 2.067262
151, 142, 3.075468
151, 143, 2.108487
151, 144, 1.548769
151, 145, 1.469971
151, 146, 1.998903
151, 147, 3.756002
151, 148, 2.453775
151, 149, 3.524874
151, 150, 1.492616
151, 151, 1.929459
151, 152, 2.106946
151, 153, 0.000000
151, 154, 1.593774
151, 155, 2.198975
151, 156, -0.010000
151, 157, 2.990778
151, 158, 1.941770
151, 159, 1.482476
151, 160, 2.953336
151, 161, 1.271074
151, 162, 3.310862
151, 163, 2.513631
151, 164, 3.358727
151, 165, 2.998291
151, 166, 3.633144
151, 167, 1.409328
151, 168, 0.719996
151, 169, 1.650842
151, 170, 1.509260
151, 171, 2.044756
151, 172, 1.923581
151, 173, 2.644764
151, 174, 1.637776
151, 175, 1.084479
151, 176, 3.317749
151, 177, 2.484264
151, 178, 0.771568
151, 179, 3.005760
151, 180, 3.490913
151, 181, 0.965567
151, 182, 3.099023
151, 183, -0.040000
151, 184, 1.466745
151, 185, 1.869011
151, 186, 3.291827
151, 187, 0.000000
151, 188, 2.682181
151, 189, 2.972093
151, 190, 2.409982
151, 191, 0.717938
151, 192, 2.138633
151, 193, 2.742147
151, 194, 1.537429
151, 195, -0.040000
151, 196, 3.982919
151, 197, 2.425997
151, 198, 2.243578
151, 199, 1.323820
153, 0, 1.647620
153, 1, 1.478717
153, 2, 2.290366
153, 3, 1.172153
153, 4, -0.339888
153, 5, 1.947833
153, 6, 0.000000
153, 7, 1.244126
153, 8, 3.142687
153, 9, 1.711106
153, 10, 1.875136
153, 11, 2.271102
153, 12, 2.613854
153, 13, -0.000087
153, 14, 2.588006
153, 15, 2.500342
153, 16, 1.252532
153, 17, 3.054246
153, 18, 3.588233
153, 19, 2.615522
153, 20, 4.281732
153, 21, 0.532575
153, 22, 1.997122
153, 23, 1.264069
153, 24, 1.374501
153, 25, 2.046121
153, 26, 1.759993
153, 27, 0.812977
153, 28, 1.661059
153, 29, 1.871500
153, 30, 0.674284
153, 31, 2.591245
153, 32, 0.422652
153, 33, 2.827195
153, 34, 2.355337
153, 35, 2.590066
153, 36, 1.562477
153, 37, 1.126488
153, 38, 0.375477
153, 39, 1.572317
153, 40, 2.677159
153, 41, 1.665500
153, 42, 1.004577
153, 43, 1.519445
153, 44, 0.519650
153, 45, 1.300851
153, 46, 2.138399
153, 47, 1.415481
153, 48, 2.067849
153, 49, 0.771901
153, 50, 2.255830
153, 51, 0.700052
153, 52, 1.414759
153, 53, -0.000015
153, 54, 2.709210
153, 55, 2.841753
153, 56, 1.933987
153, 57, 2.903726
153, 58, 0.829374
153, 59, 1.691667
153, 60, -0.370319
153, 61, 1.402721
153, 62, 2.034680
153, 63, 1.712247
153, 64, 1.971771
153, 65, 3.426705
153, 66, 1.750670
153, 67, 2.514823
153, 68, 2.108429
153, 69, 2.614024
153, 70, 2.953494
153, 71, 2.476565
153, 72, 3.798777
153, 73, 3.184846
153, 74, 1.588828
153, 75, 1.934788
153, 76, 1.207783
153, 77, 1.420353
153, 78, 1.916496
153, 79, 2.835147
153, 80, 2.654121
153, 81, 1.746757
153, 82, -0.135046
153, 83, -0.090004
153, 84, 0.939994
153, 85, 2.907455
153, 86, 3.282450
153, 87, 2.346252
153, 88, 1.398646
153, 89, 0.647280
153, 90, 1.034059
153, 91, 1.451887
153, 92, 0.807352
153, 93, 2.663389
153, 94, 1.638291
153, 95, 1.068326
153, 96, 1.894553
153, 97, 4.305630
153, 98, 2.150671
153, 99, 1.159450
153, 100, 0.792004
153, 101, -0.031273
153, 102, 1.675544
153, 103, 0.000000
153, 104, 3.531008
153, 105, 2.742404
153, 106, 1.431670
153, 107, 1.851714
153, 108, 0.845650
153, 109, -0.016499
153, 110, 1.896786
153, 111, 1.126343
153, 112, 1.199225
153, 113, 3.542377
153, 114, 1.068332
153, 115, 1.448762
153, 116, 1.629599
153, 117, 2.225859
153, 118, 1.201380
153, 119, 1.489070
153, 120, 2.055564
153, 121, 3.643113
153, 122, 2.491351
153, 123, 0.704014
153, 124, 2.123624
153, 125, 4.287301
153, 126, 0.763093
153, 127, 0.838413
153, 128, 0.555081
153, 129, 0.074872
153, 130, 1.479164
153, 131, 1.749791
153, 132, 1.204738
153, 133, 1.451961
153, 134, 1.165754
153, 135, 0.744959
153, 136, 0.252817
153, 137, 1.802572
153, 138, 0.985482
153, 139, 0.943575
153, 140, 3.508207
153, 141, 2.065805
153, 142, 3.088623
153, 143, 2.111639
153, 144, 1.548769
153, 145, 1.469971
153, 146, 1.986655
153, 147, 3.710933
153, 148, 2.453776
153, 149, 3.525447
153, 150, 1.492616
153, 151, 1.927992
153, 152, 2.106946
153, 153, 0.000000
153, 154, 1.593774
153, 155, 2.202172
153, 156, -0.010000
153, 157, 2.990867
153, 158, 1.948989
153, 159, 1.482476
153, 160, 2.953336
153, 161, 1.324132
153, 162, 3.289522
153, 163, 2.513631
153, 164, 3.356724
153, 165, 2.998223
153, 166, 3.633475
153, 167, 1.409328
153, 168, 0.736725
153, 169, 1.650842
153, 170, 1.509260
153, 171, 2.103499
153, 172, 1.963719
153, 173, 2.646972
153, 174, 1.682272
153, 175, 1.084479
153, 176, 3.317749
153, 177, 2.503279
153, 178, 0.771568
153, 179, 3.008707
153, 180, 3.457583
153, 181, 0.965567
153, 182, 3.099023
153, 183, -0.040000
153, 184, 1.485488
153, 185, 1.869889
153, 186, 3.285767
153, 187, 0.000000
153, 188, 2.685211
153, 189, 2.997410
153, 190, 2.409982
153, 191, 0.717938
153, 192, 2.161026
153, 193, 2.739356
153, 194, 1.537428
153, 195, -0.040000
153, 196, 3.953864
153, 197, 2.420710
153, 198, 2.250164
153, 199, 1.323820
155, 0, 1.647620
155, 1, 1.484418
155, 2, 2.151774
155, 3, 1.163862
155, 4, -0.339888
155, 5, 1.947383
155, 6, 0.000000
155, 7, 1.244126
155, 8, 3.161781
155, 9, 1.711106
155, 10, 1.875136
155, 11, 2.271102
155, 12, 2.602150
155, 13, -0.000087
155, 14, 2.588693
155, 15, 2.481456
155, 16, 1.284672
155, 17, 3.061651
155, 18, 3.588578
155, 19, 2.618441
155, 20, 4.290992
155, 21, 0.532575
155, 22, 2.012785
155, 23, 1.264069
155, 24, 1.374501
155, 25, 2.046121
155, 26, 1.762576
155, 27, 0.812977
155, 28, 1.661059
155, 29, 1.871500
155, 30, 0.674284
155, 31, 2.585883
155, 32, 0.422652
155, 33, 2.827195
155, 34, 2.340317
155, 35, 2.590240
155, 36, 1.562477
155, 37, 1.157537
155, 38, 0.375477
155, 39, 1.572317
155, 40, 2.677159
155, 41, 1.666939
155, 42, 1.004577
155, 43, 1.452481
155, 44, 0.519650
155, 45, 1.300851
155, 46, 2.215568
155, 47, 1.415481
155, 48, 2.067849
155, 49, 0.771901
155, 50, 2.255830
155, 51, 0.700052
155, 52, 1.424098
155, 53, -0.000015
155, 54, 2.721600
155, 55, 2.851516
155, 56, 1.933989
155, 57, 2.905100
155, 58, 0.829374
155, 59, 1.691667
155, 60, -0.370319
155, 61, 1.402721
155, 62, 2.046652
155, 63, 1.714734
155, 64, 1.975947
155, 65, 3.410451
155, 66, 1.750670
155, 67, 2.514823
155, 68, 2.089252
155, 69, 2.624749
155, 70, 2.950726
155, 71, 2.476565
155, 72, 3.798870
155, 73, 3.182251
155, 74, 1.588828
155, 75, 1.934788
155, 76, 1.207783
155, 77, 1.420353
155, 78, 1.916496
155, 79, 2.835147
155, 80, 2.654253
155, 81, 1.754362
155, 82, -0.134951
155, 83, -0.090004
155, 84, 0.939994
155, 85, 2.907456
155, 86, 3.286182
155, 87, 2.334270
155, 88, 1.398646
155, 89, 0.647280
155, 90, 1.048563
155, 91, 1.447902
155, 92, 0.807352
155, 93, 2.670362
155, 94, 1.634654
155, 95, 1.060228
155, 96, 1.917058
155, 97, 4.307013
155, 98, 2.151472
155, 99, 1.159450
155, 100, 0.792004
155, 101, -0.031273
155, 102, 1.675544
155, 103, 0.000000
155, 104, 3.532080
155, 105, 2.748388
155, 106, 1.431670
155, 107, 1.852663
155, 108, 0.845650
155, 109, -0.016499
155, 110, 1.896786
155, 111, 1.087483
155, 112, 1.199225
155, 113, 3.552946
155, 114, 1.068332
155, 115, 1.448762
155, 116, 1.597193
155, 117, 2.225859
155, 118, 1.279475
155, 119, 1.463827
155, 120, 2.053562
155, 121, 3.678894
155, 122, 2.491351
155, 123, 0.650985
155, 124, 2.123728
155, 125, 4.282805
155, 126, 0.741415
155, 127, 0.838413
155, 128, 0.557031
155, 129, 0.074872
155, 130, 1.482195
155, 131, 1.749791
155, 132, 1.204738
155, 133, 1.375808
155, 134, 1.165754
155, 135, 0.744959
155, 136, 0.252817
155, 137, 1.802519
155, 138, 0.985482
155, 139, 0.943575
155, 140, 3.513093
155, 141, 2.064291
155, 142, 3.103366
155, 143, 2.126081
155, 144, 1.548769
155, 145, 1.469971
155, 146, 1.980331
155, 147, 3.764096
155, 148, 2.453777
155, 149, 3.525444
155, 150, 1.494089
155, 151, 1.926427
155, 152, 2.106946
155, 153, 0.000000
155, 154, 1.593774
155, 155, 2.214621
155, 156, -0.010000
155, 157, 2.991632
155, 158, 1.948989
155, 159, 1.482476
155, 160, 2.953336
155, 161, 1.371133
155, 162, 3.291366
155, 163, 2.513631
155, 164, 3.356739
155, 165, 2.998049
155, 166, 3.632014
155, 167, 1.409328
155, 168, 0.736725
155, 169, 1.650842
155, 170, 1.509260
155, 171, 2.149200
155, 172, 2.002211
155, 173, 2.649555
155, 174, 1.733444
155, 175, 1.084479
155, 176, 3.319387
155, 177, 2.488274
155, 178, 0.771568
155, 179, 3.025178
155, 180, 3.502475
155, 181, 0.965567
155, 182, 3.132624
155, 183, -0.040000
155, 184, 1.487045
155, 185, 1.870303
155, 186, 3.296620
155, 187, 0.000000
155, 188, 2.692750
155, 189, 3.030578
155, 190, 2.409982
155, 191, 0.717938
155, 192, 2.152030
155, 193, 2.742470
155, 194, 1.537427
155, 195, -0.040000
155, 196, 3.983125
155, 197, 2.420710
155, 198, 2.256013
155, 199, 1.323820
157, 0, 1.647620
157, 1, 1.497888
157, 2, 2.100233
157, 3, 1.158794
157, 4, -0.339888
157, 5, 1.948100
157, 6, 0.000000
157, 7, 1.244126
157, 8, 3.167020
157, 9, 1.711106
157, 10, 1.875136
157, 11, 2.271102
157, 12, 2.590634
157, 13, -0.000087
157, 14, 2.588921
157, 15, 2.496903
157, 16, 1.290512
157, 17, 3.064658
157, 18, 3.584328
157, 19, 2.616266
157, 20, 4.295390
157, 21, 0.470035
157, 22, 2.027210
157, 23, 1.264069
157, 24, 1.374501
157, 25, 2.046121
157, 26, 1.761613
157, 27, 0.812977
157, 28, 1.661059
157, 29, 1.870150
157, 30, 0.674284
157, 31, 2.580229
157, 32, 0.422652
157, 33, 2.827195
157, 34, 2.384863
157, 35, 2.589948
157, 36, 1.562477
157, 37, 1.183519
157, 38, 0.375477
157, 39, 1.572317
157, 40, 2.677159
157, 41, 1.667372
157, 42, 1.004577
157, 43, 1.452481
157, 44, 0.519650
157, 45, 1.300851
157, 46, 2.237066
157, 47, 1.415481
157, 48, 2.067849
157, 49, 0.771901
157, 50, 2.255830
157, 51, 0.700052
157, 52, 1.428487
157, 53, -0.000015
157, 54, 2.688732
157, 55, 2.872473
157, 56, 1.933986
157, 57, 2.906142
157, 58, 0.829374
157, 59, 1.691667
157, 60, -0.370319
157, 61, 1.402721
157, 62, 2.046801
157, 63, 1.722669
157, 64, 1.979352
157, 65, 3.441375
157, 66, 1.750670
157, 67, 2.514823
157, 68, 2.092905
157, 69, 2.624749
157, 70, 2.955062
157, 71, 2.476565
157, 72, 3.798426
157, 73, 3.179576
157, 74, 1.588828
157, 75, 1.934788
157, 76, 1.175048
157, 77, 1.420353
157, 78, 1.916496
157, 79, 2.797189
157, 80, 2.654657
157, 81, 1.770458
157, 82, -0.133785
157, 83, -0.090004
157, 84, 0.939994
157, 85, 2.908692
157, 86, 3.291425
157, 87, 2.334270
157, 88, 1.398646
157, 89, 0.647280
157, 90, 1.052366
157, 91, 1.437878
157, 92, 0.807352
157, 93, 2.679414
157, 94, 1.615471
157, 95, 1.045898
157, 96, 1.949172
157, 97, 4.306464
157, 98, 2.136660
157, 99, 1.159450
157, 100, 0.792004
157, 101, -0.031273
157, 102, 1.675544
157, 103, 0.000000
157, 104, 3.530983
157, 105, 2.742275
157, 106, 1.431670
157, 107, 1.835181
157, 108, 0.845650
157, 109, -0.016499
157, 110, 1.896786
157, 111, 1.041499
157, 112, 1.199225
157, 113, 3.552529
157, 114, 1.068332
157, 115, 1.364814
157, 116, 1.597193
157, 117, 2.225859
157, 118, 1.323712
157, 119, 1.463827
157, 120, 2.060539
157, 121, 3.614821
157, 122, 2.491351
157, 123, 0.650985
157, 124, 2.130421
157, 125, 4.279347
157, 126, 0.707452
157, 127, 0.838413
157, 128, 0.560177
157, 129, 0.074872
157, 130, 1.485083
157, 131, 1.749791
157, 132, 1.204738
157, 133, 1.370904
157, 134, 1.165754
157, 135, 0.744959
157, 136, 0.252817
157, 137, 1.802529
157, 138, 0.985482
157, 139, 0.943494
157, 140, 3.518010
157, 141, 2.064789
157, 142, 3.110861
157, 143, 2.129751
157, 144, 1.548769
157, 145, 1.469971
157, 146, 1.980331
157, 147, 3.757075
157, 148, 2.453777
157, 149, 3.524572
157, 150, 1.494089
157, 151, 1.924539
157, 152, 2.106946
157, 153, 0.000000
157, 154, 1.593774
157, 155, 2.218273
157, 156, -0.010000
157, 157, 2.992451
157, 158, 1.948989
157, 159, 1.482476
157, 160, 2.953336
157, 161, 1.412770
157, 162, 3.302887
157, 163, 2.517278
157, 164, 3.356744
157, 165, 2.997609
157, 166, 3.635372
157, 167, 1.409328
157, 168, 0.736725
157, 169, 1.650842
157, 170, 1.509260
157, 171, 2.211962
157, 172, 2.040915
157, 173, 2.647773
157, 174, 1.784333
157, 175, 1.084479
157, 176, 3.323849
157, 177, 2.494120
157, 178, 0.771568
157, 179, 3.026814
157, 180, 3.501896
157, 181, 0.965567
157, 182, 3.132624
157, 183, -0.040000
157, 184, 1.487415
157, 185, 1.871081
157, 186, 3.284708
157, 187, 0.000000
157, 188, 2.694405
157, 189, 3.008926
157, 190, 2.409982
157, 191, 0.717938
157, 192, 2.134371
157, 193, 2.743118
157, 194, 1.537427
157, 195, -0.040000
157, 196, 3.982477
157, 197, 2.428623
157, 198, 2.258676
157, 199, 1.280197
159, 0, 1.647620
159, 1, 1.503454
159, 2, 2.122484
159, 3, 1.155698
159, 4, -0.339888
159, 5, 1.948619
159, 6, 0.000000
159, 7, 1.244126
159, 8, 3.186317
159, 9, 1.711106
159, 10, 1.875136
159, 11, 2.271102
159, 12, 2.584208
159, 13, -0.000087
159, 14, 2.588895
159, 15, 2.535879
159, 16, 1.279110
159, 17, 3.062476
159, 18, 3.587706
159, 19, 2.616266
159, 20, 4.288002
159, 21, 0.470035
159, 22, 2.040489
159, 23, 1.264069
159, 24, 1.374501
159, 25, 2.046121
159, 26, 1.764141
159, 27, 0.812977
159, 28, 1.661059
159, 29, 1.869396
159, 30, 0.674284
159, 31, 2.582652
159, 32, 0.422652
159, 33, 2.827195
159, 34, 2.384433
159, 35, 2.589496
159, 36, 1.562477
159, 37, 1.203032
159, 38, 0.375477
159, 39, 1.572317
159, 40, 2.677159
159, 41, 1.665726
159, 42, 1.004577
159, 43, 1.452481
159, 44, 0.519650
159, 45, 1.300851
159, 46, 2.276708
159, 47, 1.415481
159, 48, 2.067849
159, 49, 0.771901
159, 50, 2.255830
159, 51, 0.700052
159, 52, 1.436740
159, 53, -0.000015
159, 54, 2.712537
159, 55, 2.883182
159, 56, 1.933988
159, 57, 2.924897
159, 58, 0.829374
159, 59, 1.691667
159, 60, -0.370319
159, 61, 1.402721
159, 62, 2.046855
159, 63, 1.722669
159, 64, 1.982059
159, 65, 3.432341
159, 66, 1.750670
159, 67, 2.514823
159, 68, 2.094917
159, 69, 2.624749
159, 70, 2.954872
159, 71, 2.476565
159, 72, 3.797137
159, 73, 3.178537
159, 74, 1.588828
159, 75, 1.934788
159, 76, 1.175048
159, 77, 1.420353
159, 78, 1.916496
159, 79, 2.797189
159, 80, 2.654925
159, 81, 1.775915
159, 82, -0.132723
159, 83, -0.090004
159, 84, 0.939994
159, 85, 2.912602
159, 86, 3.291012
159, 87, 2.334270
159, 88, 1.398646
159, 89, 0.647280
159, 90, 1.055989
159, 91, 1.435376
159, 92, 0.807352
159, 93, 2.656969
159, 94, 1.623777
159, 95, 1.069559
159, 96, 1.977952
159, 97, 4.305511
159, 98, 2.144087
159, 99, 1.159450
159, 100, 0.792004
159, 101, -0.031273
159, 102, 1.675544
159, 103, 0.000000
159, 104, 3.532077
159, 105, 2.748368
159, 106, 1.431670
159, 107, 1.877242
159, 108, 0.845650
159, 109, -0.016499
159, 110, 1.896786
159, 111, 0.992519
159, 112, 1.199225
159, 113, 3.554367
159, 114, 1.068332
159, 115, 1.364814
159, 116, 1.568432
159, 117, 2.225859
159, 118, 1.361316
159, 119, 1.438559
159, 120, 2.070474
159, 121, 3.651138
159, 122, 2.491351
159, 123, 0.601879
159, 124, 2.127940
159, 125, 4.287147
159, 126, 0.646100
159, 127, 0.838413
159, 128, 0.566304
159, 129, 0.074872
159, 130, 1.488663
159, 131, 1.749791
159, 132, 1.204738
159, 133, 1.353156
159, 134, 1.165754
159, 135, 0.744959
159, 136, 0.252817
159, 137, 1.802660
159, 138, 0.985482
159, 139, 0.943494
159, 140, 3.518975
159, 141, 2.067664
159, 142, 3.121534
159, 143, 2.129209
159, 144, 1.562654
159, 145, 1.469971
159, 146, 1.980331
159, 147, 3.738620
159, 148, 2.453777
159, 149, 3.525483
159, 150, 1.494089
159, 151, 1.927813
159, 152, 2.106946
159, 153, 0.000000
159, 154, 1.593774
159, 155, 2.226910
159, 156, -0.010000
159, 157, 2.994256
159, 158, 1.948989
159, 159, 1.482476
159, 160, 2.953336
159, 161, 1.449654
159, 162, 3.300103
159, 163, 2.512865
159, 164, 3.356744
159, 165, 2.997489
159, 166, 3.620174
159, 167, 1.409328
159, 168, 0.736725
159, 169, 1.650842
159, 170, 1.509260
159, 171, 2.252285
159, 172, 2.077685
159, 173, 2.647195
159, 174, 1.810873
159, 175, 1.084479
159, 176, 3.319387
159, 177, 2.500376
159, 178, 0.771568
159, 179, 3.032646
159, 180, 3.495863
159, 181, 0.965567
159, 182, 3.132624
159, 183, -0.040000
159, 184, 1.474039
159, 185, 1.871799
159, 186, 3.292231
159, 187, 0.000000
159, 188, 2.699176
159, 189, 3.025579
159, 190, 2.409982
159, 191, 0.717938
159, 192, 2.154943
159, 193, 2.740613
159, 194, 1.537427
159, 195, -0.040000
159, 196, 3.978597
159, 197, 2.430029
159, 198, 2.263132
159, 199, 1.254460
161, 0, 1.647620
161, 1, 1.508470
161, 2, 2.104263
161, 3, 1.153806
161, 4, -0.339888
161, 5, 1.948736
161, 6, 0.000000
161, 7, 1.244126
161, 8, 3.111979
161, 9, 1.711106
161, 10, 1.838706
161, 11, 2.271102
161, 12, 2.584714
161, 13, -0.000087
161, 14, 2.589064
161, 15, 2.567789
161, 16, 1.310069
161, 17, 3.070034
161, 18, 3.588777
161, 19, 2.616266
161, 20, 4.284298
161, 21, 0.470035
161, 22, 2.046723
161, 23, 1.264069
161, 24, 1.374501
161, 25, 2.046121
161, 26, 1.774160
161, 27, 0.812977
161, 28, 1.661059
161, 29, 1.878432
161, 30, 0.674284
161, 31, 2.584793
161, 32, 0.422652
161, 33, 2.827195
161, 34, 2.377990
161, 35, 2.589162
161, 36, 1.562477
161, 37, 1.243371
161, 38, 0.375477
161, 39, 1.572317
161, 40, 2.677159
161, 41, 1.665069
161, 42, 1.004577
161, 43, 1.477886
161, 44, 0.519650
161, 45, 1.322756
161, 46, 2.286264
161, 47, 1.415481
161, 48, 2.067849
161, 49, 0.771901
161, 50, 2.254189
161, 51, 0.700052
161, 52, 1.444336
161, 53, -0.000015
161, 54, 2.724566
161, 55, 2.898566
161, 56, 1.933987
161, 57, 2.927323
161, 58, 0.829374
161, 59, 1.691667
161, 60, -0.370319
161, 61, 1.402721
161, 62, 2.046875
161, 63, 1.722669
161, 64, 1.985412
161, 65, 3.445920
161, 66, 1.750670
161, 67, 2.514823
161, 68, 2.092978
161, 69, 2.637922
161, 70, 2.953232
161, 71, 2.476565
161, 72, 3.798934
161, 73, 3.178310
161, 74, 1.588828
161, 75, 1.934788
161, 76, 1.175048
161, 77, 1.420353
161, 78, 1.916496
161, 79, 2.797189
161, 80, 2.654977
161, 81, 1.781276
161, 82, -0.132781
161, 83, -0.090004
161, 84, 0.939994
161, 85, 2.915516
161, 86, 3.293585
161, 87, 2.334270
161, 88, 1.398646
161, 89, 0.647280
161, 90, 1.059441
161, 91, 1.432907
161, 92, 0.807352
161, 93, 2.664757
161, 94, 1.624165
161, 95, 1.071619
161, 96, 1.991372
161, 97, 4.298635
161, 98, 2.151173
161, 99, 1.159450
161, 100, 0.792004
161, 101, -0.031273
161, 102, 1.675544
161, 103, 0.000000
161, 104, 3.530989
161, 105, 2.742304
161, 106, 1.431670
161, 107, 1.868920
161, 108, 0.845650
161, 109, -0.016499
161, 110, 1.877363
161, 111, 0.939133
161, 112, 1.199225
161, 113, 3.553417
161, 114, 1.068332
161, 115, 1.360668
161, 116, 1.568432
161, 117, 2.225860
161, 118, 1.412436
161, 119, 1.438559
161, 120, 2.051055
161, 121, 3.592757
161, 122, 2.491351
161, 123, 0.601879
161, 124, 2.128875
161, 125, 4.272492
161, 126, 0.577740
161, 127, 0.838413
161, 128, 0.572501
161, 129, 0.074872
161, 130, 1.492164
161, 131, 1.749791
161, 132, 1.204738
161, 133, 1.319158
161, 134, 1.165754
161, 135, 0.744959
161, 136, 0.252817
161, 137, 1.802740
161, 138, 0.985482
161, 139, 0.943494
161, 140, 3.514492
161, 141, 2.069172
161, 142, 3.126747
161, 143, 2.131501
161, 144, 1.575624
161, 145, 1.469971
161, 146, 1.976252
161, 147, 3.773569
161, 148, 2.453777
161, 149, 3.524750
161, 150, 1.494089
161, 151, 1.924612
161, 152, 2.106946
161, 153, 0.000000
161, 154, 1.593774
161, 155, 2.230600
161, 156, -0.010000
161, 157, 2.996412
161, 158, 1.963392
161, 159, 1.482476
161, 160, 2.953336
161, 161, 1.482327
161, 162, 3.305085
161, 163, 2.514777
161, 164, 3.356749
161, 165, 2.997565
161, 166, 3.630996
161, 167, 1.409328
161, 168, 0.736725
161, 169, 1.650842
161, 170, 1.509260
161, 171, 2.301253
161, 172, 2.113741
161, 173, 2.646338
161, 174, 1.783198
161, 175, 1.084479
161, 176, 3.322299
161, 177, 2.491282
161, 178, 0.771568
161, 179, 3.030713
161, 180, 3.494263
161, 181, 0.965567
161, 182, 3.132624
161, 183, -0.040000
161, 184, 1.474087
161, 185, 1.872461
161, 186, 3.272435
161, 187, 0.000000
161, 188, 2.702439
161, 189, 2.934732
161, 190, 2.409982
161, 191, 0.717938
161, 192, 2.136798
161, 193, 2.737604
161, 194, 1.537425
161, 195, -0.040000
161, 196, 3.979533
161, 197, 2.434361
161, 198, 2.267580
161, 199, 1.254460
163, 0, 1.647620
163, 1, 1.512982
163, 2, 2.074138
163, 3, 1.152653
163, 4, -0.339888
163, 5, 1.949070
163, 6, 0.000000
163, 7, 1.244126
163, 8, 3.150101
163, 9, 1.717014
163, 10, 1.838706
163, 11, 2.271102
163, 12, 2.579803
163, 13, -0.000087
163, 14, 2.589156
163, 15, 2.505597
163, 16, 1.315306
163, 17, 3.077771
163, 18, 3.587909
163, 19, 2.618137
163, 20, 4.285294
163, 21, 0.436530
163, 22, 2.052701
163, 23, 1.264069
163, 24, 1.374501
163, 25, 2.046121
163, 26, 1.775818
163, 27, 0.812977
163, 28, 1.661059
163, 29, 1.877975
163, 30, 0.674284
163, 31, 2.583564
163, 32, 0.422652
163, 33, 2.827195
163, 34, 2.386847
163, 35, 2.588756
163, 36, 1.562477
163, 37, 1.293480
163, 38, 0.375477
163, 39, 1.572317
163, 40, 2.677159
163, 41, 1.669573
163, 42, 1.004577
163, 43, 1.477886
163, 44, 0.519650
163, 45, 1.358348
163, 46, 2.285670
163, 47, 1.415481
163, 48, 2.067849
163, 49, 0.771901
163, 50, 2.252079
163, 51, 0.700052
163, 52, 1.451321
163, 53, -0.000015
163, 54, 2.707960
163, 55, 2.906439
163, 56, 1.933989
163, 57, 2.928016
163, 58, 0.829374
163, 59, 1.691667
163, 60, -0.370319
163, 61, 1.402721
163, 62, 2.046882
163, 63, 1.722669
163, 64, 1.988651
163, 65, 3.436373
163, 66, 1.750670
163, 67, 2.514823
163, 68, 2.093083
163, 69, 2.647043
163, 70, 2.955130
163, 71, 2.476565
163, 72, 3.798776
163, 73, 3.177039
163, 74, 1.588828
163, 75, 1.934788
163, 76, 1.175048
163, 77, 1.420353
163, 78, 1.916496
163, 79, 2.797189
163, 80, 2.655070
163, 81, 1.792510
163, 82, -0.132279
163, 83, -0.090004
163, 84, 0.939994
163, 85, 2.918315
163, 86, 3.291346
163, 87, 2.334270
163, 88, 1.398646
163, 89, 0.647280
163, 90, 1.070585
163, 91, 1.433547
163, 92, 0.807352
163, 93, 2.673426
163, 94, 1.622362
163, 95, 1.063556
163, 96, 2.001288
163, 97, 4.299298
163, 98, 2.151883
163, 99, 1.159450
163, 100, 0.792004
163, 101, -0.031273
163, 102, 1.675544
163, 103, 0.000000
163, 104, 3.532098
163, 105, 2.748489
163, 106, 1.431670
163, 107, 1.891490
163, 108, 0.845650
163, 109, -0.016499
163, 110, 1.851148
163, 111, 0.817172
163, 112, 1.199225
163, 113, 3.552141
163, 114, 1.068332
163, 115, 1.406502
163, 116, 1.568432
163, 117, 2.225860
163, 118, 1.435218
163, 119, 1.412433
163, 120, 2.040070
163, 121, 3.689974
163, 122, 2.491351
163, 123, 0.551746
163, 124, 2.129123
163, 125, 4.280066
163, 126, 0.482187
163, 127, 0.838413
163, 128, 0.578606
163, 129, 0.074872
163, 130, 1.495545
163, 131, 1.749791
163, 132, 1.204738
163, 133, 1.286095
163, 134, 1.165754
163, 135, 0.744959
163, 136, 0.252817
163, 137, 1.802858
163, 138, 0.985482
163, 139, 0.943494
163, 140, 3.520156
163, 141, 2.069077
163, 142, 3.129976
163, 143, 2.139059
163, 144, 1.579987
163, 145, 1.469971
163, 146, 1.976252
163, 147, 3.742664
163, 148, 2.453778
163, 149, 3.525471
163, 150, 1.510762
163, 151, 1.927762
163, 152, 2.106946
163, 153, 0.000000
163, 154, 1.593774
163, 155, 2.237739
163, 156, -0.010000
163, 157, 2.998932
163, 158, 1.963392
163, 159, 1.482476
163, 160, 2.953336
163, 161, 1.554796
163, 162, 3.301601
163, 163, 2.514777
163, 164, 3.356752
163, 165, 2.997409
163, 166, 3.628978
163, 167, 1.409328
163, 168, 0.736725
163, 169, 1.676085
163, 170, 1.509260
163, 171, 2.347473
163, 172, 2.183679
163, 173, 2.649125
163, 174, 1.828948
163, 175, 1.084479
163, 176, 3.326817
163, 177, 2.495373
163, 178, 0.771568
163, 179, 3.033716
163, 180, 3.493914
163, 181, 0.965567
163, 182, 3.132624
163, 183, -0.040000
163, 184, 1.466959
163, 185, 1.872773
163, 186, 3.291845
163, 187, 0.000000
163, 188, 2.702652
163, 189, 2.971813
163, 190, 2.409982
163, 191, 0.717938
163, 192, 2.159489
163, 193, 2.741979
163, 194, 1.537426
163, 195, -0.040000
163, 196, 3.977818
163, 197, 2.433318
163, 198, 2.272794
163, 199, 1.254460
165, 0, 1.647620
165, 1, 1.517030
165, 2, 2.094377
165, 3, 1.151950
165, 4, -0.339888
165, 5, 1.949044
165, 6, 0.000000
165, 7, 1.244126
165, 8, 3.133871
165, 9, 1.744196
165, 10, 1.802222
165, 11, 2.271102
165, 12, 2.575878
165, 13, -0.000087
165, 14, 2.589221
165, 15, 2.484642
165, 16, 1.322715
165, 17, 3.089145
165, 18, 3.588614
165, 19, 2.615522
165, 20, 4.296947
165, 21, 0.436530
165, 22, 2.063921
165, 23, 1.264069
165, 24, 1.374501
165, 25, 2.046121
165, 26, 1.771866
165, 27, 0.812977
165, 28, 1.661059
165, 29, 1.878284
165, 30, 0.674284
165, 31, 2.582817
165, 32, 0.422652
165, 33, 2.827195
165, 34, 2.339743
165, 35, 2.588334
165, 36, 1.562477
165, 37, 1.357864
165, 38, 0.375477
165, 39, 1.572317
165, 40, 2.677159
165, 41, 1.673261
165, 42, 1.004577
165, 43, 1.477886
165, 44, 0.519650
165, 45, 1.360566
165, 46, 2.309046
165, 47, 1.415481
165, 48, 2.078222
165, 49, 0.771901
165, 50, 2.252079
165, 51, 0.700052
165, 52, 1.457742
165, 53, -0.000015
165, 54, 2.722214
165, 55, 2.940966
165, 56, 1.933989
165, 57, 2.928493
165, 58, 0.829374
165, 59, 1.691667
165, 60, -0.370319
165, 61, 1.402721
165, 62, 2.046884
165, 63, 1.722669
165, 64, 1.991064
165, 65, 3.429517
165, 66, 1.750670
165, 67, 2.514823
165, 68, 2.078514
165, 69, 2.661723
165, 70, 2.950387
165, 71, 2.488200
165, 72, 3.798054
165, 73, 3.175956
165, 74, 1.588828
165, 75, 1.934788
165, 76, 1.140951
165, 77, 1.420353
165, 78, 1.916496
165, 79, 2.797189
165, 80, 2.655047
165, 81, 1.794158
165, 82, -0.132350
165, 83, -0.090004
165, 84, 0.939994
165, 85, 2.920661
165, 86, 3.303370
165, 87, 2.334270
165, 88, 1.398646
165, 89, 0.647280
165, 90, 1.073728
165, 91, 1.422082
165, 92, 0.807352
165, 93, 2.675009
165, 94, 1.624239
165, 95, 1.052061
165, 96, 1.937160
165, 97, 4.306771
165, 98, 2.134506
165, 99, 1.159450
165, 100, 0.792004
165, 101, -0.031273
165, 102, 1.675544
165, 103, 0.000000
165, 104, 3.530962
165, 105, 2.742171
165, 106, 1.431670
165, 107, 1.887339
165, 108, 0.845650
165, 109, -0.016499
165, 110, 1.817565
165, 111, 0.791685
165, 112, 1.199225
165, 113, 3.552051
165, 114, 1.068332
165, 115, 1.435149
165, 116, 1.568432
165, 117, 2.225859
165, 118, 1.442282
165, 119, 1.386755
165, 120, 2.046743
165, 121, 3.438365
165, 122, 2.491351
165, 123, 0.551746
165, 124, 2.135644
165, 125, 4.225250
165, 126, 0.364435
165, 127, 0.838413
165, 128, 0.583962
165, 129, 0.074872
165, 130, 1.498656
165, 131, 1.749791
165, 132, 1.204738
165, 133, 1.259349
165, 134, 1.165754
165, 135, 0.744959
165, 136, 0.252817
165, 137, 1.802973
165, 138, 0.985482
165, 139, 0.947920
165, 140, 3.520228
165, 141, 2.068680
165, 142, 3.128018
165, 143, 2.141122
165, 144, 1.581656
165, 145, 1.469971
165, 146, 1.976252
165, 147, 3.772854
165, 148, 2.453777
165, 149, 3.525488
165, 150, 1.510762
165, 151, 1.927742
165, 152, 2.106946
165, 153, 0.000000
165, 154, 1.593774
165, 155, 2.241154
165, 156, -0.010000
165, 157, 2.999906
165, 158, 1.963392
165, 159, 1.482476
165, 160, 2.953336
165, 161, 1.664427
165, 162, 3.306731
165, 163, 2.516638
165, 164, 3.356753
165, 165, 2.996698
165, 166, 3.616708
165, 167, 1.409328
165, 168, 0.736725
165, 169, 1.677943
165, 170, 1.509260
165, 171, 2.391174
165, 172, 2.245166
165, 173, 2.649574
165, 174, 1.847746
165, 175, 1.084479
165, 176, 3.325830
165, 177, 2.492609
165, 178, 0.771568
165, 179, 3.029569
165, 180, 3.502297
165, 181, 0.965567
165, 182, 3.132624
165, 183, -0.040000
165, 184, 1.467830
165, 185, 1.873359
165, 186, 3.303040
165, 187, 0.000000
165, 188, 2.701894
165, 189, 2.988810
165, 190, 2.409982
165, 191, 0.717938
165, 192, 2.157338
165, 193, 2.740093
165, 194, 1.537425
165, 195, -0.040000
165, 196, 3.979250
165, 197, 2.425459
165, 198, 2.277252
165, 199, 1.254460
167, 0, 1.647620
167, 1, 1.517030
167, 2, 2.102757
167, 3, 1.151522
167, 4, -0.339888
167, 5, 1.952461
167, 6, 0.000000
167, 7, 1.244126
167, 8, 3.222287
167, 9, 1.744196
167, 10, 1.802222
167, 11, 2.271102
167, 12, 2.598275
167, 13, -0.000087
167, 14, 2.589280
167, 15, 2.507844
167, 16, 1.260957
167, 17, 3.099618
167, 18, 3.584625
167, 19, 2.619552
167, 20, 4.296833
167, 21, 0.436530
167, 22, 2.069180
167, 23, 1.264069
167, 24, 1.374501
167, 25, 2.046121
167, 26, 1.755016
167, 27, 0.812977
167, 28, 1.661059
167, 29, 1.875193
167, 30, 0.674284
167, 31, 2.604199
167, 32, -0.040000
167, 33, 2.827195
167, 34, 2.385191
167, 35, 2.587913
167, 36, 1.563540
167, 37, 1.401016
167, 38, 0.375477
167, 39, 1.572317
167, 40, 2.677159
167, 41, 1.676624
167, 42, 1.004577
167, 43, 1.477886
167, 44, 0.519650
167, 45, 1.360566
167, 46, 2.315228
167, 47, 1.415481
167, 48, 2.067849
167, 49, 0.771901
167, 50, 2.249515
167, 51, 0.700052
167, 52, 1.457742
167, 53, -0.000015
167, 54, 2.692016
167, 55, 2.954309
167, 56, 1.933989
167, 57, 2.928921
167, 58, 0.829374
167, 59, 1.691667
167, 60, -0.370319
167, 61, 1.402721
167, 62, 2.046885
167, 63, 1.722669
167, 64, 1.994322
167, 65, 3.425871
167, 66, 1.750670
167, 67, 2.514823
167, 68, 2.079745
167, 69, 2.666068
167, 70, 2.954429
167, 71, 2.476565
167, 72, 3.798864
167, 73, 3.181772
167, 74, 1.588828
167, 75, 1.934788
167, 76, 1.140951
167, 77, 1.420346
167, 78, 1.916496
167, 79, 2.791910
167, 80, 2.655827
167, 81, 1.784487
167, 82, -0.129139
167, 83, -0.090004
167, 84, 0.939994
167, 85, 2.921246
167, 86, 3.309397
167, 87, 2.334270
167, 88, 1.398646
167, 89, 0.647280
167, 90, 1.076724
167, 91, 1.408105
167, 92, 0.672629
167, 93, 2.677247
167, 94, 1.630163
167, 95, 1.043876
167, 96, 1.877315
167, 97, 4.306149
167, 98, 2.144635
167, 99, 1.159450
167, 100, 0.792004
167, 101, -0.031273
167, 102, 1.675544
167, 103, 0.000000
167, 104, 3.532094
167, 105, 2.748466
167, 106, 1.431670
167, 107, 1.899230
167, 108, 0.845650
167, 109, -0.016499
167, 110, 1.799441
167, 111, 0.791685
167, 112, 1.199225
167, 113, 3.551506
167, 114, 1.068332
167, 115, 1.467168
167, 116, 1.568432
167, 117, 2.225859
167, 118, 1.487091
167, 119, 1.386755
167, 120, 2.049648
167, 121, 3.489231
167, 122, 2.491351
167, 123, 0.500740
167, 124, 2.136004
167, 125, 4.241385
167, 126, 0.254538
167, 127, 0.838413
167, 128, 0.588246
167, 129, 0.074872
167, 130, 1.501436
167, 131, 1.749791
167, 132, 1.204738
167, 133, 1.233518
167, 134, 1.165754
167, 135, 0.744959
167, 136, 0.252817
167, 137, 1.803090
167, 138, 0.985482
167, 139, 0.952002
167, 140, 3.504685
167, 141, 2.068847
167, 142, 3.133702
167, 143, 2.133778
167, 144, 1.581656
167, 145, 1.469971
167, 146, 1.976252
167, 147, 3.718585
167, 148, 2.453777
167, 149, 3.525356
167, 150, 1.528339
167, 151, 1.929843
167, 152, 2.106946
167, 153, 0.000000
167, 154, 1.593774
167, 155, 2.248277
167, 156, -0.010000
167, 157, 3.000462
167, 158, 1.963392
167, 159, 1.482476
167, 160, 2.953336
167, 161, 1.724105
167, 162, 3.308942
167, 163, 2.519344
167, 164, 3.356756
167, 165, 2.995641
167, 166, 3.626010
167, 167, 1.409328
167, 168, 0.736725
167, 169, 1.677943
167, 170, 1.509260
167, 171, 2.420755
167, 172, 2.265298
167, 173, 2.661471
167, 174, 1.889639
167, 175, 1.084479
167, 176, 3.331276
167, 177, 2.486307
167, 178, 0.771568
167, 179, 3.029406
167, 180, 3.493242
167, 181, 0.965567
167, 182, 3.132624
167, 183, -0.040000
167, 184, 1.473029
167, 185, 1.873900
167, 186, 3.290144
167, 187, 0.000000
167, 188, 2.700443
167, 189, 3.010306
167, 190, 2.409982
167, 191, 0.717938
167, 192, 2.164357
167, 193, 2.740525
167, 194, 1.537426
167, 195, -0.040000
167, 196, 3.972202
167, 197, 2.421990
167, 198, 2.278696
167, 199, 1.254460
169, 0, 1.647620
169, 1, 1.517030
169, 2, 2.120084
169, 3, 1.151260
169, 4, -0.339888
169, 5, 1.955009
169, 6, 0.000000
169, 7, 1.244126
169, 8, 3.201130
169, 9, 1.744196
169, 10, 1.802222
169, 11, 2.271102
169, 12, 2.595523
169, 13, -0.000087
169, 14, 2.589363
169, 15, 2.532009
169, 16, 1.251835
169, 17, 3.107374
169, 18, 3.587803
169, 19, 2.619552
169, 20, 4.292003
169, 21, 0.436530
169, 22, 2.074217
169, 23, 1.264069
169, 24, 1.374501
169, 25, 2.046121
169, 26, 1.731855
169, 27, 0.812977
169, 28, 1.661059
169, 29, 1.874083
169, 30, 0.674284
169, 31, 2.605877
169, 32, -0.040000
169, 33, 2.827195
169, 34, 2.378497
169, 35, 2.587527
169, 36, 1.563540
169, 37, 1.453232
169, 38, 0.375477
169, 39, 1.572317
169, 40, 2.677159
169, 41, 1.676169
169, 42, 1.004577
169, 43, 1.477886
169, 44, 0.519650
169, 45, 1.360566
169, 46, 2.311510
169, 47, 1.415481
169, 48, 2.067849
169, 49, 0.771901
169, 50, 2.246525
169, 51, 0.700052
169, 52, 1.457742
169, 53, -0.000015
169, 54, 2.713588
169, 55, 2.955729
169, 56, 1.933989
169, 57, 2.936960
169, 58, 0.829374
169, 59, 1.691667
169, 60, -0.272895
169, 61, 1.402721
169, 62, 2.046886
169, 63, 1.722669
169, 64, 1.997409
169, 65, 3.426416
169, 66, 1.750670
169, 67, 2.514823
169, 68, 2.079188
169, 69, 2.669600
169, 70, 2.955146
169, 71, 2.476565
169, 72, 3.799201
169, 73, 3.181818
169, 74, 1.588828
169, 75, 1.934788
169, 76, 1.140951
169, 77, 1.420346
169, 78, 1.916496
169, 79, 2.791910
169, 80, 2.656283
169, 81, 1.774321
169, 82, -0.127732
169, 83, -0.090004
169, 84, 0.939994
169, 85, 2.925715
169, 86, 3.309756
169, 87, 2.334270
169, 88, 1.398646
169, 89, 0.647280
169, 90, 1.079581
169, 91, 1.404010
169, 92, 0.672629
169, 93, 2.679945
169, 94, 1.634428
169, 95, 1.033505
169, 96, 1.918203
169, 97, 4.305227
169, 98, 2.148694
169, 99, 1.159450
169, 100, 0.792004
169, 101, -0.031273
169, 102, 1.675544
169, 103, 0.000000
169, 104, 3.530967
169, 105, 2.742193
169, 106, 1.431670
169, 107, 1.907862
169, 108, 0.845650
169, 109, -0.016499
169, 110, 1.799441
169, 111, 0.791685
169, 112, 1.199225
169, 113, 3.553724
169, 114, 1.068332
169, 115, 1.497559
169, 116, 1.568432
169, 117, 2.225859
169, 118, 1.535537
169, 119, 1.386755
169, 120, 2.049766
169, 121, 3.539788
169, 122, 2.491351
169, 123, 0.500740
169, 124, 2.136383
169, 125, 4.253356
169, 126, 0.254538
169, 127, 0.838413
169, 128, 0.591127
169, 129, 0.074872
169, 130, 1.503830
169, 131, 1.749791
169, 132, 1.204738
169, 133, 1.205631
169, 134, 1.165754
169, 135, 0.744959
169, 136, 0.252817
169, 137, 1.803201
169, 138, 0.985482
169, 139, 0.950695
169, 140, 3.504846
169, 141, 2.068335
169, 142, 3.137627
169, 143, 2.125012
169, 144, 1.581656
169, 145, 1.469971
169, 146, 1.976252
169, 147, 3.772572
169, 148, 2.453777
169, 149, 3.524913
169, 150, 1.535357
169, 151, 1.929838
169, 152, 2.106946
169, 153, 0.000000
169, 154, 1.593774
169, 155, 2.250719
169, 156, -0.010000
169, 157, 3.002996
169, 158, 1.963392
169, 159, 1.482476
169, 160, 2.953336
169, 161, 1.816017
169, 162, 3.306503
169, 163, 2.520663
169, 164, 3.356758
169, 165, 2.995275
169, 166, 3.628826
169, 167, 1.409328
169, 168, 0.736725
169, 169, 1.677943
169, 170, 1.509260
169, 171, 2.464160
169, 172, 2.300954
169, 173, 2.662546
169, 174, 1.778897
169, 175, 1.084479
169, 176, 3.329466
169, 177, 2.494271
169, 178, 0.771568
169, 179, 3.029951
169, 180, 3.496722
169, 181, 0.965567
169, 182, 3.132624
169, 183, -0.040000
169, 184, 1.468988
169, 185, 1.874400
169, 186, 3.294535
169, 187, 0.000000
169, 188, 2.700863
169, 189, 3.030473
169, 190, 2.409982
169, 191, 0.717938
169, 192, 2.139232
169, 193, 2.742332
169, 194, 1.537426
169, 195, -0.040000
169, 196, 3.979728
169, 197, 2.417007
169, 198, 2.280030
169, 199, 1.254460
171, 0, 1.647620
171, 1, 1.518893
171, 2, 2.119014
171, 3, 1.151098
171, 4, -0.339888
171, 5, 1.956493
171, 6, 0.000000
171, 7, 1.244126
171, 8, 3.222329
171, 9, 1.717014
171, 10, 1.763167
171, 11, 2.271102
171, 12, 2.593050
171, 13, -0.000087
171, 14, 2.589436
171, 15, 2.460210
171, 16, 1.231847
171, 17, 3.115479
171, 18, 3.588807
171, 19, 2.632694
171, 20, 4.296285
171, 21, 0.436530
171, 22, 2.089606
171, 23, 1.264069
171, 24, 1.374501
171, 25, 2.046121
171, 26, 1.708471
171, 27, 0.812977
171, 28, 1.661059
171, 29, 1.874539
171, 30, 0.674284
171, 31, 2.606544
171, 32, -0.040000
171, 33, 2.827195
171, 34, 2.349682
171, 35, 2.587138
171, 36, 1.563540
171, 37, 1.492499
171, 38, 0.375477
171, 39, 1.572317
171, 40, 2.677159
171, 41, 1.682657
171, 42, 1.004577
171, 43, 1.438661
171, 44, 0.519650
171, 45, 1.362690
171, 46, 2.310796
171, 47, 1.415481
171, 48, 2.067849
171, 49, 0.771901
171, 50, 2.246525
171, 51, 0.700052
171, 52, 1.460753
171, 53, -0.000015
171, 54, 2.724862
171, 55, 2.981436
171, 56, 1.933990
171, 57, 2.937308
171, 58, 0.829374
171, 59, 1.691667
171, 60, -0.215166
171, 61, 1.402721
171, 62, 2.046885
171, 63, 1.722669
171, 64, 2.000821
171, 65, 3.427581
171, 66, 1.750670
171, 67, 2.514823
171, 68, 2.080367
171, 69, 2.683297
171, 70, 2.953122
171, 71, 2.476565
171, 72, 3.798877
171, 73, 3.181053
171, 74, 1.588828
171, 75, 1.934788
171, 76, 1.140951
171, 77, 1.420346
171, 78, 1.916496
171, 79, 2.791910
171, 80, 2.656370
171, 81, 1.759709
171, 82, -0.127902
171, 83, -0.090004
171, 84, 0.939994
171, 85, 2.928749
171, 86, 3.307467
171, 87, 2.334270
171, 88, 1.398646
171, 89, 0.647280
171, 90, 1.082306
171, 91, 1.406516
171, 92, 0.672629
171, 93, 2.664966
171, 94, 1.632021
171, 95, 1.057604
171, 96, 1.893235
171, 97, 4.306947
171, 98, 2.148113
171, 99, 1.159450
171, 100, 0.792004
171, 101, -0.031273
171, 102, 1.675544
171, 103, 0.000000
171, 104, 3.532117
171, 105, 2.748608
171, 106, 1.431670
171, 107, 1.930612
171, 108, 0.845650
171, 109, -0.016499
171, 110, 1.799441
171, 111, 0.791685
171, 112, 1.199225
171, 113, 3.549996
171, 114, 1.068332
171, 115, 1.516527
171, 116, 1.568432
171, 117, 2.225860
171, 118, 1.596185
171, 119, 1.360157
171, 120, 2.024804
171, 121, 3.599746
171, 122, 2.491351
171, 123, 0.500740
171, 124, 2.136575
171, 125, 4.271483
171, 126, 0.254538
171, 127, 0.838413
171, 128, 0.593171
171, 129, 0.074872
171, 130, 1.505984
171, 131, 1.749791
171, 132, 1.204738
171, 133, 1.171619
171, 134, 1.165754
171, 135, 0.744959
171, 136, 0.252817
171, 137, 1.803292
171, 138, 0.985482
171, 139, 0.950695
171, 140, 3.509099
171, 141, 2.068020
171, 142, 3.140811
171, 143, 2.119186
171, 144, 1.581656
171, 145, 1.469971
171, 146, 1.976252
171, 147, 3.744069
171, 148, 2.453777
171, 149, 3.525437
171, 150, 1.535357
171, 151, 1.929838
171, 152, 2.106946
171, 153, 0.000000
171, 154, 1.593774
171, 155, 2.252362
171, 156, -0.010000
171, 157, 3.004783
171, 158, 1.991819
171, 159, 1.482476
171, 160, 2.953336
171, 161, 1.896036
171, 162, 3.298895
171, 163, 2.511434
171, 164, 3.356761
171, 165, 2.995340
171, 166, 3.630009
171, 167, 1.409328
171, 168, 0.666656
171, 169, 1.679717
171, 170, 1.509260
171, 171, 2.504310
171, 172, 2.326906
171, 173, 2.673230
171, 174, 1.767879
171, 175, 1.084479
171, 176, 3.327008
171, 177, 2.491797
171, 178, 0.771568
171, 179, 3.028817
171, 180, 3.487831
171, 181, 0.965567
171, 182, 3.132624
171, 183, -0.040000
171, 184, 1.474069
171, 185, 1.874861
171, 186, 3.296415
171, 187, 0.000000
171, 188, 2.703424
171, 189, 3.001772
171, 190, 2.409982
171, 191, 0.717938
171, 192, 2.161527
171, 193, 2.743349
171, 194, 1.537423
171, 195, -0.040000
171, 196, 3.979586
171, 197, 2.410417
171, 198, 2.284282
171, 199, 1.254460
173, 0, 1.647620
173, 1, 1.522316
173, 2, 2.137053
173, 3, 1.151002
173, 4, -0.339888
173, 5, 1.956794
173, 6, 0.000000
173, 7, 1.244126
173, 8, 3.222796
173, 9, 1.717014
173, 10, 1.763167
173, 11, 2.271102
173, 12, 2.607596
173, 13, -0.000087
173, 14, 2.589483
173, 15, 2.482269
173, 16, 1.224926
173, 17, 3.118326
173, 18, 3.586213
173, 19, 2.621052
173, 20, 4.296324
173, 21, 0.436530
173, 22, 2.099507
173, 23, 1.264069
173, 24, 1.374501
173, 25, 2.046121
173, 26, 1.681051
173, 27, 0.812977
173, 28, 1.661059
173, 29, 1.875785
173, 30, 0.674284
173, 31, 2.671641
173, 32, -0.040000
173, 33, 2.827195
173, 34, 2.344156
173, 35, 2.586731
173, 36, 1.557622
173, 37, 1.524601
173, 38, 0.375477
173, 39, 1.572317
173, 40, 2.677159
173, 41, 1.684051
173, 42, 1.004577
173, 43, 1.438661
173, 44, 0.519650
173, 45, 1.368346
173, 46, 2.327971
173, 47, 1.415481
173, 48, 2.067849
173, 49, 0.771901
173, 50, 2.242699
173, 51, 0.700052
173, 52, 1.466400
173, 53, -0.000015
173, 54, 2.701402
173, 55, 2.978994
173, 56, 1.933993
173, 57, 2.937606
173, 58, 0.829374
173, 59, 1.691667
173, 60, -0.166181
173, 61, 1.402721
173, 62, 2.046886
173, 63, 1.722669
173, 64, 2.005472
173, 65, 3.419506
173, 66, 1.750670
173, 67, 2.514823
173, 68, 2.059096
173, 69, 2.689206
173, 70, 2.952644
173, 71, 2.476565
173, 72, 3.797927
173, 73, 3.182313
173, 74, 1.588828
173, 75, 1.934788
173, 76, 1.105133
173, 77, 1.420346
173, 78, 1.916496
173, 79, 2.791910
173, 80, 2.656159
173, 81, 1.747214
173, 82, -0.128391
173, 83, -0.090004
173, 84, 0.939994
173, 85, 2.931144
173, 86, 3.240615
173, 87, 2.334270
173, 88, 1.398646
173, 89, 0.544654
173, 90, 1.116280
173, 91, 1.464773
173, 92, 0.672629
173, 93, 2.680902
173, 94, 1.627412
173, 95, 1.047512
173, 96, 1.794933
173, 97, 4.306316
173, 98, 2.150646
173, 99, 1.159450
173, 100, 0.792004
173, 101, -0.031273
173, 102, 1.675544
173, 103, 0.000000
173, 104, 3.530938
173, 105, 2.742043
173, 106, 1.431670
173, 107, 1.938484
173, 108, 0.845650
173, 109, -0.016499
173, 110, 1.799441
173, 111, 0.791685
173, 112, 1.199225
173, 113, 3.553290
173, 114, 1.068332
173, 115, 1.545356
173, 116, 1.568432
173, 117, 2.225860
173, 118, 1.651972
173, 119, 1.360157
173, 120, 2.055922
173, 121, 3.661581
173, 122, 2.491351
173, 123, 0.449916
173, 124, 2.142865
173, 125, 4.288626
173, 126, 0.254538
173, 127, 0.838413
173, 128, 0.594066
173, 129, 0.074872
173, 130, 1.507843
173, 131, 1.749791
173, 132, 1.204738
173, 133, 1.144301
173, 134, 1.165754
173, 135, 0.744959
173, 136, 0.252817
173, 137, 1.803413
173, 138, 0.985482
173, 139, 0.950695
173, 140, 3.497451
173, 141, 2.068686
173, 142, 3.140541
173, 143, 2.115752
173, 144, 1.581656
173, 145, 1.469971
173, 146, 1.976252
173, 147, 3.686711
173, 148, 2.453778
173, 149, 3.525405
173, 150, 1.548651
173, 151, 1.929838
173, 152, 2.106946
173, 153, 0.000000
173, 154, 1.593774
173, 155, 2.259274
173, 156, -0.010000
173, 157, 3.004604
173, 158, 1.991819
173, 159, 1.482476
173, 160, 2.953336
173, 161, 1.952565
173, 162, 3.299544
173, 163, 2.511434
173, 164, 3.356763
173, 165, 2.999057
173, 166, 3.620586
173, 167, 1.409328
173, 168, 0.592323
173, 169, 1.683033
173, 170, 1.509260
173, 171, 2.535539
173, 172, 2.341392
173, 173, 2.675640
173, 174, 1.736755
173, 175, 1.084479
173, 176, 3.334731
173, 177, 2.499394
173, 178, 0.771568
173, 179, 3.023059
173, 180, 3.502069
173, 181, 0.965567
173, 182, 3.132624
173, 183, -0.040000
173, 184, 1.479239
173, 185, 1.875077
173, 186, 3.303064
173, 187, 0.000000
173, 188, 2.697280
173, 189, 2.962145
173, 190, 2.409982
173, 191, 0.717938
173, 192, 2.150244
173, 193, 2.741368
173, 194, 1.537423
173, 195, -0.040000
173, 196, 3.952976
173, 197, 2.397990
173, 198, 2.285143
173, 199, 1.254460
175, 0, 1.647620
175, 1, 1.525364
175, 2, 2.117267
175, 3, 1.150943
175, 4, -0.339888
175, 5, 1.944603
175, 6, 0.000000
175, 7, 1.244126
175, 8, 3.116065
175, 9, 1.717014
175, 10, 1.763167
175, 11, 2.271102
175, 12, 2.607095
175, 13, -0.000087
175, 14, 2.589542
175, 15, 2.452648
175, 16, 1.225977
175, 17, 3.122900
175, 18, 3.588316
175, 19, 2.621052
175, 20, 4.284974
175, 21, 0.436530
175, 22, 2.108692
175, 23, 1.264069
175, 24, 1.366145
175, 25, 2.046121
175, 26, 1.691974
175, 27, 0.812977
175, 28, 1.661059
175, 29, 1.882999
175, 30, 0.674284
175, 31, 2.674314
175, 32, -0.040000
175, 33, 2.827195
175, 34, 2.388409
175, 35, 2.586345
175, 36, 1.626186
175, 37, 1.544099
175, 38, 0.375477
175, 39, 1.571828
175, 40, 2.677159
175, 41, 1.691016
175, 42, 1.004577
175, 43, 1.438661
175, 44, 0.519650
175, 45, 1.381551
175, 46, 2.310328
175, 47, 1.415481
175, 48, 2.067849
175, 49, 0.771901
175, 50, 2.238371
175, 51, 0.700052
175, 52, 1.471577
175, 53, -0.000015
175, 54, 2.718622
175, 55, 2.990333
175, 56, 1.995944
175, 57, 2.937835
175, 58, 0.829374
175, 59, 1.691667
175, 60, -0.121666
175, 61, 1.402721
175, 62, 2.046885
175, 63, 1.722669
175, 64, 2.009998
175, 65, 3.430716
175, 66, 1.750670
175, 67, 2.514823
175, 68, 2.071651
175, 69, 2.693552
175, 70, 2.954528
175, 71, 2.476565
175, 72, 3.799107
175, 73, 3.182528
175, 74, 1.588828
175, 75, 1.934788
175, 76, 1.105133
175, 77, 1.420346
175, 78, 1.916496
175, 79, 2.791910
175, 80, 2.651875
175, 81, 1.664785
175, 82, -0.137110
175, 83, -0.090004
175, 84, 0.939994
175, 85, 2.934071
175, 86, 3.265864
175, 87, 2.334270
175, 88, 1.398646
175, 89, 0.544654
175, 90, 1.118600
175, 91, 1.468357
175, 92, 0.672629
175, 93, 2.700987
175, 94, 1.630289
175, 95, 1.004752
175, 96, 1.792623
175, 97, 4.306962
175, 98, 2.152318
175, 99, 1.159450
175, 100, 0.792004
175, 101, -0.031273
175, 102, 1.675544
175, 103, 0.000000
175, 104, 3.532114
175, 105, 2.748589
175, 106, 1.431670
175, 107, 1.909746
175, 108, 0.845650
175, 109, -0.016499
175, 110, 1.799441
175, 111, 0.791685
175, 112, 1.199225
175, 113, 3.552640
175, 114, 1.068332
175, 115, 1.565557
175, 116, 1.568432
175, 117, 2.225859
175, 118, 1.694360
175, 119, 1.334032
175, 120, 2.084070
175, 121, 3.578753
175, 122, 2.491351
175, 123, 0.449916
175, 124, 2.143204
175, 125, 4.263530
175, 126, 0.254538
175, 127, 0.838413
175, 128, 0.583166
175, 129, 0.074872
175, 130, 1.521195
175, 131, 1.749791
175, 132, 1.204738
175, 133, 1.116677
175, 134, 1.165754
175, 135, 0.744959
175, 136, 0.252817
175, 137, 1.803494
175, 138, 0.985482
175, 139, 0.950695
175, 140, 3.503182
175, 141, 2.068686
175, 142, 3.146157
175, 143, 2.113736
175, 144, 1.581656
175, 145, 1.469971
175, 146, 1.976252
175, 147, 3.771346
175, 148, 2.453777
175, 149, 3.525004
175, 150, 1.548651
175, 151, 1.929838
175, 152, 2.106946
175, 153, 0.000000
175, 154, 1.593774
175, 155, 2.261695
175, 156, -0.010000
175, 157, 3.006905
175, 158, 1.991819
175, 159, 1.482476
175, 160, 2.953336
175, 161, 2.000335
175, 162, 3.314018
175, 163, 2.511434
175, 164, 3.356765
175, 165, 3.001685
175, 166, 3.630981
175, 167, 1.409328
175, 168, 0.517429
175, 169, 1.685991
175, 170, 1.509260
175, 171, 2.557787
175, 172, 2.351218
175, 173, 2.677737
175, 174, 1.775400
175, 175, 1.084479
175, 176, 3.347014
175, 177, 2.501291
175, 178, 0.839180
175, 179, 3.026711
175, 180, 3.493718
175, 181, 0.965567
175, 182, 3.132624
175, 183, -0.040000
175, 184, 1.471581
175, 185, 1.875485
175, 186, 3.279606
175, 187, 0.000000
175, 188, 2.705954
175, 189, 3.012804
175, 190, 2.409982
175, 191, 0.717938
175, 192, 2.140752
175, 193, 2.737721
175, 194, 1.537422
175, 195, 0.387914
175, 196, 3.978450
175, 197, 2.395048
175, 198, 2.288694
175, 199, 1.254460
177, 0, 1.647620
177, 1, 1.528066
177, 2, 2.150288
177, 3, 1.150907
177, 4, -0.339888
177, 5, 1.940252
177, 6, 0.000000
177, 7, 1.244126
177, 8, 3.226480
177, 9, 1.717014
177, 10, 1.763167
177, 11, 2.271102
177, 12, 2.615126
177, 13, -0.000087
177, 14, 2.589591
177, 15, 2.490957
177, 16, 1.221861
177, 17, 3.126302
177, 18, 3.587606
177, 19, 2.621052
177, 20, 4.233426
177, 21, 0.436530
177, 22, 2.117115
177, 23, 1.264069
177, 24, 1.366145
177, 25, 2.046121
177, 26, 1.601346
177, 27, 0.812977
177, 28, 1.661059
177, 29, 1.881747
177, 30, 0.666807
177, 31, 2.682756
177, 32, -0.040000
177, 33, 2.827195
177, 34, 2.373927
177, 35, 2.585955
177, 36, 1.678252
177, 37, 1.573683
177, 38, 0.375477
177, 39, 1.571828
177, 40, 2.677159
177, 41, 1.694375
177, 42, 1.004577
177, 43, 1.438661
177, 44, 0.519650
177, 45, 1.383038
177, 46, 2.297002
177, 47, 1.415481
177, 48, 2.067849
177, 49, 0.771901
177, 50, 2.233564
177, 51, 0.700052
177, 52, 1.476318
177, 53, -0.000015
177, 54, 2.759236
177, 55, 3.019383
177, 56, 2.037079
177, 57, 2.938051
177, 58, 0.829374
177, 59, 1.691667
177, 60, -0.092523
177, 61, 1.402721
177, 62, 2.046886
177, 63, 1.722669
177, 64, 2.014371
177, 65, 3.436849
177, 66, 1.750670
177, 67, 2.514823
177, 68, 2.063404
177, 69, 2.693552
177, 70, 2.953529
177, 71, 2.476565
177, 72, 3.798798
177, 73, 3.185378
177, 74, 1.580833
177, 75, 1.934788
177, 76, 1.105133
177, 77, 1.420346
177, 78, 1.916496
177, 79, 2.791910
177, 80, 2.651580
177, 81, 1.741780
177, 82, -0.136153
177, 83, -0.090004
177, 84, 0.939994
177, 85, 2.934850
177, 86, 3.266059
177, 87, 2.334270
177, 88, 1.398646
177, 89, 0.544654
177, 90, 1.120811
177, 91, 1.465477
177, 92, 0.672629
177, 93, 2.715205
177, 94, 1.620110
177, 95, 0.958864
177, 96, 1.790559
177, 97, 4.270722
177, 98, 2.159849
177, 99, 1.159450
177, 100, 0.792004
177, 101, -0.031273
177, 102, 1.675544
177, 103, 0.000000
177, 104, 3.530943
177, 105, 2.742066
177, 106, 1.431670
177, 107, 1.921847
177, 108, 0.845650
177, 109, -0.016499
177, 110, 1.799441
177, 111, 0.791685
177, 112, 1.199225
177, 113, 3.502127
177, 114, 1.068332
177, 115, 1.587504
177, 116, 1.568432
177, 117, 2.225859
177, 118, 1.741911
177, 119, 1.334032
177, 120, 2.120068
177, 121, 3.645689
177, 122, 2.491351
177, 123, 0.449916
177, 124, 2.143312
177, 125, 4.285164
177, 126, 0.254538
177, 127, 0.838413
177, 128, 0.551638
177, 129, 0.074872
177, 130, 1.529796
177, 131, 1.749791
177, 132, 1.205066
177, 133, 1.085214
177, 134, 1.165754
177, 135, 0.744959
177, 136, 0.252817
177, 137, 1.803594
177, 138, 0.985482
177, 139, 0.950695
177, 140, 3.491837
177, 141, 2.068686
177, 142, 3.136272
177, 143, 2.083278
177, 144, 1.581656
177, 145, 1.469971
177, 146, 1.976252
177, 147, 3.771385
177, 148, 2.453777
177, 149, 3.525404
177, 150, 1.548651
177, 151, 1.929838
177, 152, 2.106946
177, 153, 0.000000
177, 154, 1.593774
177, 155, 2.262974
177, 156, -0.010000
177, 157, 3.006909
177, 158, 1.991819
177, 159, 1.482476
177, 160, 2.953336
177, 161, 2.038833
177, 162, 3.314822
177, 163, 2.511434
177, 164, 3.356768
177, 165, 3.001345
177, 166, 3.628958
177, 167, 1.409328
177, 168, 0.444943
177, 169, 1.688665
177, 170, 1.509260
177, 171, 2.576904
177, 172, 2.350518
177, 173, 2.675554
177, 174, 1.794567
177, 175, 1.084479
177, 176, 3.342625
177, 177, 2.498900
177, 178, 0.919667
177, 179, 3.028144
177, 180, 3.424702
177, 181, 0.965567
177, 182, 3.132624
177, 183, -0.040000
177, 184, 1.471444
177, 185, 1.875862
177, 186, 3.296945
177, 187, 0.000000
177, 188, 2.696282
177, 189, 2.971457
177, 190, 2.409982
177, 191, 0.717938
177, 192, 2.162799
177, 193, 2.736776
177, 194, 1.537422
177, 195, 0.425533
177, 196, 3.982689
177, 197, 2.389642
177, 198, 2.289052
177, 199, 1.254460
179, 0, 1.647620
179, 1, 1.530452
179, 2, 2.145171
179, 3, 1.150885
179, 4, -0.339888
179, 5, 1.937298
179, 6, 0.000000
179, 7, 1.244126
179, 8, 3.264284
179, 9, 1.717014
179, 10, 1.747238
179, 11, 2.271102
179, 12, 2.625481
179, 13, -0.000004
179, 14, 2.588860
179, 15, 2.546515
179, 16, 1.194639
179, 17, 3.130041
179, 18, 3.587217
179, 19, 2.621052
179, 20, 4.289118
179, 21, 0.436530
179, 22, 2.124742
179, 23, 1.264069
179, 24, 1.345270
179, 25, 2.046121
179, 26, 1.594410
179, 27, 0.812977
179, 28, 1.661059
179, 29, 1.882393
179, 30, 0.666807
179, 31, 2.693394
179, 32, -0.040000
179, 33, 2.827195
179, 34, 2.393008
179, 35, 2.584765
179, 36, 1.715953
179, 37, 1.600243
179, 38, 0.375477
179, 39, 1.571828
179, 40, 2.677159
179, 41, 1.695967
179, 42, 1.004577
179, 43, 1.438661
179, 44, 0.519650
179, 45, 1.386792
179, 46, 2.281568
179, 47, 1.415481
179, 48, 2.067849
179, 49, 0.771901
179, 50, 2.228307
179, 51, 0.700052
179, 52, 1.480653
179, 53, -0.000015
179, 54, 2.708095
179, 55, 3.030054
179, 56, 2.063933
179, 57, 2.937866
179, 58, 0.829374
179, 59, 1.691667
179, 60, -0.066512
179, 61, 1.402721
179, 62, 2.046886
179, 63, 1.722669
179, 64, 2.018557
179, 65, 3.408383
179, 66, 1.750670
179, 67, 2.514823
179, 68, 2.053438
179, 69, 2.703347
179, 70, 2.955095
179, 71, 2.476565
179, 72, 3.799020
179, 73, 3.189753
179, 74, 1.580833
179, 75, 1.934788
179, 76, 1.068287
179, 77, 1.420346
179, 78, 1.916496
179, 79, 2.791910
179, 80, 2.651692
179, 81, 1.746376
179, 82, -0.136240
179, 83, -0.090004
179, 84, 0.939994
179, 85, 2.937894
179, 86, 3.267192
179, 87, 2.354086
179, 88, 1.398646
179, 89, 0.544654
179, 90, 1.122921
179, 91, 1.464280
179, 92, 0.672629
179, 93, 2.731214
179, 94, 1.618046
179, 95, 0.898995
179, 96, 1.729702
179, 97, 4.302087
179, 98, 2.163257
179, 99, 1.159450
179, 100, 0.792004
179, 101, -0.031273
179, 102, 1.675544
179, 103, 0.000000
179, 104, 3.532109
179, 105, 2.748568
179, 106, 1.431670
179, 107, 1.915966
179, 108, 0.845650
179, 109, -0.016499
179, 110, 1.799441
179, 111, 0.791685
179, 112, 1.199225
179, 113, 3.551613
179, 114, 1.068332
179, 115, 1.614627
179, 116, 1.568432
179, 117, 2.225859
179, 118, 1.785148
179, 119, 1.334032
179, 120, 2.159120
179, 121, 3.693061
179, 122, 2.491351
179, 123, 0.449916
179, 124, 2.149424
179, 125, 4.281430
179, 126, 0.254538
179, 127, 0.838413
179, 128, 0.535612
179, 129, 0.074872
179, 130, 1.533932
179, 131, 1.749791
179, 132, 1.205066
179, 133, 1.057096
179, 134, 1.165754
179, 135, 0.744959
179, 136, 0.252817
179, 137, 1.803844
179, 138, 0.985482
179, 139, 0.950695
179, 140, 3.479620
179, 141, 2.068686
179, 142, 3.120509
179, 143, 2.074406
179, 144, 1.581656
179, 145, 1.469971
179, 146, 1.976252
179, 147, 3.774291
179, 148, 2.453185
179, 149, 3.525132
179, 150, 1.548651
179, 151, 1.929838
179, 152, 2.106946
179, 153, 0.000000
179, 154, 1.593774
179, 155, 2.264894
179, 156, -0.010000
179, 157, 3.007218
179, 158, 1.991819
179, 159, 1.482476
179, 160, 2.953336
179, 161, 2.059314
179, 162, 3.320644
179, 163, 2.511434
179, 164, 3.357169
179, 165, 3.001579
179, 166, 3.633923
179, 167, 1.409328
179, 168, 0.369980
179, 169, 1.691123
179, 170, 1.509260
179, 171, 2.594998
179, 172, 2.350469
179, 173, 2.686563
179, 174, 1.813990
179, 175, 1.084479
179, 176, 3.347675
179, 177, 2.491035
179, 178, 0.952502
179, 179, 3.028727
179, 180, 3.500736
179, 181, 0.965567
179, 182, 3.132624
179, 183, -0.040000
179, 184, 1.481802
179, 185, 1.876209
179, 186, 3.287648
179, 187, 0.000000
179, 188, 2.701827
179, 189, 3.006639
179, 190, 2.409982
179, 191, 0.717938
179, 192, 2.143124
179, 193, 2.741528
179, 194, 1.537422
179, 195, 0.458655
179, 196, 3.979576
179, 197, 2.381727
179, 198, 2.289237
179, 199, 1.254460
181, 0, 1.647620
181, 1, 1.531534
181, 2, 2.178232
181, 3, 1.150871
181, 4, -0.339888
181, 5, 1.939910
181, 6, 0.000000
181, 7, 1.244126
181, 8, 3.284176
181, 9, 1.717014
181, 10, 1.781409
181, 11, 2.271102
181, 12, 2.632064
181, 13, -0.000004
181, 14, 2.589362
181, 15, 2.553234
181, 16, 1.159932
181, 17, 3.134130
181, 18, 3.588624
181, 19, 2.621052
181, 20, 4.260146
181, 21, 0.436530
181, 22, 2.131547
181, 23, 1.264069
181, 24, 1.319787
181, 25, 2.046121
181, 26, 1.666903
181, 27, 0.812977
181, 28, 1.661059
181, 29, 1.881138
181, 30, 0.666807
181, 31, 2.701958
181, 32, -0.040000
181, 33, 2.827195
181, 34, 2.385630
181, 35, 2.584871
181, 36, 1.752518
181, 37, 1.623039
181, 38, 0.375477
181, 39, 1.571828
181, 40, 2.677159
181, 41, 1.696691
181, 42, 1.004577
181, 43, 1.438661
181, 44, 0.519650
181, 45, 1.387873
181, 46, 2.282797
181, 47, 1.415481
181, 48, 2.067849
181, 49, 0.771901
181, 50, 2.222633
181, 51, 0.700052
181, 52, 1.482678
181, 53, -0.000015
181, 54, 2.722340
181, 55, 3.045728
181, 56, 2.128570
181, 57, 2.938286
181, 58, 0.829374
181, 59, 1.691667
181, 60, -0.047481
181, 61, 1.402721
181, 62, 2.046886
181, 63, 1.722669
181, 64, 2.022521
181, 65, 3.437587
181, 66, 1.750670
181, 67, 2.514823
181, 68, 2.049904
181, 69, 2.716170
181, 70, 2.955153
181, 71, 2.476565
181, 72, 3.799402
181, 73, 3.192888
181, 74, 1.580833
181, 75, 1.934788
181, 76, 1.068287
181, 77, 1.420346
181, 78, 1.916496
181, 79, 2.796937
181, 80, 2.653397
181, 81, 1.720199
181, 82, -0.135289
181, 83, -0.090004
181, 84, 0.939994
181, 85, 2.940878
181, 86, 3.260819
181, 87, 2.343659
181, 88, 1.398646
181, 89, 0.544654
181, 90, 1.124934
181, 91, 1.467281
181, 92, 0.672629
181, 93, 2.746226
181, 94, 1.621437
181, 95, 0.817791
181, 96, 1.733903
181, 97, 4.304215
181, 98, 2.159944
181, 99, 1.159450
181, 100, 0.792004
181, 101, -0.031273
181, 102, 1.675544
181, 103, 0.000000
181, 104, 3.530948
181, 105, 2.742092
181, 106, 1.431670
181, 107, 1.881009
181, 108, 0.845650
181, 109, -0.016499
181, 110, 1.799441
181, 111, 0.791685
181, 112, 1.199225
181, 113, 3.553262
181, 114, 1.068332
181, 115, 1.642738
181, 116, 1.568432
181, 117, 2.225860
181, 118, 1.824123
181, 119, 1.334032
181, 120, 2.205892
181, 121, 3.693649
181, 122, 2.491351
181, 123, 0.449916
181, 124, 2.149607
181, 125, 4.283941
181, 126, 0.254538
181, 127, 0.838413
181, 128, 0.535612
181, 129, 0.074872
181, 130, 1.533932
181, 131, 1.749791
181, 132, 1.205066
181, 133, 1.025016
181, 134, 1.165754
181, 135, 0.744959
181, 136, 0.252817
181, 137, 1.803980
181, 138, 0.985482
181, 139, 0.937750
181, 140, 3.488057
181, 141, 2.068686
181, 142, 3.133473
181, 143, 2.059846
181, 144, 1.581656
181, 145, 1.469971
181, 146, 1.976252
181, 147, 3.740852
181, 148, 2.453185
181, 149, 3.525381
181, 150, 1.548651
181, 151, 1.923233
181, 152, 2.106946
181, 153, 0.000000
181, 154, 1.593774
181, 155, 2.265959
181, 156, -0.010000
181, 157, 3.006926
181, 158, 1.991819
181, 159, 1.482476
181, 160, 2.953336
181, 161, 1.943795
181, 162, 3.324926
181, 163, 2.511434
181, 164, 3.356769
181, 165, 2.999460
181, 166, 3.628772
181, 167, 1.409328
181, 168, 0.369980
181, 169, 1.693375
181, 170, 1.509260
181, 171, 2.604860
181, 172, 2.318370
181, 173, 2.684580
181, 174, 1.833173
181, 175, 1.084479
181, 176, 3.347675
181, 177, 2.494719
181, 178, 0.964741
181, 179, 3.027653
181, 180, 3.491592
181, 181, 0.965567
181, 182, 3.132624
181, 183, -0.040000
181, 184, 1.475891
181, 185, 1.876529
181, 186, 3.287895
181, 187, 0.000000
181, 188, 2.699784
181, 189, 3.019804
181, 190, 2.409982
181, 191, 0.717938
181, 192, 2.163598
181, 193, 2.742372
181, 194, 1.537420
181, 195, 0.481261
181, 196, 3.978985
181, 197, 2.381727
181, 198, 2.289309
181, 199, 1.254460
183, 0, 1.647620
183, 1, 1.535992
183, 2, 2.178232
183, 3, 1.150863
183, 4, -0.339888
183, 5, 1.936204
183, 6, 0.000000
183, 7, 1.244126
183, 8, 3.179651
183, 9, 1.717014
183, 10, 1.797926
183, 11, 2.271102
183, 12, 2.628960
183, 13, -0.000004
183, 14, 2.589638
183, 15, 2.550575
183, 16, 1.168874
183, 17, 3.137685
183, 18, 3.584716
183, 19, 2.621052
183, 20, 4.272032
183, 21, 0.436530
183, 22, 2.137516
183, 23, 1.264069
183, 24, 1.294566
183, 25, 2.046121
183, 26, 1.680745
183, 27, 0.812977
183, 28, 1.661059
183, 29, 1.882846
183, 30, 0.666807
183, 31, 2.703761
183, 32, -0.040000
183, 33, 2.827195
183, 34, 2.325642
183, 35, 2.584744
183, 36, 1.789539
183, 37, 1.644958
183, 38, 0.375477
183, 39, 1.571828
183, 40, 2.677159
183, 41, 1.697129
183, 42, 1.011686
183, 43, 1.442728
183, 44, 0.519650
183, 45, 1.392520
183, 46, 2.281026
183, 47, 1.415481
183, 48, 2.067849
183, 49, -0.160065
183, 50, 2.216595
183, 51, 0.700052
183, 52, 1.484612
183, 53, -0.000015
183, 54, 2.692366
183, 55, 3.054299
183, 56, 2.157784
183, 57, 2.938595
183, 58, 0.829374
183, 59, 1.691667
183, 60, -0.034307
183, 61, 1.402721
183, 62, 2.046886
183, 63, 1.722669
183, 64, 2.026229
183, 65, 3.437955
183, 66, 1.750670
183, 67, 2.514823
183, 68, 2.046908
183, 69, 2.720636
183, 70, 2.949764
183, 71, 2.476565
183, 72, 3.798090
183, 73, 3.193125
183, 74, 1.580833
183, 75, 1.934788
183, 76, 1.068287
183, 77, 1.420346
183, 78, 1.916496
183, 79, 2.797777
183, 80, 2.652885
183, 81, 1.729944
183, 82, -0.136271
183, 83, 0.586886
183, 84, 0.939994
183, 85, 2.941408
183, 86, 3.264387
183, 87, 2.334270
183, 88, 1.398646
183, 89, 0.544654
183, 90, 1.126856
183, 91, 1.466266
183, 92, 0.672629
183, 93, 2.715215
183, 94, 1.628298
183, 95, 0.781425
183, 96, 1.683910
183, 97, 4.305213
183, 98, 2.128510
183, 99, 1.159450
183, 100, 0.792004
183, 101, -0.031273
183, 102, 1.675544
183, 103, 0.000000
183, 104, 3.532106
183, 105, 2.748542
183, 106, 1.431670
183, 107, 1.882871
183, 108, 0.845650
183, 109, -0.016499
183, 110, 1.799441
183, 111, 0.791685
183, 112, 1.185186
183, 113, 3.509492
183, 114, 1.068332
183, 115, 1.665674
183, 116, 1.568432
183, 117, 2.225860
183, 118, 1.858825
183, 119, 1.334032
183, 120, 2.245767
183, 121, 3.700898
183, 122, 2.491351
183, 123, 0.397198
183, 124, 2.149705
183, 125, 4.278820
183, 126, 0.254538
183, 127, 0.838413
183, 128, 0.516297
183, 129, 0.074872
183, 130, 1.533932
183, 131, 1.749791
183, 132, 1.205103
183, 133, 0.998229
183, 134, 1.165754
183, 135, 0.744959
183, 136, 0.252817
183, 137, 1.803998
183, 138, 0.985482
183, 139, 0.937750
183, 140, 3.490834
183, 141, 2.068686
183, 142, 3.140632
183, 143, 2.072934
183, 144, 1.581656
183, 145, 1.469971
183, 146, 1.976252
183, 147, 3.767268
183, 148, 2.453185
183, 149, 3.525027
183, 150, 1.548651
183, 151, 1.923463
183, 152, 2.106946
183, 153, 0.000000
183, 154, 1.593774
183, 155, 2.272304
183, 156, -0.010000
183, 157, 3.007277
183, 158, 1.991819
183, 159, 1.482476
183, 160, 2.953336
183, 161, 2.005734
183, 162, 3.330243
183, 163, 2.511434
183, 164, 3.356773
183, 165, 3.001874
183, 166, 3.618118
183, 167, 1.409328
183, 168, 0.369980
183, 169, 1.695432
183, 170, 1.509260
183, 171, 2.611407
183, 172, 2.342889
183, 173, 2.681748
183, 174, 1.823010
183, 175, 1.084479
183, 176, 3.347675
183, 177, 2.491214
183, 178, 1.002333
183, 179, 3.028605
183, 180, 3.396501
183, 181, 0.965567
183, 182, 3.132624
183, 183, -0.040000
183, 184, 1.471378
183, 185, 1.876825
183, 186, 3.295065
183, 187, 0.000000
183, 188, 2.696229
183, 189, 3.041384
183, 190, 2.409982
183, 191, 0.717938
183, 192, 2.141149
183, 193, 2.743580
183, 194, 1.537420
183, 195, 0.596302
183, 196, 3.979207
183, 197, 2.378135
183, 198, 2.289287
183, 199, 1.262361
185, 0, 1.647620
185, 1, 1.537059
185, 2, 2.141562
185, 3, 1.150858
185, 4, -0.339888
185, 5, 1.936868
185, 6, 0.000000
185, 7, 1.244126
185, 8, 3.252413
185, 9, 1.717014
185, 10, 1.799125
185, 11, 2.271102
185, 12, 2.619519
185, 13, -0.000004
185, 14, 2.589721
185, 15, 2.433762
185, 16, 1.187481
185, 17, 3.140793
185, 18, 3.587833
185, 19, 2.624926
185, 20, 4.247163
185, 21, 0.436530
185, 22, 2.151416
185, 23, 1.264069
185, 24, 1.231971
185, 25, 2.046121
185, 26, 1.684515
185, 27, 0.812977
185, 28, 1.661059
185, 29, 1.882699
185, 30, 0.666807
185, 31, 2.701566
185, 32, -0.040000
185, 33, 2.827195
185, 34, 2.387986
185, 35, 2.584454
185, 36, 1.824607
185, 37, 1.668445
185, 38, 0.375477
185, 39, 1.571828
185, 40, 2.677159
185, 41, 1.697472
185, 42, 1.011686
185, 43, 1.442728
185, 44, 0.519650
185, 45, 1.393490
185, 46, 2.304114
185, 47, 1.415481
185, 48, 2.067849
185, 49, -0.160065
185, 50, 2.137289
185, 51, 0.700052
185, 52, 1.486458
185, 53, -0.000015
185, 54, 2.713851
185, 55, 3.059838
185, 56, 2.157784
185, 57, 2.938823
185, 58, 0.829374
185, 59, 1.691667
185, 60, -0.024737
185, 61, 1.402721
185, 62, 2.046886
185, 63, 1.722669
185, 64, 2.039705
185, 65, 3.415167
185, 66, 1.750670
185, 67, 2.514823
185, 68, 2.029394
185, 69, 2.721554
185, 70, 2.955058
185, 71, 2.476565
185, 72, 3.798654
185, 73, 3.190971
185, 74, 1.580833
185, 75, 1.934788
185, 76, 1.068287
185, 77, 1.420346
185, 78, 1.916496
185, 79, 2.797782
185, 80, 2.652635
185, 81, 1.732835
185, 82, -0.136041
185, 83, 0.586886
185, 84, 0.939994
185, 85, 2.941622
185, 86, 3.268409
185, 87, 2.334270
185, 88, 1.398646
185, 89, 0.544654
185, 90, 1.128690
185, 91, 1.461597
185, 92, 0.672629
185, 93, 2.743140
185, 94, 1.631378
185, 95, 0.728558
185, 96, 1.671723
185, 97, 4.307011
185, 98, 2.137958
185, 99, 1.159450
185, 100, 0.792004
185, 101, -0.031273
185, 102, 1.675544
185, 103, 0.000000
185, 104, 3.530952
185, 105, 2.742114
185, 106, 1.431670
185, 107, 1.891963
185, 108, 0.845650
185, 109, -0.016499
185, 110, 1.799441
185, 111, 0.791685
185, 112, 1.185186
185, 113, 3.554185
185, 114, 1.068332
185, 115, 1.689732
185, 116, 1.568432
185, 117, 2.225859
185, 118, 1.889205
185, 119, 1.334032
185, 120, 2.258425
185, 121, 3.621703
185, 122, 2.491351
185, 123, 0.397198
185, 124, 2.149787
185, 125, 4.270072
185, 126, 0.254538
185, 127, 0.838413
185, 128, 0.516297
185, 129, 0.074872
185, 130, 1.533932
185, 131, 1.749791
185, 132, 1.205103
185, 133, 0.981009
185, 134, 1.165754
185, 135, 0.744959
185, 136, 0.252817
185, 137, 1.804062
185, 138, 0.985482
185, 139, 0.937750
185, 140, 3.471249
185, 141, 2.068686
185, 142, 3.143602
185, 143, 2.079325
185, 144, 1.581656
185, 145, 1.469971
185, 146, 1.976252
185, 147, 3.775563
185, 148, 2.453185
185, 149, 3.525396
185, 150, 1.548651
185, 151, 1.928407
185, 152, 2.106946
185, 153, 0.000000
185, 154, 1.593774
185, 155, 2.273415
185, 156, -0.010000
185, 157, 3.012382
185, 158, 1.991819
185, 159, 1.482476
185, 160, 2.953336
185, 161, 1.947201
185, 162, 3.351877
185, 163, 2.512055
185, 164, 3.356776
185, 165, 3.001085
185, 166, 3.627614
185, 167, 1.409328
185, 168, 0.369980
185, 169, 1.696390
185, 170, 1.509260
185, 171, 2.618165
185, 172, 2.324054
185, 173, 2.675276
185, 174, 1.823587
185, 175, 1.084479
185, 176, 3.359228
185, 177, 2.494610
185, 178, 1.052606
185, 179, 3.024772
185, 180, 3.497705
185, 181, 0.965567
185, 182, 3.132624
185, 183, -0.040000
185, 184, 1.484387
185, 185, 1.877097
185, 186, 3.297213
185, 187, 0.000000
185, 188, 2.690539
185, 189, 3.071140
185, 190, 2.409982
185, 191, 0.717938
185, 192, 2.163130
185, 193, 2.740189
185, 194, 1.537421
185, 195, 0.702413
185, 196, 3.980145
185, 197, 2.371072
185, 198, 2.289229
185, 199, 1.262361
187, 0, 1.647620
187, 1, 1.538998
187, 2, 2.136886
187, 3, 1.150856
187, 4, -0.339888
187, 5, 1.936695
187, 6, 0.000000
187, 7, 1.244126
187, 8, 3.275099
187, 9, 1.717014
187, 10, 1.799196
187, 11, 2.271102
187, 12, 2.621905
187, 13, -0.000004
187, 14, 2.589762
187, 15, 2.391094
187, 16, 1.158894
187, 17, 3.143829
187, 18, 3.587200
187, 19, 2.621052
187, 20, 4.254888
187, 21, 0.436530
187, 22, 2.156756
187, 23, 1.264069
187, 24, 1.191930
187, 25, 2.046121
187, 26, 1.676850
187, 27, 0.812977
187, 28, 1.661059
187, 29, 1.882347
187, 30, 0.666807
187, 31, 2.706311
187, 32, -0.040000
187, 33, 2.827195
187, 34, 2.401827
187, 35, 2.584093
187, 36, 1.864097
187, 37, 1.692680
187, 38, 0.375477
187, 39, 1.571828
187, 40, 2.677159
187, 41, 1.697826
187, 42, 1.011686
187, 43, 1.442728
187, 44, 0.519650
187, 45, 1.395230
187, 46, 2.315058
187, 47, 1.415481
187, 48, 2.067849
187, 49, -0.160065
187, 50, 2.137289
187, 51, 0.700052
187, 52, 1.489900
187, 53, -0.000015
187, 54, 2.761203
187, 55, 3.087345
187, 56, 2.227787
187, 57, 2.939009
187, 58, 0.829374
187, 59, 1.691667
187, 60, -0.016339
187, 61, 1.402721
187, 62, 2.046886
187, 63, 1.722669
187, 64, 2.049245
187, 65, 3.433575
187, 66, 1.750670
187, 67, 2.514823
187, 68, 2.016633
187, 69, 2.721554
187, 70, 2.954659
187, 71, 2.476565
187, 72, 3.798934
187, 73, 3.199088
187, 74, 1.580833
187, 75, 1.934788
187, 76, 1.068287
187, 77, 1.420346
187, 78, 1.923663
187, 79, 2.797782
187, 80, 2.653268
187, 81, 1.731586
187, 82, -0.134989
187, 83, 0.586886
187, 84, 0.939994
187, 85, 2.941709
187, 86, 3.266358
187, 87, 2.334270
187, 88, 1.398646
187, 89, 0.544654
187, 90, 1.130441
187, 91, 1.460552
187, 92, 0.672629
187, 93, 2.719445
187, 94, 1.620880
187, 95, 0.709501
187, 96, 1.678578
187, 97, 4.307242
187, 98, 2.145455
187, 99, 1.159450
187, 100, 0.792004
187, 101, -0.031273
187, 102, 1.675544
187, 103, 0.000000
187, 104, 3.532103
187, 105, 2.748522
187, 106, 1.431670
187, 107, 1.921013
187, 108, 0.845650
187, 109, -0.016499
187, 110, 1.799441
187, 111, 0.791685
187, 112, 1.185186
187, 113, 3.503277
187, 114, 1.068332
187, 115, 1.713366
187, 116, 1.568432
187, 117, 2.225860
187, 118, 1.912274
187, 119, 1.334032
187, 120, 2.266007
187, 121, 3.652631
187, 122, 2.491351
187, 123, 0.397198
187, 124, 2.149809
187, 125, 4.280443
187, 126, 0.254538
187, 127, 0.838413
187, 128, 0.516297
187, 129, 0.074872
187, 130, 1.533932
187, 131, 1.749791
187, 132, 1.205103
187, 133, 0.969963
187, 134, 1.165754
187, 135, 0.744959
187, 136, 0.252817
187, 137, 1.804114
187, 138, 0.985482
187, 139, 0.937750
187, 140, 3.488353
187, 141, 2.068686
187, 142, 3.148139
187, 143, 2.030158
187, 144, 1.581656
187, 145, 1.469971
187, 146, 1.976252
187, 147, 3.741605
187, 148, 2.453185
187, 149, 3.525091
187, 150, 1.548651
187, 151, 1.892269
187, 152, 2.106946
187, 153, 0.000000
187, 154, 1.593774
187, 155, 2.273981
187, 156, -0.010000
187, 157, 3.007190
187, 158, 1.991819
187, 159, 1.482476
187, 160, 2.953336
187, 161, 2.016200
187, 162, 3.350445
187, 163, 2.512055
187, 164, 3.356777
187, 165, 3.000973
187, 166, 3.625029
187, 167, 1.409328
187, 168, 0.369980
187, 169, 1.698183
187, 170, 1.509260
187, 171, 2.631591
187, 172, 2.345305
187, 173, 2.671166
187, 174, 1.789009
187, 175, 1.084479
187, 176, 3.347675
187, 177, 2.484016
187, 178, 1.094051
187, 179, 3.029527
187, 180, 3.411733
187, 181, 0.965567
187, 182, 3.132624
187, 183, -0.040000
187, 184, 1.460978
187, 185, 1.877349
187, 186, 3.303501
187, 187, 0.000000
187, 188, 2.696439
187, 189, 3.097293
187, 190, 2.409982
187, 191, 0.717938
187, 192, 2.142313
187, 193, 2.742676
187, 194, 1.537421
187, 195, 0.702780
187, 196, 3.978832
187, 197, 2.359235
187, 198, 2.289171
187, 199, 1.262361
189, 0, 1.647620
189, 1, 1.540693
189, 2, 2.149669
189, 3, 1.150854
189, 4, -0.339888
189, 5, 1.936383
189, 6, 0.000000
189, 7, 1.244126
189, 8, 3.160939
189, 9, 1.717014
189, 10, 1.799201
189, 11, 2.271102
189, 12, 2.619173
189, 13, -0.000004
189, 14, 2.589811
189, 15, 2.365540
189, 16, 1.153222
189, 17, 3.148394
189, 18, 3.586691
189, 19, 2.616124
189, 20, 4.266697
189, 21, 0.436530
189, 22, 2.159163
189, 23, 1.264069
189, 24, 1.145994
189, 25, 2.046121
189, 26, 1.595160
189, 27, 0.812977
189, 28, 1.661059
189, 29, 1.882236
189, 30, 0.666807
189, 31, 2.707519
189, 32, -0.040000
189, 33, 2.827195
189, 34, 2.383003
189, 35, 2.583749
189, 36, 1.902180
189, 37, 1.704408
189, 38, 0.375477
189, 39, 1.571828
189, 40, 2.677159
189, 41, 1.698142
189, 42, 1.011686
189, 43, 1.442728
189, 44, 0.519650
189, 45, 1.397111
189, 46, 2.314505
189, 47, 1.415481
189, 48, 2.083040
189, 49, -0.160065
189, 50, 2.137289
189, 51, 0.700052
189, 52, 1.493030
189, 53, -0.000015
189, 54, 2.704813
189, 55, 3.060692
189, 56, 2.287657
189, 57, 2.939204
189, 58, 0.829374
189, 59, 1.691667
189, 60, -0.009448
189, 61, 1.402721
189, 62, 2.046885
189, 63, 1.722669
189, 64, 2.051410
189, 65, 3.403740
189, 66, 1.750670
189, 67, 2.514823
189, 68, 2.015485
189, 69, 2.728079
189, 70, 2.952933
189, 71, 2.476565
189, 72, 3.798748
189, 73, 3.197423
189, 74, 1.580833
189, 75, 1.934788
189, 76, 1.068287
189, 77, 1.420346
189, 78, 1.925571
189, 79, 2.797782
189, 80, 2.653674
189, 81, 1.751068
189, 82, -0.134789
189, 83, 0.586886
189, 84, 0.939994
189, 85, 2.941742
189, 86, 3.272723
189, 87, 2.334270
189, 88, 1.398646
189, 89, 0.544654
189, 90, 1.132114
189, 91, 1.453812
189, 92, 0.672629
189, 93, 2.739608
189, 94, 1.630194
189, 95, 0.690248
189, 96, 1.678806
189, 97, 4.307611
189, 98, 2.153483
189, 99, 1.159450
189, 100, 0.792004
189, 101, -0.031273
189, 102, 1.675544
189, 103, 0.000000
189, 104, 3.530957
189, 105, 2.742136
189, 106, 1.431670
189, 107, 1.902596
189, 108, 0.845650
189, 109, -0.016499
189, 110, 1.799441
189, 111, 0.791685
189, 112, 1.185186
189, 113, 3.552100
189, 114, 1.068332
189, 115, 1.733662
189, 116, 1.568432
189, 117, 2.225859
189, 118, 1.924232
189, 119, 1.334032
189, 120, 2.269142
189, 121, 3.693822
189, 122, 2.491351
189, 123, 0.397198
189, 124, 2.149815
189, 125, 4.285502
189, 126, 0.233995
189, 127, 0.838413
189, 128, 0.516297
189, 129, 0.074872
189, 130, 1.533932
189, 131, 1.749791
189, 132, 1.205412
189, 133, 0.962886
189, 134, 1.165754
189, 135, 0.744959
189, 136, 0.252817
189, 137, 1.804234
189, 138, 0.985482
189, 139, 0.937750
189, 140, 3.491853
189, 141, 2.068686
189, 142, 3.141886
189, 143, 2.028329
189, 144, 1.581656
189, 145, 1.469971
189, 146, 1.976252
189, 147, 3.773223
189, 148, 2.453186
189, 149, 3.525365
189, 150, 1.548651
189, 151, 1.904863
189, 152, 2.106946
189, 153, 0.000000
189, 154, 1.593774
189, 155, 2.274271
189, 156, -0.010000
189, 157, 3.007192
189, 158, 1.991819
189, 159, 1.482476
189, 160, 2.953336
189, 161, 2.064173
189, 162, 3.277439
189, 163, 2.512055
189, 164, 3.356779
189, 165, 3.000574
189, 166, 3.628981
189, 167, 1.409328
189, 168, 0.369980
189, 169, 1.699825
189, 170, 1.509260
189, 171, 2.649130
189, 172, 2.343805
189, 173, 2.677702
189, 174, 1.836553
189, 175, 1.084479
189, 176, 3.347675
189, 177, 2.495370
189, 178, 1.138528
189, 179, 3.026544
189, 180, 3.504611
189, 181, 0.965567
189, 182, 3.132624
189, 183, -0.040000
189, 184, 1.477443
189, 185, 1.877581
189, 186, 3.305669
189, 187, 0.000000
189, 188, 2.695366
189, 189, 3.092465
189, 190, 2.409982
189, 191, 0.717938
189, 192, 2.164101
189, 193, 2.732910
189, 194, 1.537421
189, 195, 0.683011
189, 196, 3.978825
189, 197, 2.359235
189, 198, 2.289118
189, 199, 1.262361
191, 0, 1.647620
191, 1, 1.541456
191, 2, 2.160102
191, 3, 1.150853
191, 4, -0.339888
191, 5, 1.935282
191, 6, 0.000000
191, 7, 1.244126
191, 8, 3.272434
191, 9, 1.717014
191, 10, 1.799200
191, 11, 2.271102
191, 12, 2.621871
191, 13, -0.000127
191, 14, 2.589846
191, 15, 2.356977
191, 16, 1.148226
191, 17, 3.149662
191, 18, 3.588466
191, 19, 2.616124
191, 20, 4.278137
191, 21, 0.436530
191, 22, 2.159163
191, 23, 1.264069
191, 24, 1.118047
191, 25, 2.046121
191, 26, 1.607671
191, 27, 0.812977
191, 28, 1.666677
191, 29, 1.881844
191, 30, 0.666807
191, 31, 2.712001
191, 32, -0.040000
191, 33, 2.827195
191, 34, 2.368238
191, 35, 2.583397
191, 36, 1.937253
191, 37, 1.714626
191, 38, 0.375477
191, 39, 1.571828
191, 40, 2.677159
191, 41, 1.698439
191, 42, 1.011686
191, 43, 1.442728
191, 44, 0.519650
191, 45, 1.397586
191, 46, 2.316569
191, 47, 1.415481
191, 48, 2.103799
191, 49, -0.160065
191, 50, 2.137289
191, 51, 0.700052
191, 52, 1.494484
191, 53, -0.000015
191, 54, 2.736193
191, 55, 3.085644
191, 56, 2.316894
191, 57, 2.939391
191, 58, 0.829374
191, 59, 1.691667
191, 60, -0.004258
191, 61, 1.402721
191, 62, 2.046886
191, 63, 1.722669
191, 64, 2.052512
191, 65, 3.416601
191, 66, 1.750670
191, 67, 2.514823
191, 68, 1.995026
191, 69, 2.730773
191, 70, 2.954539
191, 71, 2.476900
191, 72, 3.798295
191, 73, 3.206678
191, 74, 1.580833
191, 75, 1.934788
191, 76, 1.049166
191, 77, 1.420346
191, 78, 1.925571
191, 79, 2.797783
191, 80, 2.653656
191, 81, 1.763828
191, 82, -0.136869
191, 83, 0.586886
191, 84, 0.939994
191, 85, 2.941756
191, 86, 3.262380
191, 87, 2.334270
191, 88, 1.398646
191, 89, 0.544654
191, 90, 1.132922
191, 91, 1.468286
191, 92, 0.672629
191, 93, 2.740078
191, 94, 1.630784
191, 95, 0.685627
191, 96, 1.679168
191, 97, 4.303529
191, 98, 2.163221
191, 99, 1.159450
191, 100, 0.792004
191, 101, -0.031273
191, 102, 1.675544
191, 103, 0.000000
191, 104, 3.532100
191, 105, 2.748509
191, 106, 1.431670
191, 107, 1.904592
191, 108, 0.845650
191, 109, -0.016499
191, 110, 1.799441
191, 111, 0.791685
191, 112, 1.185186
191, 113, 3.553998
191, 114, 1.068332
191, 115, 1.754404
191, 116, 1.568432
191, 117, 2.225859
191, 118, 1.935190
191, 119, 1.334032
191, 120, 2.270555
191, 121, 3.686509
191, 122, 2.491351
191, 123, 0.397198
191, 124, 2.149817
191, 125, 4.286398
191, 126, 0.233995
191, 127, 0.838413
191, 128, 0.516297
191, 129, 0.074872
191, 130, 1.533932
191, 131, 1.749791
191, 132, 1.205412
191, 133, 0.958349
191, 134, 1.165754
191, 135, 0.744959
191, 136, 0.252817
191, 137, 1.804306
191, 138, 0.985482
191, 139, 0.937750
191, 140, 3.478937
191, 141, 2.068686
191, 142, 3.148721
191, 143, 2.029911
191, 144, 1.581656
191, 145, 1.469971
191, 146, 1.976252
191, 147, 3.720904
191, 148, 2.449159
191, 149, 3.524950
191, 150, 1.548651
191, 151, 1.915564
191, 152, 2.106946
191, 153, 0.000000
191, 154, 1.593774
191, 155, 2.274419
191, 156, -0.010000
191, 157, 3.007196
191, 158, 1.991819
191, 159, 1.482476
191, 160, 2.953336
191, 161, 2.027488
191, 162, 3.295733
191, 163, 2.512055
191, 164, 3.356781
191, 165, 3.001625
191, 166, 3.622798
191, 167, 1.409328
191, 168, 0.369980
191, 169, 1.705099
191, 170, 1.509260
191, 171, 2.659201
191, 172, 2.348540
191, 173, 2.696924
191, 174, 1.778105
191, 175, 1.084479
191, 176, 3.347675
191, 177, 2.499018
191, 178, 1.134158
191, 179, 3.022995
191, 180, 3.497148
191, 181, 0.965567
191, 182, 3.132624
191, 183, -0.040000
191, 184, 1.487165
191, 185, 1.877690
191, 186, 3.311837
191, 187, 0.000000
191, 188, 2.687241
191, 189, 3.117234
191, 190, 2.409982
191, 191, 0.717938
191, 192, 2.139845
191, 193, 2.740572
191, 194, 1.537419
191, 195, 0.723797
191, 196, 3.966909
191, 197, 2.359235
191, 198, 2.289062
191, 199, 1.262361
193, 0, 1.647620
193, 1, 1.546592
193, 2, 2.138574
193, 3, 1.150853
193, 4, -0.339888
193, 5, 1.931947
193, 6, 0.000000
193, 7, 1.244126
193, 8, 3.287404
193, 9, 1.717014
193, 10, 1.799201
193, 11, 2.271102
193, 12, 2.617141
193, 13, -0.000874
193, 14, 2.589879
193, 15, 2.350386
193, 16, 1.132368
193, 17, 3.153072
193, 18, 3.587876
193, 19, 2.610320
193, 20, 4.289123
193, 21, 0.436530
193, 22, 2.160947
193, 23, 1.264069
193, 24, 1.071207
193, 25, 2.046121
193, 26, 1.510661
193, 27, 0.812977
193, 28, 1.682604
193, 29, 1.877533
193, 30, 0.666807
193, 31, 2.711772
193, 32, -0.040000
193, 33, 2.827195
193, 34, 2.341298
193, 35, 2.583048
193, 36, 1.972258
193, 37, 1.731850
193, 38, 0.375477
193, 39, 1.571828
193, 40, 2.677159
193, 41, 1.698732
193, 42, 1.011686
193, 43, 1.442728
193, 44, 0.519650
193, 45, 1.394200
193, 46, 2.305503
193, 47, 1.415481
193, 48, 2.137081
193, 49, -0.160065
193, 50, 2.137289
193, 51, 0.700052
193, 52, 1.505737
193, 53, -0.000015
193, 54, 2.778621
193, 55, 3.027691
193, 56, 2.340873
193, 57, 2.939576
193, 58, 0.829374
193, 59, 1.691667
193, 60, -0.001297
193, 61, 1.402721
193, 62, 2.046886
193, 63, 1.722669
193, 64, 2.056761
193, 65, 3.420518
193, 66, 1.750670
193, 67, 2.514823
193, 68, 1.994924
193, 69, 2.736380
193, 70, 2.951020
193, 71, 2.477267
193, 72, 3.798630
193, 73, 3.205645
193, 74, 1.580833
193, 75, 1.934788
193, 76, 1.049166
193, 77, 1.420346
193, 78, 1.927671
193, 79, 2.797782
193, 80, 2.652417
193, 81, 1.725729
193, 82, -0.135983
193, 83, 0.586886
193, 84, 0.939994
193, 85, 2.941761
193, 86, 3.288233
193, 87, 2.334270
193, 88, 1.398646
193, 89, 0.544654
193, 90, 1.134483
193, 91, 1.441394
193, 92, 0.672629
193, 93, 2.724555
193, 94, 1.644433
193, 95, 0.694643
193, 96, 1.678633
193, 97, 4.306565
193, 98, 2.161229
193, 99, 1.159450
193, 100, 0.792004
193, 101, -0.031273
193, 102, 1.675544
193, 103, 0.000000
193, 104, 3.530959
193, 105, 2.742150
193, 106, 1.431670
193, 107, 1.888675
193, 108, 0.845650
193, 109, -0.016499
193, 110, 1.799441
193, 111, 0.791685
193, 112, 1.185186
193, 113, 3.543183
193, 114, 1.068332
193, 115, 1.770318
193, 116, 1.568432
193, 117, 2.225859
193, 118, 1.944712
193, 119, 1.334032
193, 120, 2.271679
193, 121, 3.659034
193, 122, 2.491351
193, 123, 0.397198
193, 124, 2.149817
193, 125, 4.286914
193, 126, 0.231181
193, 127, 0.838413
193, 128, 0.516297
193, 129, 0.074872
193, 130, 1.533932
193, 131, 1.749791
193, 132, 1.205412
193, 133, 0.955455
193, 134, 1.165754
193, 135, 0.744959
193, 136, 0.252817
193, 137, 1.804383
193, 138, 0.985482
193, 139, 0.937750
193, 140, 3.487966
193, 141, 2.068686
193, 142, 3.152997
193, 143, 2.024905
193, 144, 1.581656
193, 145, 1.469971
193, 146, 1.976252
193, 147, 3.684117
193, 148, 2.444974
193, 149, 3.525425
193, 150, 1.548651
193, 151, 1.917154
193, 152, 2.106946
193, 153, 0.000000
193, 154, 1.593774
193, 155, 2.274496
193, 156, -0.010000
193, 157, 3.007321
193, 158, 1.991819
193, 159, 1.482476
193, 160, 2.953336
193, 161, 2.064868
193, 162, 3.313379
193, 163, 2.512055
193, 164, 3.356782
193, 165, 3.000846
193, 166, 3.630260
193, 167, 1.409328
193, 168, 0.369980
193, 169, 1.706768
193, 170, 1.509260
193, 171, 2.673754
193, 172, 2.343146
193, 173, 2.710866
193, 174, 1.807978
193, 175, 1.084479
193, 176, 3.347675
193, 177, 2.495828
193, 178, 1.120409
193, 179, 3.023410
193, 180, 3.471923
193, 181, 0.965567
193, 182, 3.132624
193, 183, -0.040000
193, 184, 1.494294
193, 185, 1.877895
193, 186, 3.306642
193, 187, 0.000000
193, 188, 2.687952
193, 189, 3.136029
193, 190, 2.409982
193, 191, 0.717938
193, 192, 2.162041
193, 193, 2.740205
193, 194, 1.537420
193, 195, 0.755556
193, 196, 3.959019
193, 197, 2.348811
193, 198, 2.289006
193, 199, 1.262361
195, 0, 1.647620
195, 1, 1.548559
195, 2, 2.138574
195, 3, 1.150852
195, 4, -0.339888
195, 5, 1.939493
195, 6, 0.000000
195, 7, 1.244126
195, 8, 3.246318
195, 9, 1.717014
195, 10, 1.799201
195, 11, 2.271102
195, 12, 2.607982
195, 13, -0.001703
195, 14, 2.589901
195, 15, 2.326006
195, 16, 1.146355
195, 17, 3.155721
195, 18, 3.586275
195, 19, 2.610320
195, 20, 4.242060
195, 21, 0.436530
195, 22, 2.161413
195, 23, 1.264069
195, 24, 1.065771
195, 25, 2.046121
195, 26, 1.535919
195, 27, 0.812977
195, 28, 1.692711
195, 29, 1.874832
195, 30, 0.666807
195, 31, 2.708310
195, 32, -0.040000
195, 33, 2.827195
195, 34, 2.385242
195, 35, 2.582696
195, 36, 1.986911
195, 37, 1.751532
195, 38, 0.375477
195, 39, 1.571828
195, 40, 2.677159
195, 41, 1.699029
195, 42, 1.011686
195, 43, 1.442728
195, 44, 0.519650
195, 45, 1.392369
195, 46, 2.325487
195, 47, 1.415481
195, 48, 2.169502
195, 49, -0.160065
195, 50, 2.137289
195, 51, 0.700052
195, 52, 1.514256
195, 53, -0.000015
195, 54, 2.720224
195, 55, 3.035435
195, 56, 2.379678
195, 57, 2.939746
195, 58, 0.829374
195, 59, 1.691667
195, 60, -0.000177
195, 61, 1.402721
195, 62, 2.046886
195, 63, 1.722669
195, 64, 2.057592
195, 65, 3.419660
195, 66, 1.750670
195, 67, 2.514823
195, 68, 1.975339
195, 69, 2.737038
195, 70, 2.953461
195, 71, 2.477418
195, 72, 3.798726
195, 73, 3.205588
195, 74, 1.580833
195, 75, 1.934788
195, 76, 1.049166
195, 77, 1.420346
195, 78, 1.928189
195, 79, 2.797782
195, 80, 2.654087
195, 81, 1.753366
195, 82, -0.132281
195, 83, 0.586886
195, 84, 0.939994
195, 85, 2.941764
195, 86, 3.292547
195, 87, 2.334270
195, 88, 1.398646
195, 89, 0.544654
195, 90, 1.147762
195, 91, 1.428080
195, 92, 0.672629
195, 93, 2.738586
195, 94, 1.661572
195, 95, 0.680144
195, 96, 1.689705
195, 97, 4.307240
195, 98, 2.170984
195, 99, 1.159450
195, 100, 0.792004
195, 101, -0.031273
195, 102, 1.675544
195, 103, 0.000000
195, 104, 3.532097
195, 105, 2.748488
195, 106, 1.431670
195, 107, 1.879488
195, 108, 0.845650
195, 109, -0.016499
195, 110, 1.799441
195, 111, 0.791685
195, 112, 1.185186
195, 113, 3.550186
195, 114, 1.068332
195, 115, 1.784594
195, 116, 1.568432
195, 117, 2.225859
195, 118, 1.958277
195, 119, 1.334032
195, 120, 2.272775
195, 121, 3.695237
195, 122, 2.491351
195, 123, 0.397198
195, 124, 2.149817
195, 125, 4.280963
195, 126, 0.225917
195, 127, 0.838413
195, 128, 0.516297
195, 129, 0.074872
195, 130, 1.533932
195, 131, 1.749791
195, 132, 1.205412
195, 133, 0.953605
195, 134, 1.165754
195, 135, 0.744959
195, 136, 0.252817
195, 137, 1.804496
195, 138, 0.985482
195, 139, 0.937750
195, 140, 3.492572
195, 141, 2.068686
195, 142, 3.131901
195, 143, 2.026344
195, 144, 1.581656
195, 145, 1.469971
195, 146, 1.976252
195, 147, 3.755548
195, 148, 2.445599
195, 149, 3.525219
195, 150, 1.548651
195, 151, 1.924787
195, 152, 2.106946
195, 153, 0.000000
195, 154, 1.593774
195, 155, 2.274537
195, 156, -0.010000
195, 157, 3.007075
195, 158, 1.991819
195, 159, 1.482476
195, 160, 2.953336
195, 161, 2.045130
195, 162, 3.317139
195, 163, 2.512055
195, 164, 3.356784
195, 165, 2.998671
195, 166, 3.625709
195, 167, 1.409328
195, 168, 0.369980
195, 169, 1.708368
195, 170, 1.509260
195, 171, 2.686809
195, 172, 2.350407
195, 173, 2.712936
195, 174, 1.831698
195, 175, 1.084479
195, 176, 3.347675
195, 177, 2.499209
195, 178, 1.040797
195, 179, 3.023015
195, 180, 3.507025
195, 181, 0.965567
195, 182, 3.132624
195, 183, -0.040000
195, 184, 1.495202
195, 185, 1.879338
195, 186, 3.310190
195, 187, 0.000000
195, 188, 2.704167
195, 189, 3.142118
195, 190, 2.409982
195, 191, 0.717938
195, 192, 2.144944
195, 193, 2.735563
195, 194, 1.537421
195, 195, 0.781205
195, 196, 3.982394
195, 197, 2.337562
195, 198, 2.288947
195, 199, 1.262361
197, 0, 1.647620
197, 1, 1.547061
197, 2, 2.187044
197, 3, 1.150852
197, 4, -0.339888
197, 5, 1.943577
197, 6, 0.000000
197, 7, 1.244126
197, 8, 3.179049
197, 9, 1.717014
197, 10, 1.799201
197, 11, 2.271102
197, 12, 2.596322
197, 13, -0.002377
197, 14, 2.589938
197, 15, 2.318196
197, 16, 1.187389
197, 17, 3.159037
197, 18, 3.588722
197, 19, 2.603428
197, 20, 4.249266
197, 21, 0.436530
197, 22, 2.161510
197, 23, 1.264069
197, 24, 1.065771
197, 25, 2.046121
197, 26, 1.556696
197, 27, 0.812977
197, 28, 1.699145
197, 29, 1.873009
197, 30, 0.666807
197, 31, 2.702948
197, 32, -0.040000
197, 33, 2.827195
197, 34, 2.354852
197, 35, 2.582369
197, 36, 2.000475
197, 37, 1.757557
197, 38, 0.375477
197, 39, 1.571828
197, 40, 2.677159
197, 41, 1.699279
197, 42, 1.011686
197, 43, 1.442728
197, 44, 0.519650
197, 45, 1.394077
197, 46, 2.313659
197, 47, 1.415481
197, 48, 2.197317
197, 49, -0.160065
197, 50, 2.137289
197, 51, 0.700052
197, 52, 1.514256
197, 53, -0.000015
197, 54, 2.738112
197, 55, 3.044714
197, 56, 2.393127
197, 57, 2.939932
197, 58, 0.829374
197, 59, 1.691667
197, 60, -0.000005
197, 61, 1.402721
197, 62, 2.046885
197, 63, 1.722669
197, 64, 2.057648
197, 65, 3.422451
197, 66, 1.750670
197, 67, 2.514823
197, 68, 1.967494
197, 69, 2.746863
197, 70, 2.953525
197, 71, 2.477481
197, 72, 3.799382
197, 73, 3.200061
197, 74, 1.580833
197, 75, 1.934788
197, 76, 1.049166
197, 77, 1.420346
197, 78, 1.928295
197, 79, 2.797782
197, 80, 2.655471
197, 81, 1.754045
197, 82, -0.130990
197, 83, 0.586886
197, 84, 0.939994
197, 85, 2.941764
197, 86, 3.297447
197, 87, 2.334270
197, 88, 1.398646
197, 89, 0.544654
197, 90, 1.173434
197, 91, 1.420001
197, 92, 0.672629
197, 93, 2.723413
197, 94, 1.666351
197, 95, 0.697712
197, 96, 1.690193
197, 97, 4.307234
197, 98, 2.168975
197, 99, 1.159450
197, 100, 0.792004
197, 101, -0.031273
197, 102, 1.675544
197, 103, 0.000000
197, 104, 3.530962
197, 105, 2.742169
197, 106, 1.431670
197, 107, 1.882243
197, 108, 0.845650
197, 109, -0.016499
197, 110, 1.799441
197, 111, 0.791685
197, 112, 1.185186
197, 113, 3.554639
197, 114, 1.068332
197, 115, 1.792768
197, 116, 1.568432
197, 117, 2.225859
197, 118, 1.970155
197, 119, 1.334032
197, 120, 2.273872
197, 121, 3.674700
197, 122, 2.491351
197, 123, 0.397198
197, 124, 2.149865
197, 125, 4.284633
197, 126, 0.225917
197, 127, 0.838413
197, 128, 0.516297
197, 129, 0.074872
197, 130, 1.536886
197, 131, 1.749791
197, 132, 1.205774
197, 133, 0.952431
197, 134, 1.165754
197, 135, 0.744959
197, 136, 0.252817
197, 137, 1.804599
197, 138, 0.985482
197, 139, 0.937750
197, 140, 3.500239
197, 141, 2.067953
197, 142, 3.149505
197, 143, 2.030482
197, 144, 1.581656
197, 145, 1.469971
197, 146, 1.976252
197, 147, 3.707186
197, 148, 2.445855
197, 149, 3.525484
197, 150, 1.557161
197, 151, 1.920834
197, 152, 2.106946
197, 153, 0.000000
197, 154, 1.593774
197, 155, 2.274777
197, 156, -0.010000
197, 157, 3.007080
197, 158, 1.991819
197, 159, 1.465876
197, 160, 2.953336
197, 161, 2.051263
197, 162, 3.324741
197, 163, 2.512055
197, 164, 3.356786
197, 165, 2.998222
197, 166, 3.631190
197, 167, 1.409328
197, 168, 0.369980
197, 169, 1.709854
197, 170, 1.509260
197, 171, 2.697829
197, 172, 2.352469
197, 173, 2.712035
197, 174, 1.803292
197, 175, 1.084479
197, 176, 3.347675
197, 177, 2.493096
197, 178, 1.022250
197, 179, 3.026383
197, 180, 3.503440
197, 181, 0.965567
197, 182, 3.132624
197, 183, -0.040000
197, 184, 1.495588
197, 185, 1.879699
197, 186, 3.294704
197, 187, 0.000000
197, 188, 2.692338
197, 189, 3.149593
197, 190, 2.409982
197, 191, 0.717938
197, 192, 2.158169
197, 193, 2.742297
197, 194, 1.537423
197, 195, 0.808687
197, 196, 3.957077
197, 197, 2.337562
197, 198, 2.288886
197, 199, 1.262361
199, 0, 1.647620
199, 1, 1.547243
199, 2, 2.213781
199, 3, 1.150851
199, 4, -0.339888
199, 5, 1.937195
199, 6, 0.000000
199, 7, 1.244126
199, 8, 3.209767
199, 9, 1.717014
199, 10, 1.799201
199, 11, 2.271102
199, 12, 2.584804
199, 13, -0.002867
199, 14, 2.589965
199, 15, 2.345367
199, 16, 1.216078
199, 17, 3.163704
199, 18, 3.584770
199, 19, 2.603428
199, 20, 4.208111
199, 21, 0.436530
199, 22, 2.161510
199, 23, 1.264069
199, 24, 1.065771
199, 25, 2.046121
199, 26, 1.542935
199, 27, 0.812977
199, 28, 1.703246
199, 29, 1.881533
199, 30, 0.666807
199, 31, 2.697289
199, 32, -0.040000
199, 33, 2.827195
199, 34, 2.387743
199, 35, 2.582033
199, 36, 2.013314
199, 37, 1.769443
199, 38, 0.375477
199, 39, 1.571726
199, 40, 2.677159
199, 41, 1.699580
199, 42, 1.011686
199, 43, 1.442728
199, 44, 0.519650
199, 45, 1.406228
199, 46, 2.293854
199, 47, 1.415481
199, 48, 2.221222
199, 49, -0.160065
199, 50, 2.137289
199, 51, 0.700052
199, 52, 1.514256
199, 53, -0.000015
199, 54, 2.711347
199, 55, 3.002131
199, 56, 2.427927
199, 57, 2.940111
199, 58, 0.829374
199, 59, 1.691667
199, 60, -0.000005
199, 61, 1.402721
199, 62, 2.046886
199, 63, 1.722669
199, 64, 2.057648
199, 65, 3.430938
199, 66, 1.750670
199, 67, 2.514823
199, 68, 1.973049
199, 69, 2.748298
199, 70, 2.953654
199, 71, 2.477507
199, 72, 3.799382
199, 73, 3.193650
199, 74, 1.580833
199, 75, 1.934788
199, 76, 1.049166
199, 77, 1.420346
199, 78, 1.928295
199, 79, 2.797782
199, 80, 2.653625
199, 81, 1.777227
199, 82, -0.136205
199, 83, 0.586886
199, 84, 0.939994
199, 85, 2.941765
199, 86, 3.274238
199, 87, 2.334270
199, 88, 1.398646
199, 89, 0.544654
199, 90, 1.179314
199, 91, 1.454457
199, 92, 0.672629
199, 93, 2.734566
199, 94, 1.666409
199, 95, 0.692911
199, 96, 1.691025
199, 97, 4.255733
199, 98, 2.141047
199, 99, 1.159450
199, 100, 0.792004
199, 101, -0.031273
199, 102, 1.675544
199, 103, 0.000000
199, 104, 3.532120
199, 105, 2.748626
199, 106, 1.431670
199, 107, 1.882540
199, 108, 0.845650
199, 109, -0.016499
199, 110, 1.799441
199, 111, 0.791685
199, 112, 1.185186
199, 113, 3.553465
199, 114, 1.068332
199, 115, 1.801659
199, 116, 1.568432
199, 117, 2.225859
199, 118, 1.980197
199, 119, 1.334032
199, 120, 2.274972
199, 121, 3.664495
199, 122, 2.491351
199, 123, 0.397198
199, 124, 2.149888
199, 125, 4.287922
199, 126, 0.241843
199, 127, 0.838413
199, 128, 0.516297
199, 129, 0.074872
199, 130, 1.536900
199, 131, 1.749791
199, 132, 1.205774
199, 133, 0.951680
199, 134, 1.165754
199, 135, 0.744959
199, 136, 0.252817
199, 137, 1.804663
199, 138, 0.985482
199, 139, 0.937750
199, 140, 3.503779
199, 141, 2.067497
199, 142, 3.154446
199, 143, 2.047081
199, 144, 1.581656
199, 145, 1.469971
199, 146, 1.976252
199, 147, 3.760242
199, 148, 2.445960
199, 149, 3.525433
199, 150, 1.557161
199, 151, 1.925702
199, 152, 2.106946
199, 153, 0.000000
199, 154, 1.593774
199, 155, 2.275075
199, 156, -0.010000
199, 157, 3.007332
199, 158, 1.991819
199, 159, 1.447690
199, 160, 2.953336
199, 161, 1.947055
199, 162, 3.342936
199, 163, 2.512055
199, 164, 3.356787
199, 165, 3.002106
199, 166, 3.631569
199, 167, 1.409328
199, 168, 0.369980
199, 169, 1.711217
199, 170, 1.509260
199, 171, 2.706473
199, 172, 2.312894
199, 173, 2.708976
199, 174, 1.716860
199, 175, 1.084479
199, 176, 3.347675
199, 177, 2.486269
199, 178, 0.932326
199, 179, 3.028003
199, 180, 3.494136
199, 181, 0.965567
199, 182, 3.132624
199, 183, -0.040000
199, 184, 1.489844
199, 185, 1.880080
199, 186, 3.289854
199, 187, 0.000000
199, 188, 2.702266
199, 189, 3.087092
199, 190, 2.409982
199, 191, 0.717938
199, 192, 2.161700
199, 193, 2.738339
199, 194, 1.537425
199, 195, 0.834604
199, 196, 3.983066
199, 197, 2.327179
199, 198, 2.288834
199, 199, 1.262361
201, 0, 1.647620
201, 1, 1.547325
201, 2, 2.197227
201, 3, 1.150851
201, 4, -0.339888
201, 5, 1.933650
201, 6, 0.000000
201, 7, 1.244126
201, 8, 3.229466
201, 9, 1.717014
201, 10, 1.799201
201, 11, 2.271102
201, 12, 2.582974
201, 13, -0.003205
201, 14, 2.587899
201, 15, 2.395120
201, 16, 1.206383
201, 17, 3.168348
201, 18, 3.587852
201, 19, 2.603428
201, 20, 4.277699
201, 21, 0.436530
201, 22, 2.161510
201, 23, 1.264069
201, 24, 1.065771
201, 25, 2.046121
201, 26, 1.552768
201, 27, 0.812977
201, 28, 1.705856
201, 29, 1.878840
201, 30, 0.666807
201, 31, 2.697518
201, 32, -0.040000
201, 33, 2.827195
201, 34, 2.348746
201, 35, 2.579499
201, 36, 2.025294
201, 37, 1.777751
201, 38, 0.375477
201, 39, 1.571726
201, 40, 2.677159
201, 41, 1.699798
201, 42, 1.011686
201, 43, 1.442728
201, 44, 0.519650
201, 45, 1.403767
201, 46, 2.278603
201, 47, 1.415481
201, 48, 2.241807
201, 49, -0.160065
201, 50, 2.137289
201, 51, 0.700052
201, 52, 1.514256
201, 53, -0.000015
201, 54, 2.733303
201, 55, 3.013402
201, 56, 2.439021
201, 57, 2.939257
201, 58, 0.829374
201, 59, 1.691667
201, 60, -0.000005
201, 61, 1.402721
201, 62, 2.046886
201, 63, 1.722669
201, 64, 2.057648
201, 65, 3.437838
201, 66, 1.750670
201, 67, 2.514823
201, 68, 1.976916
201, 69, 2.748749
201, 70, 2.952469
201, 71, 2.477518
201, 72, 3.799383
201, 73, 3.189222
201, 74, 1.580833
201, 75, 1.934788
201, 76, 1.049166
201, 77, 1.420346
201, 78, 1.928295
201, 79, 2.797782
201, 80, 2.653107
201, 81, 1.782186
201, 82, -0.134332
201, 83, 0.586886
201, 84, 0.939994
201, 85, 2.941765
201, 86, 3.279813
201, 87, 2.337219
201, 88, 1.398646
201, 89, 0.544654
201, 90, 1.182988
201, 91, 1.444467
201, 92, 0.672629
201, 93, 2.744852
201, 94, 1.671004
201, 95, 0.672807
201, 96, 1.681338
201, 97, 4.306615
201, 98, 2.142091
201, 99, 1.159450
201, 100, 0.792004
201, 101, -0.031273
201, 102, 1.675544
201, 103, 0.000000
201, 104, 3.530937
201, 105, 2.742036
201, 106, 1.431670
201, 107, 1.875378
201, 108, 0.845650
201, 109, -0.016499
201, 110, 1.799441
201, 111, 0.791685
201, 112, 1.185186
201, 113, 3.542696
201, 114, 1.068332
201, 115, 1.812298
201, 116, 1.568432
201, 117, 2.225859
201, 118, 1.989130
201, 119, 1.334032
201, 120, 2.275738
201, 121, 3.594189
201, 122, 2.491351
201, 123, 0.397198
201, 124, 2.149890
201, 125, 4.270300
201, 126, 0.263913
201, 127, 0.838413
201, 128, 0.516297
201, 129, 0.074872
201, 130, 1.536904
201, 131, 1.749791
201, 132, 1.205774
201, 133, 0.951184
201, 134, 1.165754
201, 135, 0.744959
201, 136, 0.252817
201, 137, 1.804943
201, 138, 0.985482
201, 139, 0.937750
201, 140, 3.503590
201, 141, 2.067497
201, 142, 3.156497
201, 143, 2.046923
201, 144, 1.581656
201, 145, 1.469971
201, 146, 1.976252
201, 147, 3.739728
201, 148, 2.446003
201, 149, 3.525386
201, 150, 1.557161
201, 151, 1.929284
201, 152, 2.106946
201, 153, 0.000000
201, 154, 1.593774
201, 155, 2.275255
201, 156, -0.010000
201, 157, 3.007333
201, 158, 1.991819
201, 159, 1.428151
201, 160, 2.953336
201, 161, 2.029909
201, 162, 3.351758
201, 163, 2.514693
201, 164, 3.356707
201, 165, 3.001305
201, 166, 3.633363
201, 167, 1.409328
201, 168, 0.369980
201, 169, 1.711819
201, 170, 1.509260
201, 171, 2.713881
201, 172, 2.348911
201, 173, 2.703601
201, 174, 1.758621
201, 175, 1.084479
201, 176, 3.350091
201, 177, 2.488867
201, 178, 0.919581
201, 179, 3.028751
201, 180, 3.473776
201, 181, 0.965567
201, 182, 3.132624
201, 183, -0.040000
201, 184, 1.479940
201, 185, 1.880235
201, 186, 3.285814
201, 187, 0.000000
201, 188, 2.704089
201, 189, 3.105268
201, 190, 2.409982
201, 191, 0.717938
201, 192, 2.149564
201, 193, 2.743016
201, 194, 1.537421
201, 195, 0.855761
201, 196, 3.979069
201, 197, 2.338055
201, 198, 2.288837
201, 199, 1.262361
203, 0, 1.647620
203, 1, 1.547363
203, 2, 2.138243
203, 3, 1.150851
203, 4, -0.339888
203, 5, 1.933113
203, 6, 0.000000
203, 7, 1.244126
203, 8, 3.129648
203, 9, 1.717014
203, 10, 1.799201
203, 11, 2.271102
203, 12, 2.577858
203, 13, -0.003431
203, 14, 2.588389
203, 15, 2.476737
203, 16, 1.215081
203, 17, 3.171885
203, 18, 3.588822
203, 19, 2.603428
203, 20, 4.254595
203, 21, 0.436530
203, 22, 2.161510
203, 23, 1.264069
203, 24, 1.065771
203, 25, 2.046121
203, 26, 1.381131
203, 27, 0.812977
203, 28, 1.707526
203, 29, 1.877185
203, 30, 0.666807
203, 31, 2.695546
203, 32, -0.040000
203, 33, 2.827195
203, 34, 2.391726
203, 35, 2.579673
203, 36, 2.036217
203, 37, 1.788470
203, 38, 0.375477
203, 39, 1.571726
203, 40, 2.677159
203, 41, 1.699878
203, 42, 1.011686
203, 43, 1.442728
203, 44, 0.519650
203, 45, 1.401979
203, 46, 2.276193
203, 47, 1.415481
203, 48, 2.259557
203, 49, -0.160065
203, 50, 2.137289
203, 51, 0.700052
203, 52, 1.514256
203, 53, -0.000015
203, 54, 2.744578
203, 55, 3.008518
203, 56, 2.465771
203, 57, 2.940311
203, 58, 0.829374
203, 59, 1.691667
203, 60, -0.000005
203, 61, 1.402721
203, 62, 2.046886
203, 63, 1.722669
203, 64, 2.057648
203, 65, 3.442611
203, 66, 1.750670
203, 67, 2.514823
203, 68, 1.973386
203, 69, 2.748749
203, 70, 2.955120
203, 71, 2.477523
203, 72, 3.798902
203, 73, 3.183683
203, 74, 1.580833
203, 75, 1.934788
203, 76, 1.049166
203, 77, 1.420346
203, 78, 1.928295
203, 79, 2.797782
203, 80, 2.653269
203, 81, 1.787271
203, 82, -0.132010
203, 83, 0.586886
203, 84, 0.939994
203, 85, 2.941764
203, 86, 3.282933
203, 87, 2.337219
203, 88, 1.398646
203, 89, 0.544654
203, 90, 1.185304
203, 91, 1.435503
203, 92, 0.672629
203, 93, 2.749398
203, 94, 1.670970
203, 95, 0.646990
203, 96, 1.683024
203, 97, 4.294841
203, 98, 2.148402
203, 99, 1.159450
203, 100, 0.792004
203, 101, -0.031273
203, 102, 1.675544
203, 103, 0.000000
203, 104, 3.532115
203, 105, 2.748595
203, 106, 1.431670
203, 107, 1.905005
203, 108, 0.845650
203, 109, -0.016499
203, 110, 1.799441
203, 111, 0.793404
203, 112, 1.185186
203, 113, 3.554398
203, 114, 1.068332
203, 115, 1.824605
203, 116, 1.568432
203, 117, 2.225859
203, 118, 1.997073
203, 119, 1.334032
203, 120, 2.276865
203, 121, 3.654407
203, 122, 2.491351
203, 123, 0.397198
203, 124, 2.149891
203, 125, 4.285975
203, 126, 0.267918
203, 127, 0.838413
203, 128, 0.516297
203, 129, 0.074872
203, 130, 1.536904
203, 131, 1.749791
203, 132, 1.206393
203, 133, 0.950874
203, 134, 1.165754
203, 135, 0.744959
203, 136, 0.252817
203, 137, 1.805152
203, 138, 0.985482
203, 139, 0.937750
203, 140, 3.506522
203, 141, 2.067497
203, 142, 3.156420
203, 143, 2.047630
203, 144, 1.581656
203, 145, 1.469971
203, 146, 1.976252
203, 147, 3.772134
203, 148, 2.446020
203, 149, 3.525133
203, 150, 1.557161
203, 151, 1.930460
203, 152, 2.106946
203, 153, 0.000000
203, 154, 1.593774
203, 155, 2.275348
203, 156, -0.010000
203, 157, 3.007336
203, 158, 1.991819
203, 159, 1.407550
203, 160, 2.953336
203, 161, 2.060894
203, 162, 3.348745
203, 163, 2.514693
203, 164, 3.358483
203, 165, 3.000755
203, 166, 3.625959
203, 167, 1.409328
203, 168, 0.369980
203, 169, 1.712969
203, 170, 1.509260
203, 171, 2.720227
203, 172, 2.345233
203, 173, 2.700196
203, 174, 1.794547
203, 175, 1.084479
203, 176, 3.347675
203, 177, 2.492792
203, 178, 0.838947
203, 179, 3.027364
203, 180, 3.504558
203, 181, 0.965567
203, 182, 3.132624
203, 183, -0.040000
203, 184, 1.468341
203, 185, 1.880300
203, 186, 3.304404
203, 187, 0.000000
203, 188, 2.699317
203, 189, 3.057707
203, 190, 2.409982
203, 191, 0.717938
203, 192, 2.143118
203, 193, 2.741611
203, 194, 1.537421
203, 195, 0.878839
203, 196, 3.981153
203, 197, 2.318825
203, 198, 2.288825
203, 199, 1.262361
205, 0, 1.647620
205, 1, 1.547380
205, 2, 2.139043
205, 3, 1.150851
205, 4, -0.339888
205, 5, 1.932511
205, 6, 0.000000
205, 7, 1.244126
205, 8, 3.147020
205, 9, 1.717014
205, 10, 1.799201
205, 11, 2.271102
205, 12, 2.569744
205, 13, -0.003579
205, 14, 2.588869
205, 15, 2.490455
205, 16, 1.272177
205, 17, 3.173139
205, 18, 3.586329
205, 19, 2.603428
205, 20, 4.277438
205, 21, 0.436530
205, 22, 2.161510
205, 23, 1.264069
205, 24, 1.065771
205, 25, 2.046121
205, 26, 1.433062
205, 27, 0.812977
205, 28, 1.708594
205, 29, 1.877284
205, 30, 0.666807
205, 31, 2.675638
205, 32, -0.040000
205, 33, 2.827195
205, 34, 2.389446
205, 35, 2.579847
205, 36, 2.045877
205, 37, 1.793915
205, 38, 0.375477
205, 39, 1.571726
205, 40, 2.677159
205, 41, 1.700086
205, 42, 1.011686
205, 43, 1.442728
205, 44, 0.519650
205, 45, 1.403305
205, 46, 2.313648
205, 47, 1.415481
205, 48, 2.274891
205, 49, -0.160065
205, 50, 2.137289
205, 51, 0.700052
205, 52, 1.514256
205, 53, -0.000015
205, 54, 2.721298
205, 55, 3.005832
205, 56, 2.473687
205, 57, 2.940696
205, 58, 0.829374
205, 59, 1.691667
205, 60, -0.000005
205, 61, 1.402721
205, 62, 2.046886
205, 63, 1.722669
205, 64, 2.057648
205, 65, 3.432182
205, 66, 1.750670
205, 67, 2.514823
205, 68, 1.953751
205, 69, 2.749378
205, 70, 2.955028
205, 71, 2.477525
205, 72, 3.798253
205, 73, 3.179969
205, 74, 1.580833
205, 75, 1.934788
205, 76, 1.049166
205, 77, 1.420346
205, 78, 1.928295
205, 79, 2.797782
205, 80, 2.653594
205, 81, 1.795793
205, 82, -0.131960
205, 83, 0.586886
205, 84, 0.939994
205, 85, 2.941765
205, 86, 3.281590
205, 87, 2.334270
205, 88, 1.398646
205, 89, 0.544654
205, 90, 1.200661
205, 91, 1.436421
205, 92, 0.672629
205, 93, 2.746116
205, 94, 1.668562
205, 95, 0.636829
205, 96, 1.682478
205, 97, 4.306315
205, 98, 2.147596
205, 99, 1.159450
205, 100, 0.792004
205, 101, -0.031273
205, 102, 1.675544
205, 103, 0.000000
205, 104, 3.530941
205, 105, 2.742059
205, 106, 1.431670
205, 107, 1.888800
205, 108, 0.845650
205, 109, -0.016499
205, 110, 1.799441
205, 111, 0.795595
205, 112, 1.185186
205, 113, 3.554341
205, 114, 1.068332
205, 115, 1.836280
205, 116, 1.568432
205, 117, 2.225859
205, 118, 2.003986
205, 119, 1.334032
205, 120, 2.277960
205, 121, 3.592395
205, 122, 2.491351
205, 123, 0.397198
205, 124, 2.149891
205, 125, 4.269414
205, 126, 0.276940
205, 127, 0.838413
205, 128, 0.516297
205, 129, 0.074872
205, 130, 1.536905
205, 131, 1.749791
205, 132, 1.201319
205, 133, 0.950677
205, 134, 1.165754
205, 135, 0.744959
205, 136, 0.252817
205, 137, 1.805296
205, 138, 0.985482
205, 139, 0.937750
205, 140, 3.511954
205, 141, 2.067497
205, 142, 3.153183
205, 143, 2.070929
205, 144, 1.581656
205, 145, 1.469971
205, 146, 1.976252
205, 147, 3.763085
205, 148, 2.446027
205, 149, 3.525381
205, 150, 1.562608
205, 151, 1.925848
205, 152, 2.106946
205, 153, 0.000000
205, 154, 1.593774
205, 155, 2.275395
205, 156, -0.010000
205, 157, 3.007335
205, 158, 1.991819
205, 159, 1.386248
205, 160, 2.953336
205, 161, 1.960263
205, 162, 3.354649
205, 163, 2.515431
205, 164, 3.356782
205, 165, 3.000870
205, 166, 3.618008
205, 167, 1.409328
205, 168, 0.369980
205, 169, 1.714036
205, 170, 1.509260
205, 171, 2.725690
205, 172, 2.306089
205, 173, 2.697569
205, 174, 1.857894
205, 175, 1.084479
205, 176, 3.347675
205, 177, 2.483773
205, 178, 0.811665
205, 179, 3.024597
205, 180, 3.502047
205, 181, 0.965567
205, 182, 3.132624
205, 183, -0.040000
205, 184, 1.456251
205, 185, 1.880316
205, 186, 3.323184
205, 187, 0.000000
205, 188, 2.700424
205, 189, 3.071931
205, 190, 2.409982
205, 191, 0.717938
205, 192, 2.163614
205, 193, 2.742681
205, 194, 1.537421
205, 195, 0.898407
205, 196, 3.982650
205, 197, 2.318825
205, 198, 2.288761
205, 199, 1.262361
207, 0, 1.647620
207, 1, 1.547389
207, 2, 2.208289
207, 3, 1.150851
207, 4, -0.339888
207, 5, 1.931993
207, 6, 0.000000
207, 7, 1.244126
207, 8, 3.141829
207, 9, 1.717014
207, 10, 1.799201
207, 11, 2.271102
207, 12, 2.558553
207, 13, -0.003676
207, 14, 2.589027
207, 15, 2.524663
207, 16, 1.305648
207, 17, 3.177552
207, 18, 3.588718
207, 19, 2.595964
207, 20, 4.264497
207, 21, 0.436530
207, 22, 2.161510
207, 23, 1.264069
207, 24, 1.065771
207, 25, 2.046121
207, 26, 1.461289
207, 27, 0.812977
207, 28, 1.709283
207, 29, 1.876707
207, 30, 0.666807
207, 31, 2.669099
207, 32, -0.040000
207, 33, 2.827195
207, 34, 2.339583
207, 35, 2.579677
207, 36, 2.045877
207, 37, 1.801811
207, 38, 0.375477
207, 39, 1.571726
207, 40, 2.677159
207, 41, 1.700418
207, 42, 1.011686
207, 43, 1.442728
207, 44, 0.519650
207, 45, 1.403779
207, 46, 2.326043
207, 47, 1.415481
207, 48, 2.288173
207, 49, -0.160065
207, 50, 2.137289
207, 51, 0.700052
207, 52, 1.514256
207, 53, -0.000015
207, 54, 2.737738
207, 55, 3.010827
207, 56, 2.473688
207, 57, 2.940927
207, 58, 0.829374
207, 59, 1.691667
207, 60, -0.000005
207, 61, 1.402721
207, 62, 2.046886
207, 63, 1.722669
207, 64, 2.057648
207, 65, 3.429664
207, 66, 1.750670
207, 67, 2.514823
207, 68, 1.945128
207, 69, 2.754874
207, 70, 2.948871
207, 71, 2.477526
207, 72, 3.799177
207, 73, 3.200507
207, 74, 1.580833
207, 75, 1.934788
207, 76, 1.049166
207, 77, 1.420346
207, 78, 1.928295
207, 79, 2.797782
207, 80, 2.653862
207, 81, 1.805231
207, 82, -0.131483
207, 83, 0.586886
207, 84, 0.939994
207, 85, 2.941765
207, 86, 3.284075
207, 87, 2.334270
207, 88, 1.398646
207, 89, 0.544654
207, 90, 1.201738
207, 91, 1.432674
207, 92, 0.672629
207, 93, 2.613766
207, 94, 1.670787
207, 95, 0.685147
207, 96, 1.681827
207, 97, 4.301451
207, 98, 2.128721
207, 99, 1.159450
207, 100, 0.792004
207, 101, -0.031273
207, 102, 1.675544
207, 103, 0.000000
207, 104, 3.532111
207, 105, 2.748574
207, 106, 1.431670
207, 107, 1.915283
207, 108, 0.845650
207, 109, -0.016499
207, 110, 1.799441
207, 111, 0.798287
207, 112, 1.185186
207, 113, 3.511457
207, 114, 1.068332
207, 115, 1.847805
207, 116, 1.568432
207, 117, 2.225859
207, 118, 2.009985
207, 119, 1.334032
207, 120, 2.279366
207, 121, 3.690186
207, 122, 2.491351
207, 123, 0.397198
207, 124, 2.149891
207, 125, 4.279253
207, 126, 0.274463
207, 127, 0.838413
207, 128, 0.516297
207, 129, 0.074872
207, 130, 1.536905
207, 131, 1.749791
207, 132, 1.201319
207, 133, 0.950551
207, 134, 1.165754
207, 135, 0.744959
207, 136, 0.252817
207, 137, 1.805287
207, 138, 0.985482
207, 139, 0.937750
207, 140, 3.518409
207, 141, 2.067497
207, 142, 3.158039
207, 143, 2.083506
207, 144, 1.581656
207, 145, 1.469971
207, 146, 1.976252
207, 147, 3.724011
207, 148, 2.446031
207, 149, 3.525024
207, 150, 1.562608
207, 151, 1.929868
207, 152, 2.106946
207, 153, 0.000000
207, 154, 1.593774
207, 155, 2.275420
207, 156, -0.010000
207, 157, 3.007334
207, 158, 1.991819
207, 159, 1.386248
207, 160, 2.953336
207, 161, 2.045205
207, 162, 3.352824
207, 163, 2.515431
207, 164, 3.357628
207, 165, 3.000665
207, 166, 3.627645
207, 167, 1.409328
207, 168, 0.369980
207, 169, 1.715015
207, 170, 1.509260
207, 171, 2.730384
207, 172, 2.349559
207, 173, 2.695911
207, 174, 1.708408
207, 175, 1.084479
207, 176, 3.347675
207, 177, 2.483750
207, 178, 0.788527
207, 179, 3.025788
207, 180, 3.386557
207, 181, 0.965567
207, 182, 3.132624
207, 183, -0.040000
207, 184, 1.453853
207, 185, 1.880334
207, 186, 3.306911
207, 187, 0.000000
207, 188, 2.687738
207, 189, 3.072703
207, 190, 2.409982
207, 191, 0.717938
207, 192, 2.141109
207, 193, 2.741416
207, 194, 1.537421
207, 195, 0.922618
207, 196, 3.971329
207, 197, 2.324165
207, 198, 2.288640
207, 199, 1.262361
209, 0, 1.647620
209, 1, 1.547392
209, 2, 2.211915
209, 3, 1.150851
209, 4, -0.339888
209, 5, 1.931513
209, 6, 0.000000
209, 7, 1.244126
209, 8, 3.163437
209, 9, 1.720515
209, 10, 1.799201
209, 11, 2.271102
209, 12, 2.549907
209, 13, -0.003739
209, 14, 2.589315
209, 15, 2.522635
209, 16, 1.300586
209, 17, 3.181743
209, 18, 3.584683
209, 19, 2.595964
209, 20, 4.286086
209, 21, 0.436530
209, 22, 2.161510
209, 23, 1.264069
209, 24, 1.065771
209, 25, 2.046121
209, 26, 1.478033
209, 27, 0.812977
209, 28, 1.709720
209, 29, 1.876789
209, 30, 0.668950
209, 31, 2.663992
209, 32, -0.040000
209, 33, 2.827195
209, 34, 2.385074
209, 35, 2.579655
209, 36, 2.045877
209, 37, 1.804902
209, 38, 0.375477
209, 39, 1.571726
209, 40, 2.677159
209, 41, 1.700796
209, 42, 1.011686
209, 43, 1.442728
209, 44, 0.519650
209, 45, 1.404402
209, 46, 2.299474
209, 47, 1.415481
209, 48, 2.295006
209, 49, -0.160065
209, 50, 2.137289
209, 51, 0.700052
209, 52, 1.514256
209, 53, -0.000015
209, 54, 2.711208
209, 55, 3.027712
209, 56, 2.473688
209, 57, 2.941220
209, 58, 0.829374
209, 59, 1.691667
209, 60, 0.000000
209, 61, 1.402721
209, 62, 2.046886
209, 63, 1.722669
209, 64, 2.057648
209, 65, 3.440684
209, 66, 1.750670
209, 67, 2.514823
209, 68, 1.950688
209, 69, 2.753809
209, 70, 2.954967
209, 71, 2.481890
209, 72, 3.799408
209, 73, 3.194423
209, 74, 1.580833
209, 75, 1.934788
209, 76, 1.049166
209, 77, 1.420346
209, 78, 1.928295
209, 79, 2.797782
209, 80, 2.654059
209, 81, 1.785542
209, 82, -0.131424
209, 83, 0.586886
209, 84, 0.939994
209, 85, 2.941765
209, 86, 3.291870
209, 87, 2.334270
209, 88, 1.398646
209, 89, 0.544654
209, 90, 1.202423
209, 91, 1.424893
209, 92, 0.672629
209, 93, 2.653947
209, 94, 1.669301
209, 95, 0.775445
209, 96, 1.689321
209, 97, 4.303717
209, 98, 2.133807
209, 99, 1.159450
209, 100, 0.792004
209, 101, -0.031273
209, 102, 1.675544
209, 103, 0.000000
209, 104, 3.530943
209, 105, 2.742069
209, 106, 1.431670
209, 107, 1.900951
209, 108, 0.845650
209, 109, -0.016499
209, 110, 1.799441
209, 111, 0.801546
209, 112, 1.185186
209, 113, 3.550430
209, 114, 1.068332
209, 115, 1.856918
209, 116, 1.568432
209, 117, 2.231713
209, 118, 2.015049
209, 119, 1.334032
209, 120, 2.281452
209, 121, 3.458315
209, 122, 2.491351
209, 123, 0.397198
209, 124, 2.149891
209, 125, 4.226657
209, 126, 0.274501
209, 127, 0.838413
209, 128, 0.516297
209, 129, 0.074872
209, 130, 1.536905
209, 131, 1.749791
209, 132, 1.201319
209, 133, 0.950470
209, 134, 1.165754
209, 135, 0.744959
209, 136, 0.252817
209, 137, 1.805355
209, 138, 0.985482
209, 139, 0.941149
209, 140, 3.516775
209, 141, 2.067497
209, 142, 3.161968
209, 143, 2.086303
209, 144, 1.581656
209, 145, 1.469971
209, 146, 1.976252
209, 147, 3.760370
209, 148, 2.446032
209, 149, 3.525483
209, 150, 1.562608
209, 151, 1.930489
209, 152, 2.106946
209, 153, 0.000000
209, 154, 1.593774
209, 155, 2.275432
209, 156, -0.010000
209, 157, 3.007336
209, 158, 1.991819
209, 159, 1.386248
209, 160, 2.953336
209, 161, 2.052363
209, 162, 3.367652
209, 163, 2.517028
209, 164, 3.356793
209, 165, 3.000695
209, 166, 3.632458
209, 167, 1.409328
209, 168, 0.369980
209, 169, 1.719200
209, 170, 1.509260
209, 171, 2.733157
209, 172, 2.351688
209, 173, 2.692736
209, 174, 1.735989
209, 175, 1.084479
209, 176, 3.357900
209, 177, 2.497742
209, 178, 0.763518
209, 179, 3.028272
209, 180, 3.481882
209, 181, 0.965567
209, 182, 3.132624
209, 183, -0.040000
209, 184, 1.457821
209, 185, 1.880341
209, 186, 3.297254
209, 187, 0.000000
209, 188, 2.694250
209, 189, 3.041734
209, 190, 2.409982
209, 191, 0.717938
209, 192, 2.163097
209, 193, 2.741894
209, 194, 1.537421
209, 195, 0.945644
209, 196, 3.982549
209, 197, 2.317001
209, 198, 2.288564
209, 199, 1.262361
211, 0, 1.604306
211, 1, 1.547392
211, 2, 2.304949
211, 3, 1.150851
211, 4, -0.339888
211, 5, 1.932022
211, 6, 0.000000
211, 7, 1.244126
211, 8, 3.152712
211, 9, 1.720515
211, 10, 1.799200
211, 11, 2.271102
211, 12, 2.547780
211, 13, -0.003779
211, 14, 2.589643
211, 15, 2.385324
211, 16, 1.301581
211, 17, 3.185303
211, 18, 3.587822
211, 19, 2.597301
211, 20, 4.218384
211, 21, 0.436530
211, 22, 2.161510
211, 23, 1.264069
211, 24, 1.065771
211, 25, 2.046121
211, 26, 1.506772
211, 27, 0.812977
211, 28, 1.726582
211, 29, 1.873651
211, 30, 0.668950
211, 31, 2.663152
211, 32, -0.040000
211, 33, 2.827195
211, 34, 2.380894
211, 35, 2.579676
211, 36, 2.045877
211, 37, 1.810445
211, 38, 0.375477
211, 39, 1.571726
211, 40, 2.677159
211, 41, 1.701170
211, 42, 1.011686
211, 43, 1.442728
211, 44, 0.519650
211, 45, 1.400654
211, 46, 2.291242
211, 47, 1.415481
211, 48, 2.305557
211, 49, -0.160065
211, 50, 2.137289
211, 51, 0.700052
211, 52, 1.514256
211, 53, -0.000015
211, 54, 2.733079
211, 55, 3.035914
211, 56, 2.476235
211, 57, 2.941535
211, 58, 0.829374
211, 59, 1.691667
211, 60, 0.000000
211, 61, 1.402721
211, 62, 2.046886
211, 63, 1.722669
211, 64, 2.057648
211, 65, 3.427459
211, 66, 1.750670
211, 67, 2.514823
211, 68, 1.951239
211, 69, 2.753809
211, 70, 2.955031
211, 71, 2.516592
211, 72, 3.799181
211, 73, 3.192987
211, 74, 1.580833
211, 75, 1.934788
211, 76, 1.049166
211, 77, 1.420346
211, 78, 1.928295
211, 79, 2.797783
211, 80, 2.654313
211, 81, 1.776302
211, 82, -0.129360
211, 83, 0.586886
211, 84, 0.939994
211, 85, 2.941764
211, 86, 3.296091
211, 87, 2.334270
211, 88, 1.398646
211, 89, 0.544654
211, 90, 1.202858
211, 91, 1.415552
211, 92, 0.672629
211, 93, 2.693399
211, 94, 1.672901
211, 95, 0.801283
211, 96, 1.688010
211, 97, 4.259044
211, 98, 2.138777
211, 99, 1.159450
211, 100, 0.792004
211, 101, -0.031273
211, 102, 1.675544
211, 103, 0.000000
211, 104, 3.533334
211, 105, 2.757098
211, 106, 1.431670
211, 107, 1.911238
211, 108, 0.744162
211, 109, -0.016499
211, 110, 1.799441
211, 111, 0.804686
211, 112, 1.185186
211, 113, 3.550531
211, 114, 1.068332
211, 115, 1.867218
211, 116, 1.568432
211, 117, 2.225859
211, 118, 2.019731
211, 119, 1.334032
211, 120, 2.282557
211, 121, 3.503690
211, 122, 2.491351
211, 123, 0.397198
211, 124, 2.149891
211, 125, 4.245502
211, 126, 0.240774
211, 127, 0.838413
211, 128, 0.516297
211, 129, 0.074872
211, 130, 1.536905
211, 131, 1.749791
211, 132, 1.201319
211, 133, 0.950414
211, 134, 1.165754
211, 135, 0.744959
211, 136, 0.252817
211, 137, 1.805324
211, 138, 0.985482
211, 139, 0.943094
211, 140, 3.520521
211, 141, 2.067497
211, 142, 3.130479
211, 143, 2.086670
211, 144, 1.581656
211, 145, 1.469971
211, 146, 1.976252
211, 147, 3.743716
211, 148, 2.446033
211, 149, 3.525092
211, 150, 1.562608
211, 151, 1.929784
211, 152, 2.106946
211, 153, 0.000000
211, 154, 1.593774
211, 155, 2.275437
211, 156, -0.010000
211, 157, 3.007338
211, 158, 1.991819
211, 159, 1.386248
211, 160, 2.947702
211, 161, 2.052363
211, 162, 3.368030
211, 163, 2.518890
211, 164, 3.358744
211, 165, 3.000101
211, 166, 3.632477
211, 167, 1.409328
211, 168, 0.369980
211, 169, 1.719200
211, 170, 1.509260
211, 171, 2.736910
211, 172, 2.352111
211, 173, 2.689173
211, 174, 1.765572
211, 175, 1.084479
211, 176, 3.350942
211, 177, 2.497727
211, 178, 0.735875
211, 179, 3.027202
211, 180, 3.487865
211, 181, 0.965567
211, 182, 3.132624
211, 183, -0.040000
211, 184, 1.457759
211, 185, 1.880343
211, 186, 3.299761
211, 187, 0.000000
211, 188, 2.703993
211, 189, 3.067506
211, 190, 2.409982
211, 191, 0.717938
211, 192, 2.139403
211, 193, 2.741999
211, 194, 1.537420
211, 195, 0.965482
211, 196, 3.979210
211, 197, 2.321433
211, 198, 2.288454
211, 199, 1.262361
213, 0, 1.604306
213, 1, 1.547392
213, 2, 2.300100
213, 3, 1.150851
213, 4, -0.339888
213, 5, 1.932700
213, 6, 0.000000
213, 7, 1.244126
213, 8, 3.101991
213, 9, 1.720515
213, 10, 1.799201
213, 11, 2.271102
213, 12, 2.550798
213, 13, -0.003805
213, 14, 2.586562
213, 15, 2.428630
213, 16, 1.322778
213, 17, 3.187289
213, 18, 3.588813
213, 19, 2.595964
213, 20, 4.290740
213, 21, 0.436530
213, 22, 2.161510
213, 23, 1.264069
213, 24, 1.065771
213, 25, 2.046121
213, 26, 1.539732
213, 27, 0.812977
213, 28, 1.753951
213, 29, 1.873224
213, 30, 0.668950
213, 31, 2.665679
213, 32, -0.040000
213, 33, 2.827195
213, 34, 2.390752
213, 35, 2.576100
213, 36, 2.045877
213, 37, 1.808778
213, 38, 0.375477
213, 39, 1.571726
213, 40, 2.677159
213, 41, 1.701529
213, 42, 1.011686
213, 43, 1.442728
213, 44, 0.519650
213, 45, 1.400654
213, 46, 2.274955
213, 47, 1.415481
213, 48, 2.314773
213, 49, -0.160065
213, 50, 2.137289
213, 51, 0.700052
213, 52, 1.514256
213, 53, -0.000015
213, 54, 2.744411
213, 55, 3.032564
213, 56, 2.477827
213, 57, 2.940181
213, 58, 0.829374
213, 59, 1.691667
213, 60, 0.000000
213, 61, 1.402721
213, 62, 2.046885
213, 63, 1.722669
213, 64, 2.057648
213, 65, 3.424623
213, 66, 1.750670
213, 67, 2.514823
213, 68, 1.937239
213, 69, 2.753809
213, 70, 2.955190
213, 71, 2.517768
213, 72, 3.799256
213, 73, 3.193269
213, 74, 1.580833
213, 75, 1.934788
213, 76, 1.049166
213, 77, 1.420346
213, 78, 1.928295
213, 79, 2.797782
213, 80, 2.654678
213, 81, 1.754269
213, 82, -0.128929
213, 83, 0.586886
213, 84, 0.939994
213, 85, 2.941764
213, 86, 3.294271
213, 87, 2.334270
213, 88, 1.398646
213, 89, 0.544654
213, 90, 1.203136
213, 91, 1.413950
213, 92, 0.672629
213, 93, 2.702686
213, 94, 1.672181
213, 95, 0.796816
213, 96, 1.687196
213, 97, 4.302168
213, 98, 2.142312
213, 99, 1.159450
213, 100, 0.792004
213, 101, -0.031273
213, 102, 1.675544
213, 103, 0.000000
213, 104, 3.527266
213, 105, 2.725913
213, 106, 1.431670
213, 107, 1.918920
213, 108, 0.744162
213, 109, -0.016499
213, 110, 1.799441
213, 111, 0.807931
213, 112, 1.185186
213, 113, 3.556006
213, 114, 1.068332
213, 115, 1.878265
213, 116, 1.568432
213, 117, 2.225859
213, 118, 2.023631
213, 119, 1.334032
213, 120, 2.282366
213, 121, 3.540011
213, 122, 2.491351
213, 123, 0.397198
213, 124, 2.149906
213, 125, 4.255022
213, 126, 0.228488
213, 127, 0.838413
213, 128, 0.516297
213, 129, 0.074872
213, 130, 1.536905
213, 131, 1.749791
213, 132, 1.201319
213, 133, 0.950392
213, 134, 1.165754
213, 135, 0.744959
213, 136, 0.252817
213, 137, 1.805787
213, 138, 0.985482
213, 139, 0.941114
213, 140, 3.514361
213, 141, 2.067060
213, 142, 3.131785
213, 143, 2.087449
213, 144, 1.581656
213, 145, 1.469971
213, 146, 1.976252
213, 147, 3.773909
213, 148, 2.446034
213, 149, 3.525433
213, 150, 1.562608
213, 151, 1.928381
213, 152, 2.106946
213, 153, 0.000000
213, 154, 1.593774
213, 155, 2.275559
213, 156, -0.010000
213, 157, 3.007338
213, 158, 1.991819
213, 159, 1.393130
213, 160, 2.946279
213, 161, 2.052363
213, 162, 3.364625
213, 163, 2.519685
213, 164, 3.360471
213, 165, 2.999960
213, 166, 3.633812
213, 167, 1.409328
213, 168, 0.369980
213, 169, 1.719200
213, 170, 1.509260
213, 171, 2.740137
213, 172, 2.352358
213, 173, 2.687591
213, 174, 1.738000
213, 175, 1.084479
213, 176, 3.350942
213, 177, 2.490654
213, 178, 0.712176
213, 179, 3.025727
213, 180, 3.507984
213, 181, 0.965567
213, 182, 3.132624
213, 183, -0.040000
213, 184, 1.468667
213, 185, 1.880345
213, 186, 3.308767
213, 187, 0.000000
213, 188, 2.703709
213, 189, 3.066203
213, 190, 2.409982
213, 191, 0.717938
213, 192, 2.161671
213, 193, 2.742060
213, 194, 1.537423
213, 195, 0.991537
213, 196, 3.979342
213, 197, 2.324450
213, 198, 2.288452
213, 199, 1.262361
215, 0, 1.604306
215, 1, 1.547393
215, 2, 2.289453
215, 3, 1.150851
215, 4, -0.339888
215, 5, 1.932558
215, 6, 0.000000
215, 7, 1.244126
215, 8, 3.133883
215, 9, 1.717014
215, 10, 1.799201
215, 11, 2.271102
215, 12, 2.548172
215, 13, -0.003822
215, 14, 2.587897
215, 15, 2.500352
215, 16, 1.327558
215, 17, 3.189927
215, 18, 3.588135
215, 19, 2.595964
215, 20, 4.238162
215, 21, 0.436530
215, 22, 2.161510
215, 23, 1.264069
215, 24, 1.065771
215, 25, 2.046121
215, 26, 1.560329
215, 27, 0.812977
215, 28, 1.771191
215, 29, 1.874030
215, 30, 0.668950
215, 31, 2.664529
215, 32, -0.040000
215, 33, 2.827195
215, 34, 2.387969
215, 35, 2.577211
215, 36, 2.045877
215, 37, 1.798427
215, 38, 0.375477
215, 39, 1.571726
215, 40, 2.677159
215, 41, 1.701484
215, 42, 1.011686
215, 43, 1.442728
215, 44, 0.519650
215, 45, 1.401194
215, 46, 2.274822
215, 47, 1.415481
215, 48, 2.322533
215, 49, -0.160065
215, 50, 2.137289
215, 51, 0.700052
215, 52, 1.514256
215, 53, -0.000015
215, 54, 2.735994
215, 55, 3.024915
215, 56, 2.478635
215, 57, 2.940965
215, 58, 0.829374
215, 59, 1.691667
215, 60, 0.000000
215, 61, 1.402721
215, 62, 2.046886
215, 63, 1.722669
215, 64, 2.057648
215, 65, 3.438710
215, 66, 1.750670
215, 67, 2.514823
215, 68, 1.930374
215, 69, 2.753809
215, 70, 2.955155
215, 71, 2.518252
215, 72, 3.799363
215, 73, 3.191726
215, 74, 1.580833
215, 75, 1.934788
215, 76, 1.049166
215, 77, 1.420346
215, 78, 1.928295
215, 79, 2.797782
215, 80, 2.654728
215, 81, 1.744910
215, 82, -0.129317
215, 83, 0.586886
215, 84, 0.939994
215, 85, 2.941765
215, 86, 3.290344
215, 87, 2.334270
215, 88, 1.398646
215, 89, 0.544654
215, 90, 1.203314
215, 91, 1.418500
215, 92, 0.672629
215, 93, 2.694571
215, 94, 1.668135
215, 95, 0.796745
215, 96, 1.686688
215, 97, 4.278411
215, 98, 2.145200
215, 99, 1.159450
215, 100, 0.792004
215, 101, -0.031273
215, 102, 1.675544
215, 103, 0.000000
215, 104, 3.532892
215, 105, 2.788350
215, 106, 1.431670
215, 107, 1.940881
215, 108, 0.744162
215, 109, -0.016499
215, 110, 1.799441
215, 111, 0.810566
215, 112, 1.185186
215, 113, 3.553984
215, 114, 1.068332
215, 115, 1.885609
215, 116, 1.568432
215, 117, 2.225859
215, 118, 2.022551
215, 119, 1.334032
215, 120, 2.283433
215, 121, 3.593221
215, 122, 2.491351
215, 123, 0.397198
215, 124, 2.149907
215, 125, 4.269418
215, 126, -0.010000
215, 127, 0.838413
215, 128, 0.516297
215, 129, 0.074872
215, 130, 1.536904
215, 131, 1.749791
215, 132, 1.201319
215, 133, 0.950368
215, 134, 1.165754
215, 135, 0.744959
215, 136, 0.252817
215, 137, 1.806260
215, 138, 0.985482
215, 139, 0.941114
215, 140, 3.520461
215, 141, 2.067060
215, 142, 3.115035
215, 143, 2.090438
215, 144, 1.581656
215, 145, 1.469971
215, 146, 1.976252
215, 147, 3.751836
215, 148, 2.446034
215, 149, 3.525392
215, 150, 1.562608
215, 151, 1.927199
215, 152, 2.106946
215, 153, 0.000000
215, 154, 1.593774
215, 155, 2.275647
215, 156, -0.010000
215, 157, 3.007339
215, 158, 1.991819
215, 159, 1.390274
215, 160, 2.944760
215, 161, 2.052363
215, 162, 3.355130
215, 163, 2.516862
215, 164, 3.356734
215, 165, 3.000193
215, 166, 3.631261
215, 167, 1.409328
215, 168, 0.369980
215, 169, 1.719747
215, 170, 1.509260
215, 171, 2.745386
215, 172, 2.352540
215, 173, 2.688675
215, 174, 1.742549
215, 175, 1.084479
215, 176, 3.350942
215, 177, 2.494241
215, 178, 0.690950
215, 179, 3.023793
215, 180, 3.513336
215, 181, 0.965567
215, 182, 3.132624
215, 183, -0.040000
215, 184, 1.465377
215, 185, 1.880345
215, 186, 3.308832
215, 187, 0.000000
215, 188, 2.698584
215, 189, 3.012020
215, 190, 2.409982
215, 191, 0.717938
215, 192, 2.149727
215, 193, 2.742102
215, 194, 1.537424
215, 195, 1.016917
215, 196, 3.980655
215, 197, 2.325494
215, 198, 2.288587
215, 199, 1.262361
217, 0, 1.604306
217, 1, 1.547394
217, 2, 2.273230
217, 3, 1.150851
217, 4, -0.339888
217, 5, 1.931436
217, 6, 0.000000
217, 7, 1.244126
217, 8, 3.090472
217, 9, 1.717014
217, 10, 1.799201
217, 11, 2.271102
217, 12, 2.539621
217, 13, -0.003833
217, 14, 2.589131
217, 15, 2.497510
217, 16, 1.365685
217, 17, 3.190833
217, 18, 3.587927
217, 19, 2.595964
217, 20, 4.289388
217, 21, 0.436530
217, 22, 2.161510
217, 23, 1.264069
217, 24, 1.065771
217, 25, 2.046121
217, 26, 1.465106
217, 27, 0.812977
217, 28, 1.786509
217, 29, 1.875257
217, 30, 0.668950
217, 31, 2.641312
217, 32, -0.040000
217, 33, 2.827195
217, 34, 2.388214
217, 35, 2.578214
217, 36, 2.045877
217, 37, 1.789733
217, 38, 0.375477
217, 39, 1.571726
217, 40, 2.677159
217, 41, 1.701594
217, 42, 1.011686
217, 43, 1.442728
217, 44, 0.519650
217, 45, 1.404037
217, 46, 2.299523
217, 47, 1.415481
217, 48, 2.350534
217, 49, -0.160065
217, 50, 2.137289
217, 51, 0.700052
217, 52, 1.514256
217, 53, -0.000015
217, 54, 2.775897
217, 55, 3.016492
217, 56, 2.479080
217, 57, 2.942046
217, 58, 0.829374
217, 59, 1.691667
217, 60, 0.000000
217, 61, 1.402721
217, 62, 2.046886
217, 63, 1.722669
217, 64, 2.057648
217, 65, 3.452046
217, 66, 1.750670
217, 67, 2.514823
217, 68, 1.915007
217, 69, 2.759024
217, 70, 2.953041
217, 71, 2.513910
217, 72, 3.798688
217, 73, 3.187696
217, 74, 1.580833
217, 75, 1.934788
217, 76, 1.049166
217, 77, 1.420346
217, 78, 1.928295
217, 79, 2.797782
217, 80, 2.654584
217, 81, 1.785681
217, 82, -0.130244
217, 83, 0.586886
217, 84, 0.939994
217, 85, 2.941764
217, 86, 3.286187
217, 87, 2.353386
217, 88, 1.398646
217, 89, 0.544654
217, 90, 1.203429
217, 91, 1.424680
217, 92, 0.672629
217, 93, 2.701149
217, 94, 1.668485
217, 95, 0.801051
217, 96, 1.686369
217, 97, 4.304257
217, 98, 2.146730
217, 99, 1.159450
217, 100, 0.792004
217, 101, -0.031273
217, 102, 1.675544
217, 103, 0.000000
217, 104, 3.533305
217, 105, 2.786355
217, 106, 1.431670
217, 107, 1.951900
217, 108, 0.744162
217, 109, -0.016499
217, 110, 1.799441
217, 111, 0.813471
217, 112, 1.185186
217, 113, 3.555387
217, 114, 1.068332
217, 115, 1.888477
217, 116, 1.568432
217, 117, 2.225859
217, 118, 2.000868
217, 119, 1.334032
217, 120, 2.284494
217, 121, 3.627155
217, 122, 2.491351
217, 123, 0.397198
217, 124, 2.149908
217, 125, 4.280210
217, 126, 0.225600
217, 127, 0.838413
217, 128, 0.516297
217, 129, 0.074872
217, 130, 1.536905
217, 131, 1.749791
217, 132, 1.201319
217, 133, 0.950353
217, 134, 1.165754
217, 135, 0.744959
217, 136, 0.252817
217, 137, 1.805900
217, 138, 0.985482
217, 139, 0.941114
217, 140, 3.524189
217, 141, 2.067060
217, 142, 3.133108
217, 143, 2.101456
217, 144, 1.581656
217, 145, 1.469971
217, 146, 1.976252
217, 147, 3.709921
217, 148, 2.446034
217, 149, 3.525103
217, 150, 1.562608
217, 151, 1.925231
217, 152, 2.106946
217, 153, 0.000000
217, 154, 1.593774
217, 155, 2.275692
217, 156, -0.010000
217, 157, 3.007339
217, 158, 1.991819
217, 159, 1.390090
217, 160, 2.944052
217, 161, 2.063620
217, 162, 3.348333
217, 163, 2.516862
217, 164, 3.356799
217, 165, 3.000604
217, 166, 3.619823
217, 167, 1.409328
217, 168, 0.369980
217, 169, 1.720771
217, 170, 1.509260
217, 171, 2.761483
217, 172, 2.347404
217, 173, 2.690898
217, 174, 1.781785
217, 175, 1.084479
217, 176, 3.347675
217, 177, 2.492847
217, 178, 0.667558
217, 179, 3.018147
217, 180, 3.505650
217, 181, 0.965567
217, 182, 3.132624
217, 183, -0.040000
217, 184, 1.457908
217, 185, 1.880345
217, 186, 3.317908
217, 187, 0.000000
217, 188, 2.692452
217, 189, 3.012869
217, 190, 2.409982
217, 191, 0.717938
217, 192, 2.142553
217, 193, 2.734896
217, 194, 1.537422
217, 195, 1.040372
217, 196, 3.957090
217, 197, 2.312846
217, 198, 2.288418
217, 199, 1.262361
219, 0, 1.604306
219, 1, 1.547395
219, 2, 2.267664
219, 3, 1.150851
219, 4, -0.339888
219, 5, 1.930085
219, 6, 0.000000
219, 7, 1.244126
219, 8, 3.117522
219, 9, 1.717014
219, 10, 1.799201
219, 11, 2.271102
219, 12, 2.529472
219, 13, -0.003840
219, 14, 2.589516
219, 15, 2.554990
219, 16, 1.361463
219, 17, 3.193946
219, 18, 3.587276
219, 19, 2.593091
219, 20, 4.278208
219, 21, 0.436530
219, 22, 2.161510
219, 23, 1.264069
219, 24, 1.065771
219, 25, 2.046121
219, 26, 1.490084
219, 27, 0.812977
219, 28, 1.796212
219, 29, 1.876256
219, 30, 0.668950
219, 31, 2.634489
219, 32, -0.040000
219, 33, 2.827195
219, 34, 2.352256
219, 35, 2.578319
219, 36, 2.045877
219, 37, 1.710055
219, 38, 0.375477
219, 39, 1.571726
219, 40, 2.677159
219, 41, 1.702053
219, 42, 1.011686
219, 43, 1.442728
219, 44, 0.519650
219, 45, 1.406035
219, 46, 2.301005
219, 47, 1.415481
219, 48, 2.367928
219, 49, -0.160065
219, 50, 2.137289
219, 51, 0.700052
219, 52, 1.514256
219, 53, -0.000015
219, 54, 2.728556
219, 55, 3.019533
219, 56, 2.478954
219, 57, 2.942384
219, 58, 0.829374
219, 59, 1.691667
219, 60, 0.000000
219, 61, 1.402721
219, 62, 2.046886
219, 63, 1.722669
219, 64, 2.057648
219, 65, 3.450638
219, 66, 1.750670
219, 67, 2.514823
219, 68, 1.917480
219, 69, 2.764092
219, 70, 2.951893
219, 71, 2.514071
219, 72, 3.799368
219, 73, 3.183636
219, 74, 1.580833
219, 75, 1.934788
219, 76, 1.049166
219, 77, 1.420346
219, 78, 1.928295
219, 79, 2.797782
219, 80, 2.654362
219, 81, 1.796350
219, 82, -0.130762
219, 83, 0.586886
219, 84, 0.939994
219, 85, 2.941764
219, 86, 3.287683
219, 87, 2.343569
219, 88, 1.398646
219, 89, 0.544654
219, 90, 1.203503
219, 91, 1.428117
219, 92, 0.672629
219, 93, 2.714268
219, 94, 1.675473
219, 95, 0.786946
219, 96, 1.686468
219, 97, 4.303750
219, 98, 2.148643
219, 99, 1.159450
219, 100, 0.792004
219, 101, -0.031273
219, 102, 1.675544
219, 103, 0.000000
219, 104, 3.532896
219, 105, 2.788359
219, 106, 1.431670
219, 107, 1.945057
219, 108, 0.744162
219, 109, -0.016499
219, 110, 1.799441
219, 111, 0.816987
219, 112, 1.185186
219, 113, 3.554750
219, 114, 1.068332
219, 115, 1.886699
219, 116, 1.568432
219, 117, 2.225859
219, 118, 1.973514
219, 119, 1.334032
219, 120, 2.285547
219, 121, 3.584008
219, 122, 2.491351
219, 123, 0.397198
219, 124, 2.149907
219, 125, 4.267937
219, 126, 0.238778
219, 127, 0.838413
219, 128, 0.516297
219, 129, 0.074872
219, 130, 1.536905
219, 131, 1.749791
219, 132, 1.201319
219, 133, 0.950344
219, 134, 1.165754
219, 135, 0.744959
219, 136, 0.252817
219, 137, 1.805706
219, 138, 0.985482
219, 139, 0.941114
219, 140, 3.527328
219, 141, 2.067060
219, 142, 3.139522
219, 143, 2.105766
219, 144, 1.581656
219, 145, 1.469971
219, 146, 1.976252
219, 147, 3.761331
219, 148, 2.446034
219, 149, 3.525358
219, 150, 1.562608
219, 151, 1.930459
219, 152, 2.106946
219, 153, 0.000000
219, 154, 1.593774
219, 155, 2.275714
219, 156, -0.010000
219, 157, 3.007339
219, 158, 1.991819
219, 159, 1.390090
219, 160, 2.945263
219, 161, 2.015233
219, 162, 3.350823
219, 163, 2.513961
219, 164, 3.356805
219, 165, 3.000939
219, 166, 3.629712
219, 167, 1.409328
219, 168, 0.369980
219, 169, 1.721710
219, 170, 1.509260
219, 171, 2.772875
219, 172, 2.343538
219, 173, 2.692520
219, 174, 1.823081
219, 175, 1.084479
219, 176, 3.350916
219, 177, 2.483059
219, 178, 0.643201
219, 179, 3.021726
219, 180, 3.509582
219, 181, 0.965567
219, 182, 3.132624
219, 183, -0.040000
219, 184, 1.445452
219, 185, 1.880346
219, 186, 3.310690
219, 187, 0.000000
219, 188, 2.697533
219, 189, 2.984003
219, 190, 2.409982
219, 191, 0.717938
219, 192, 2.164302
219, 193, 2.742976
219, 194, 1.537422
219, 195, 1.062810
219, 196, 3.981259
219, 197, 2.312503
219, 198, 2.288264
219, 199, 1.262361
221, 0, 1.604306
221, 1, 1.547395
221, 2, 2.256939
221, 3, 1.150848
221, 4, -0.339888
221, 5, 1.929777
221, 6, 0.000000
221, 7, 1.244126
221, 8, 3.140481
221, 9, 1.717014
221, 10, 1.799200
221, 11, 2.271102
221, 12, 2.544296
221, 13, -0.003844
221, 14, 2.589625
221, 15, 2.588612
221, 16, 1.351301
221, 17, 3.195424
221, 18, 3.588647
221, 19, 2.593091
221, 20, 4.289334
221, 21, 0.436530
221, 22, 2.161510
221, 23, 1.264069
221, 24, 1.065771
221, 25, 2.046121
221, 26, 1.501702
221, 27, 0.812977
221, 28, 1.802374
221, 29, 1.875393
221, 30, 0.668950
221, 31, 2.645412
221, 32, -0.040000
221, 33, 2.827195
221, 34, 2.394242
221, 35, 2.578132
221, 36, 2.045877
221, 37, 1.679402
221, 38, 0.375477
221, 39, 1.571726
221, 40, 2.680727
221, 41, 1.702470
221, 42, 1.011686
221, 43, 1.442728
221, 44, 0.519650
221, 45, 1.405932
221, 46, 2.301913
221, 47, 1.415481
221, 48, 2.395057
221, 49, -0.160065
221, 50, 2.153506
221, 51, 0.700052
221, 52, 1.514256
221, 53, -0.000015
221, 54, 2.741959
221, 55, 3.014648
221, 56, 2.479075
221, 57, 2.942585
221, 58, 0.829374
221, 59, 1.691667
221, 60, 0.000000
221, 61, 1.402721
221, 62, 2.046886
221, 63, 1.722669
221, 64, 2.057648
221, 65, 3.427109
221, 66, 1.750670
221, 67, 2.514823
221, 68, 1.901453
221, 69, 2.768829
221, 70, 2.954944
221, 71, 2.514137
221, 72, 3.799350
221, 73, 3.188079
221, 74, 1.580833
221, 75, 1.934788
221, 76, 1.049166
221, 77, 1.420346
221, 78, 1.926968
221, 79, 2.797783
221, 80, 2.654470
221, 81, 1.781307
221, 82, -0.130117
221, 83, 0.586886
221, 84, 0.939994
221, 85, 2.941765
221, 86, 3.287687
221, 87, 2.334270
221, 88, 1.398646
221, 89, 0.544654
221, 90, 1.203549
221, 91, 1.426270
221, 92, 0.672629
221, 93, 2.693690
221, 94, 1.673883
221, 95, 0.792810
221, 96, 1.686672
221, 97, 4.304618
221, 98, 2.157980
221, 99, 1.159450
221, 100, 0.792004
221, 101, -0.031273
221, 102, 1.675544
221, 103, 0.000000
221, 104, 3.533303
221, 105, 2.786361
221, 106, 1.431670
221, 107, 1.958663
221, 108, 0.744162
221, 109, -0.016499
221, 110, 1.799441
221, 111, 0.819825
221, 112, 1.185186
221, 113, 3.553715
221, 114, 1.068332
221, 115, 1.891051
221, 116, 1.568432
221, 117, 2.225859
221, 118, 1.946416
221, 119, 1.334032
221, 120, 2.286590
221, 121, 3.637083
221, 122, 2.491351
221, 123, 0.397198
221, 124, 2.149908
221, 125, 4.282591
221, 126, 0.256612
221, 127, 0.838413
221, 128, 0.516297
221, 129, 0.074872
221, 130, 1.536904
221, 131, 1.749791
221, 132, 1.201319
221, 133, 0.950330
221, 134, 1.165754
221, 135, 0.744959
221, 136, 0.252817
221, 137, 1.805675
221, 138, 0.985482
221, 139, 0.941114
221, 140, 3.520084
221, 141, 2.067060
221, 142, 3.122259
221, 143, 2.101341
221, 144, 1.581656
221, 145, 1.469971
221, 146, 1.976252
221, 147, 3.756130
221, 148, 2.446033
221, 149, 3.524919
221, 150, 1.562608
221, 151, 1.894908
221, 152, 2.123422
221, 153, 0.000000
221, 154, 1.593774
221, 155, 2.275725
221, 156, -0.010000
221, 157, 3.007338
221, 158, 1.991819
221, 159, 1.390090
221, 160, 2.944171
221, 161, 2.052099
221, 162, 3.351270
221, 163, 2.510499
221, 164, 3.356807
221, 165, 3.000651
221, 166, 3.630095
221, 167, 1.409328
221, 168, 0.369980
221, 169, 1.722573
221, 170, 1.509260
221, 171, 2.781591
221, 172, 2.351940
221, 173, 2.697345
221, 174, 1.882562
221, 175, 1.084479
221, 176, 3.352990
221, 177, 2.489428
221, 178, 0.618390
221, 179, 3.020887
221, 180, 3.502459
221, 181, 0.965567
221, 182, 3.132624
221, 183, -0.040000
221, 184, 1.392839
221, 185, 1.880346
221, 186, 3.324916
221, 187, 0.000000
221, 188, 2.692763
221, 189, 2.933810
221, 190, 2.409982
221, 191, 0.717938
221, 192, 2.139329
221, 193, 2.743127
221, 194, 1.537420
221, 195, 1.084573
221, 196, 3.981051
221, 197, 2.309587
221, 198, 2.288188
221, 199, 1.262361
223, 0, 1.604306
223, 1, 1.547395
223, 2, 2.274148
223, 3, 1.150850
223, 4, -0.339888
223, 5, 1.929587
223, 6, 0.000000
223, 7, 1.244126
223, 8, 3.173022
223, 9, 1.717014
223, 10, 1.799201
223, 11, 2.271102
223, 12, 2.543556
223, 13, -0.003847
223, 14, 2.588469
223, 15, 2.628411
223, 16, 1.332413
223, 17, 3.196850
223, 18, 3.584905
223, 19, 2.593091
223, 20, 4.277684
223, 21, 0.436530
223, 22, 2.161510
223, 23, 1.264069
223, 24, 1.065771
223, 25, 2.046121
223, 26, 1.525488
223, 27, 0.812977
223, 28, 1.806304
223, 29, 1.875943
223, 30, 0.668950
223, 31, 2.645375
223, 32, -0.040000
223, 33, 2.827195
223, 34, 2.373601
223, 35, 2.576604
223, 36, 2.045877
223, 37, 1.615947
223, 38, 0.375477
223, 39, 1.571726
223, 40, 2.683704
223, 41, 1.702925
223, 42, 1.011686
223, 43, 1.442728
223, 44, 0.519650
223, 45, 1.410021
223, 46, 2.294130
223, 47, 1.415481
223, 48, 2.429650
223, 49, -0.160065
223, 50, 2.168595
223, 51, 0.700052
223, 52, 1.514256
223, 53, -0.000015
223, 54, 2.712692
223, 55, 3.042432
223, 56, 2.479284
223, 57, 2.942520
223, 58, 0.829374
223, 59, 1.691667
223, 60, 0.000000
223, 61, 1.402721
223, 62, 2.046885
223, 63, 1.722669
223, 64, 2.057648
223, 65, 3.440247
223, 66, 1.750670
223, 67, 2.514823
223, 68, 1.882810
223, 69, 2.771921
223, 70, 2.954789
223, 71, 2.514165
223, 72, 3.799361
223, 73, 3.187708
223, 74, 1.580833
223, 75, 1.934788
223, 76, 1.049166
223, 77, 1.420346
223, 78, 1.922387
223, 79, 2.797782
223, 80, 2.654529
223, 81, 1.764443
223, 82, -0.130313
223, 83, 0.586886
223, 84, 0.939994
223, 85, 2.941765
223, 86, 3.290267
223, 87, 2.334270
223, 88, 1.398646
223, 89, 0.544654
223, 90, 1.203582
223, 91, 1.424170
223, 92, 0.672629
223, 93, 2.699217
223, 94, 1.671197
223, 95, 0.793623
223, 96, 1.686829
223, 97, 4.303237
223, 98, 2.160284
223, 99, 1.159450
223, 100, 0.792004
223, 101, -0.031273
223, 102, 1.675544
223, 103, 0.000000
223, 104, 3.532862
223, 105, 2.788784
223, 106, 1.431670
223, 107, 1.947310
223, 108, 0.744162
223, 109, -0.016499
223, 110, 1.799441
223, 111, 0.822525
223, 112, 1.185186
223, 113, 3.544115
223, 114, 1.068332
223, 115, 1.889991
223, 116, 1.568432
223, 117, 2.225859
223, 118, 1.921001
223, 119, 1.334032
223, 120, 2.287615
223, 121, 3.674617
223, 122, 2.491351
223, 123, 0.397198
223, 124, 2.149907
223, 125, 4.290138
223, 126, 0.231252
223, 127, 0.838413
223, 128, 0.516297
223, 129, 0.074872
223, 130, 1.536905
223, 131, 1.749791
223, 132, 1.201319
223, 133, 0.950329
223, 134, 1.165754
223, 135, 0.744959
223, 136, 0.252817
223, 137, 1.805911
223, 138, 0.985482
223, 139, 0.941114
223, 140, 3.497236
223, 141, 2.067060
223, 142, 3.134436
223, 143, 2.048005
223, 144, 1.581656
223, 145, 1.469971
223, 146, 1.976252
223, 147, 3.776555
223, 148, 2.446034
223, 149, 3.525435
223, 150, 1.562608
223, 151, 1.902400
223, 152, 2.175874
223, 153, 0.000000
223, 154, 1.593774
223, 155, 2.275732
223, 156, -0.010000
223, 157, 3.007339
223, 158, 1.991819
223, 159, 1.387869
223, 160, 2.944016
223, 161, 2.052099
223, 162, 3.311772
223, 163, 2.510499
223, 164, 3.356789
223, 165, 3.000552
223, 166, 3.633001
223, 167, 1.409328
223, 168, 0.369980
223, 169, 1.731180
223, 170, 1.509260
223, 171, 2.788669
223, 172, 2.352417
223, 173, 2.705563
223, 174, 1.849231
223, 175, 1.080138
223, 176, 3.354319
223, 177, 2.485722
223, 178, 0.593374
223, 179, 3.021291
223, 180, 3.478907
223, 181, 0.965567
223, 182, 3.132624
223, 183, -0.040000
223, 184, 1.378332
223, 185, 1.880346
223, 186, 3.313754
223, 187, 0.000000
223, 188, 2.687276
223, 189, 2.957476
223, 190, 2.409982
223, 191, 0.717938
223, 192, 2.161610
223, 193, 2.743907
223, 194, 1.537421
223, 195, 1.105790
223, 196, 3.978216
223, 197, 2.309587
223, 198, 2.288077
223, 199, 1.262361
225, 0, 1.679318
225, 1, 1.547395
225, 2, 2.249988
225, 3, 1.192851
225, 4, -0.339888
225, 5, 1.963611
225, 6, 0.000000
225, 7, 1.244126
225, 8, 3.226416
225, 9, 1.717014
225, 10, 1.799201
225, 11, 2.431081
225, 12, 2.692923
225, 13, -0.003849
225, 14, 2.589058
225, 15, 2.571286
225, 16, 1.253540
225, 17, 3.317619
225, 18, 3.590092
225, 19, 2.593091
225, 20, 4.290456
225, 21, 0.436530
225, 22, 2.178479
225, 23, 1.264069
225, 24, 1.065771
225, 25, 2.046121
225, 26, 1.526601
225, 27, 0.842982
225, 28, 1.808809
225, 29, 1.875178
225, 30, 0.668950
225, 31, 2.641289
225, 32, -0.040000
225, 33, 3.024914
225, 34, 2.334206
225, 35, 2.577266
225, 36, 2.045877
225, 37, 1.622883
225, 38, 0.375477
225, 39, 1.571726
225, 40, 2.698987
225, 41, 1.703391
225, 42, 1.011686
225, 43, 1.442728
225, 44, 0.519650
225, 45, 1.411549
225, 46, 2.300277
225, 47, 1.415481
225, 48, 2.458884
225, 49, -0.160065
225, 50, 2.182823
225, 51, 0.700052
225, 52, 1.514256
225, 53, -0.000015
225, 54, 2.874937
225, 55, 3.070016
225, 56, 2.479251
225, 57, 2.943096
225, 58, 0.829374
225, 59, 1.691667
225, 60, 0.000000
225, 61, 1.405779
225, 62, 2.046885
225, 63, 1.722669
225, 64, 2.057648
225, 65, 3.447197
225, 66, 1.810680
225, 67, 2.514823
225, 68, 1.875739
225, 69, 2.773378
225, 70, 2.951711
225, 71, 2.514177
225, 72, 3.945502
225, 73, 3.353325
225, 74, 1.580833
225, 75, 1.934788
225, 76, 1.050804
225, 77, 1.420346
225, 78, 1.913927
225, 79, 2.797782
225, 80, 2.833877
225, 81, 1.752463
225, 82, -0.129731
225, 83, 0.586886
225, 84, 0.939994
225, 85, 2.941765
225, 86, 3.294500
225, 87, 2.334270
225, 88, 1.398646
225, 89, 0.544654
225, 90, 1.203602
225, 91, 1.418494
225, 92, 0.672629
225, 93, 2.710742
225, 94, 1.674014
225, 95, 0.779977
225, 96, 1.811553
225, 97, 4.357720
225, 98, 2.245389
225, 99, 1.159450
225, 100, 0.792004
225, 101, -0.031273
225, 102, 1.675544
225, 103, 0.000000
225, 104, 3.533311
225, 105, 2.786489
225, 106, 1.435948
225, 107, 1.946619
225, 108, 0.744162
225, 109, -0.016499
225, 110, 1.810974
225, 111, 0.824839
225, 112, 1.185186
225, 113, 3.765806
225, 114, 1.098320
225, 115, 1.880117
225, 116, 1.631044
225, 117, 2.345878
225, 118, 1.720099
225, 119, 1.334032
225, 120, 2.288621
225, 121, 3.624949
225, 122, 2.595231
225, 123, 0.397198
225, 124, 2.149907
225, 125, 4.278709
225, 126, 0.233561
225, 127, 0.838413
225, 128, 0.516297
225, 129, 0.075933
225, 130, 1.626919
225, 131, 1.869810
225, 132, 1.231324
225, 133, 0.950328
225, 134, 1.165754
225, 135, 0.774964
225, 136, 0.252817
225, 137, 1.805923
225, 138, 0.985482
225, 139, 0.941114
225, 140, 3.647877
225, 141, 2.256764
225, 142, 3.134896
225, 143, 2.067116
225, 144, 1.581656
225, 145, 1.469971
225, 146, 1.976252
225, 147, 3.942676
225, 148, 2.446034
225, 149, 3.525396
225, 150, 1.682628
225, 151, 2.097867
225, 152, 2.200652
225, 153, 0.000000
225, 154, 1.593774
225, 155, 2.275735
225, 156, -0.010000
225, 157, 3.009859
225, 158, 1.991819
225, 159, 1.388656
225, 160, 2.994132
225, 161, 2.260782
225, 162, 3.331413
225, 163, 2.510499
225, 164, 3.356808
225, 165, 3.000426
225, 166, 3.810496
225, 167, 1.469337
225, 168, 0.369980
225, 169, 1.738633
225, 170, 1.509260
225, 171, 2.790006
225, 172, 2.352529
225, 173, 2.708007
225, 174, 1.781270
225, 175, 1.080138
225, 176, 3.359449
225, 177, 2.502919
225, 178, 0.568265
225, 179, 3.016386
225, 180, 3.719810
225, 181, 0.965567
225, 182, 3.335308
225, 183, -0.040000
225, 184, 1.478480
225, 185, 1.880346
225, 186, 3.322584
225, 187, 0.000000
225, 188, 2.692501
225, 189, 2.969548
225, 190, 2.415274
225, 191, 0.717938
225, 192, 2.149930
225, 193, 2.923049
225, 194, 1.537421
225, 195, 1.126476
225, 196, 3.979642
225, 197, 2.318001
225, 198, 2.287970
225, 199, 1.262361
227, 0, 1.604306
227, 1, 1.547396
227, 2, 2.277946
227, 3, 1.150851
227, 4, -0.339888
227, 5, 1.930331
227, 6, 0.000000
227, 7, 1.244126
227, 8, 3.212096
227, 9, 1.717014
227, 10, 1.799201
227, 11, 2.271102
227, 12, 2.562777
227, 13, -0.003850
227, 14, 2.589763
227, 15, 2.549727
227, 16, 1.199583
227, 17, 3.199616
227, 18, 3.588806
227, 19, 2.593091
227, 20, 4.289714
227, 21, 0.436530
227, 22, 2.161510
227, 23, 1.264069
227, 24, 1.065771
227, 25, 2.046121
227, 26, 1.529321
227, 27, 0.812977
227, 28, 1.810406
227, 29, 1.874560
227, 30, 0.668950
227, 31, 2.647892
227, 32, -0.040000
227, 33, 2.828168
227, 34, 2.393638
227, 35, 2.577196
227, 36, 2.045877
227, 37, 1.590692
227, 38, 0.375477
227, 39, 1.571726
227, 40, 2.683111
227, 41, 1.703911
227, 42, 1.011686
227, 43, 1.442728
227, 44, 0.519650
227, 45, 1.411554
227, 46, 2.300636
227, 47, 1.415481
227, 48, 2.496209
227, 49, -0.160065
227, 50, 2.191089
227, 51, 0.700052
227, 52, 1.514256
227, 53, -0.000015
227, 54, 2.744286
227, 55, 3.077757
227, 56, 2.479418
227, 57, 2.943338
227, 58, 0.829374
227, 59, 1.691667
227, 60, 0.000000
227, 61, 1.402721
227, 62, 2.046886
227, 63, 1.722669
227, 64, 2.057648
227, 65, 3.436159
227, 66, 1.750670
227, 67, 2.514823
227, 68, 1.866828
227, 69, 2.775678
227, 70, 2.955073
227, 71, 2.514182
227, 72, 3.799350
227, 73, 3.218493
227, 74, 1.580833
227, 75, 1.934788
227, 76, 1.049166
227, 77, 1.420346
227, 78, 1.902377
227, 79, 2.797782
227, 80, 2.654981
227, 81, 1.752359
227, 82, -0.129136
227, 83, 0.586886
227, 84, 0.939994
227, 85, 2.941765
227, 86, 3.292273
227, 87, 2.334270
227, 88, 1.398646
227, 89, 0.544654
227, 90, 1.203614
227, 91, 1.418929
227, 92, 0.672629
227, 93, 2.637603
227, 94, 1.672938
227, 95, 0.859622
227, 96, 1.684063
227, 97, 4.306627
227, 98, 2.164427
227, 99, 1.159450
227, 100, 0.792004
227, 101, -0.031273
227, 102, 1.675544
227, 103, 0.000000
227, 104, 3.532865
227, 105, 2.788673
227, 106, 1.431670
227, 107, 1.945364
227, 108, 0.744162
227, 109, -0.016499
227, 110, 1.799441
227, 111, 0.826765
227, 112, 1.185186
227, 113, 3.543538
227, 114, 1.068332
227, 115, 1.872047
227, 116, 1.568432
227, 117, 2.225859
227, 118, 1.753211
227, 119, 1.334032
227, 120, 2.290030
227, 121, 3.653262
227, 122, 2.491351
227, 123, 0.397198
227, 124, 2.149907
227, 125, 4.286696
227, 126, 0.233561
227, 127, 0.838413
227, 128, 0.516297
227, 129, 0.074872
227, 130, 1.536905
227, 131, 1.749791
227, 132, 1.201319
227, 133, 0.950328
227, 134, 1.165754
227, 135, 0.744959
227, 136, 0.252817
227, 137, 1.805917
227, 138, 0.985482
227, 139, 0.941114
227, 140, 3.505457
227, 141, 2.067060
227, 142, 3.144233
227, 143, 1.940525
227, 144, 1.581656
227, 145, 1.469971
227, 146, 1.966694
227, 147, 3.775867
227, 148, 2.446034
227, 149, 3.525067
227, 150, 1.562608
227, 151, 1.917042
227, 152, 2.246684
227, 153, 0.000000
227, 154, 1.593774
227, 155, 2.275736
227, 156, -0.010000
227, 157, 3.007338
227, 158, 1.991819
227, 159, 1.388656
227, 160, 2.943488
227, 161, 2.052099
227, 162, 3.327833
227, 163, 2.510499
227, 164, 3.356811
227, 165, 3.000219
227, 166, 3.628874
227, 167, 1.409328
227, 168, 0.369980
227, 169, 1.744972
227, 170, 1.509260
227, 171, 2.804550
227, 172, 2.352577
227, 173, 2.709557
227, 174, 1.795862
227, 175, 1.067069
227, 176, 3.355171
227, 177, 2.491498
227, 178, 0.542329
227, 179, 3.020861
227, 180, 3.467512
227, 181, 0.965567
227, 182, 3.132624
227, 183, -0.040000
227, 184, 1.384513
227, 185, 1.880346
227, 186, 3.334150
227, 187, 0.000000
227, 188, 2.693800
227, 189, 2.980121
227, 190, 2.409982
227, 191, 0.717938
227, 192, 2.141848
227, 193, 2.742483
227, 194, 1.537421
227, 195, 1.146080
227, 196, 3.978690
227, 197, 2.310326
227, 198, 2.287870
227, 199, 1.262361
229, 0, 1.554176
229, 1, 1.547396
229, 2, 2.269372
229, 3, 1.150851
229, 4, -0.339888
229, 5, 1.930470
229, 6, 0.000000
229, 7, 1.244126
229, 8, 3.254985
229, 9, 1.717014
229, 10, 1.799201
229, 11, 2.271102
229, 12, 2.555592
229, 13, -0.003851
229, 14, 2.589819
229, 15, 2.490768
229, 16, 1.163747
229, 17, 3.201103
229, 18, 3.586760
229, 19, 2.593091
229, 20, 4.243446
229, 21, 0.436530
229, 22, 2.161510
229, 23, 1.264069
229, 24, 1.065771
229, 25, 2.046121
229, 26, 1.557132
229, 27, 0.812977
229, 28, 1.810152
229, 29, 1.875172
229, 30, 0.668950
229, 31, 2.645838
229, 32, -0.040000
229, 33, 2.828168
229, 34, 2.391184
229, 35, 2.576980
229, 36, 2.045877
229, 37, 1.559299
229, 38, 0.375477
229, 39, 1.571726
229, 40, 2.683111
229, 41, 1.704344
229, 42, 1.011686
229, 43, 1.442728
229, 44, 0.519650
229, 45, 1.413216
229, 46, 2.289059
229, 47, 1.415481
229, 48, 2.528733
229, 49, -0.160065
229, 50, 2.187935
229, 51, 0.700052
229, 52, 1.514256
229, 53, -0.000015
229, 54, 2.719185
229, 55, 3.087488
229, 56, 2.479597
229, 57, 2.943514
229, 58, 0.829374
229, 59, 1.691667
229, 60, 0.000000
229, 61, 1.402721
229, 62, 2.046886
229, 63, 1.722669
229, 64, 2.057648
229, 65, 3.434623
229, 66, 1.750670
229, 67, 2.514823
229, 68, 1.864605
229, 69, 2.777890
229, 70, 2.955130
229, 71, 2.549294
229, 72, 3.799299
229, 73, 3.219111
229, 74, 1.580833
229, 75, 1.934788
229, 76, 1.049166
229, 77, 1.420346
229, 78, 1.887272
229, 79, 2.797782
229, 80, 2.654983
229, 81, 1.738602
229, 82, -0.129451
229, 83, 0.586886
229, 84, 0.939994
229, 85, 2.941765
229, 86, 3.295429
229, 87, 2.334270
229, 88, 1.398646
229, 89, 0.544654
229, 90, 1.203624
229, 91, 1.416624
229, 92, 0.672629
229, 93, 2.667139
229, 94, 1.674779
229, 95, 0.881521
229, 96, 1.683718
229, 97, 4.307230
229, 98, 2.160194
229, 99, 1.159450
229, 100, 0.792004
229, 101, -0.031273
229, 102, 1.675544
229, 103, 0.000000
229, 104, 3.533312
229, 105, 2.786451
229, 106, 1.431670
229, 107, 1.915498
229, 108, 0.744162
229, 109, -0.016499
229, 110, 1.799441
229, 111, 0.828240
229, 112, 1.185186
229, 113, 3.555703
229, 114, 1.068332
229, 115, 1.865124
229, 116, 1.568432
229, 117, 2.225859
229, 118, 1.757780
229, 119, 1.334032
229, 120, 2.290250
229, 121, 3.695497
229, 122, 2.491351
229, 123, 0.397198
229, 124, 2.149912
229, 125, 4.280970
229, 126, 0.233561
229, 127, 0.838413
229, 128, 0.516297
229, 129, 0.074872
229, 130, 1.536905
229, 131, 1.749791
229, 132, 1.201319
229, 133, 0.950331
229, 134, 1.165754
229, 135, 0.744959
229, 136, 0.252817
229, 137, 1.805960
229, 138, 0.985482
229, 139, 0.937750
229, 140, 3.514138
229, 141, 2.066875
229, 142, 3.145744
229, 143, 1.929493
229, 144, 1.581656
229, 145, 1.469971
229, 146, 1.966694
229, 147, 3.746993
229, 148, 2.446034
229, 149, 3.525378
229, 150, 1.562608
229, 151, 1.913750
229, 152, 2.267179
229, 153, 0.000000
229, 154, 1.593774
229, 155, 2.275796
229, 156, -0.010000
229, 157, 3.007337
229, 158, 1.991819
229, 159, 1.388925
229, 160, 2.942924
229, 161, 2.052099
229, 162, 3.329139
229, 163, 2.510499
229, 164, 3.356812
229, 165, 3.000102
229, 166, 3.628704
229, 167, 1.409328
229, 168, 0.369980
229, 169, 1.749163
229, 170, 1.509260
229, 171, 2.812422
229, 172, 2.352675
229, 173, 2.710579
229, 174, 1.754307
229, 175, 1.067069
229, 176, 3.356066
229, 177, 2.484529
229, 178, 0.529260
229, 179, 3.021124
229, 180, 3.511610
229, 181, 0.965567
229, 182, 3.132624
229, 183, -0.040000
229, 184, 1.386851
229, 185, 1.880346
229, 186, 3.336092
229, 187, 0.000000
229, 188, 2.697024
229, 189, 3.010309
229, 190, 2.409982
229, 191, 0.717938
229, 192, 2.163714
229, 193, 2.743786
229, 194, 1.537422
229, 195, 1.163704
229, 196, 3.979060
229, 197, 2.310326
229, 198, 2.287778
229, 199, 1.262361
231, 0, 1.554176
231, 1, 1.547395
231, 2, 2.245830
231, 3, 1.150848
231, 4, -0.339888
231, 5, 1.931161
231, 6, 0.000000
231, 7, 1.244126
231, 8, 3.269429
231, 9, 1.717014
231, 10, 1.799200
231, 11, 2.271102
231, 12, 2.555493
231, 13, -0.003851
231, 14, 2.589412
231, 15, 2.487916
231, 16, 1.163747
231, 17, 3.202204
231, 18, 3.588227
231, 19, 2.593091
231, 20, 4.277657
231, 21, 0.436530
231, 22, 2.161510
231, 23, 1.264069
231, 24, 1.065771
231, 25, 2.046121
231, 26, 1.568365
231, 27, 0.812977
231, 28, 1.843188
231, 29, 1.874507
231, 30, 0.668950
231, 31, 2.646229
231, 32, -0.040000
231, 33, 2.828168
231, 34, 2.375375
231, 35, 2.576250
231, 36, 2.045877
231, 37, 1.535868
231, 38, 0.375477
231, 39, 1.571726
231, 40, 2.683111
231, 41, 1.704803
231, 42, 1.011686
231, 43, 1.442728
231, 44, 0.519650
231, 45, 1.413637
231, 46, 2.295578
231, 47, 1.415481
231, 48, 2.552938
231, 49, -0.160065
231, 50, 2.187935
231, 51, 0.700052
231, 52, 1.514256
231, 53, -0.000015
231, 54, 2.736993
231, 55, 3.093751
231, 56, 2.479720
231, 57, 2.943654
231, 58, 0.829374
231, 59, 1.691667
231, 60, 0.000000
231, 61, 1.402721
231, 62, 2.046886
231, 63, 1.722669
231, 64, 2.057648
231, 65, 3.432945
231, 66, 1.750670
231, 67, 2.514823
231, 68, 1.849248
231, 69, 2.782552
231, 70, 2.954864
231, 71, 2.551282
231, 72, 3.799447
231, 73, 3.216099
231, 74, 1.580833
231, 75, 1.934788
231, 76, 1.049166
231, 77, 1.420346
231, 78, 1.868632
231, 79, 2.797783
231, 80, 2.655150
231, 81, 1.724144
231, 82, -0.128379
231, 83, 0.603406
231, 84, 0.939994
231, 85, 2.941765
231, 86, 3.296422
231, 87, 2.334270
231, 88, 1.398646
231, 89, 0.544654
231, 90, 1.203629
231, 91, 1.412774
231, 92, 0.672629
231, 93, 2.673621
231, 94, 1.676330
231, 95, 0.884293
231, 96, 1.683393
231, 97, 4.294408
231, 98, 2.156549
231, 99, 1.159450
231, 100, 0.792004
231, 101, -0.031273
231, 102, 1.675544
231, 103, 0.000000
231, 104, 3.532838
231, 105, 2.789091
231, 106, 1.431670
231, 107, 1.885997
231, 108, 0.744162
231, 109, -0.016499
231, 110, 1.799441
231, 111, 0.830121
231, 112, 1.185186
231, 113, 3.553824
231, 114, 1.068332
231, 115, 1.860425
231, 116, 1.568432
231, 117, 2.225859
231, 118, 1.741247
231, 119, 1.334032
231, 120, 2.290406
231, 121, 3.694625
231, 122, 2.491351
231, 123, 0.346461
231, 124, 2.149917
231, 125, 4.282646
231, 126, 0.233561
231, 127, 0.838413
231, 128, 0.516297
231, 129, 0.074872
231, 130, 1.536904
231, 131, 1.749791
231, 132, 1.199875
231, 133, 0.950331
231, 134, 1.165754
231, 135, 0.744959
231, 136, 0.252817
231, 137, 1.805998
231, 138, 0.985482
231, 139, 0.937750
231, 140, 3.509373
231, 141, 2.066628
231, 142, 3.151699
231, 143, 1.929493
231, 144, 1.581656
231, 145, 1.469971
231, 146, 1.948018
231, 147, 3.774948
231, 148, 2.446033
231, 149, 3.525010
231, 150, 1.562608
231, 151, 1.911972
231, 152, 2.269555
231, 153, 0.000000
231, 154, 1.593774
231, 155, 2.280685
231, 156, -0.010000
231, 157, 3.007337
231, 158, 1.991819
231, 159, 1.386248
231, 160, 2.942308
231, 161, 2.052099
231, 162, 3.339973
231, 163, 2.510499
231, 164, 3.357555
231, 165, 2.999879
231, 166, 3.629999
231, 167, 1.409328
231, 168, 0.369980
231, 169, 1.754528
231, 170, 1.509260
231, 171, 2.816435
231, 172, 2.352751
231, 173, 2.709167
231, 174, 1.737695
231, 175, 1.067069
231, 176, 3.356290
231, 177, 2.485439
231, 178, 0.529260
231, 179, 3.018888
231, 180, 3.504585
231, 181, 0.965567
231, 182, 3.132624
231, 183, -0.040000
231, 184, 1.389886
231, 185, 1.880345
231, 186, 3.331959
231, 187, 0.000000
231, 188, 2.697617
231, 189, 3.036100
231, 190, 2.409982
231, 191, 0.717938
231, 192, 2.140845
231, 193, 2.743961
231, 194, 1.537422
231, 195, 1.174953
231, 196, 3.978933
231, 197, 2.310326
231, 198, 2.287703
231, 199, 1.265655
233, 0, 1.554176
233, 1, 1.547395
233, 2, 2.244399
233, 3, 1.150849
233, 4, -0.339888
233, 5, 1.930325
233, 6, 0.000000
233, 7, 1.244126
233, 8, 3.300185
233, 9, 1.717014
233, 10, 1.799201
233, 11, 2.271102
233, 12, 2.571733
233, 13, -0.003852
233, 14, 2.589044
233, 15, 2.516359
233, 16, 1.163747
233, 17, 3.203768
233, 18, 3.588365
233, 19, 2.593091
233, 20, 4.289747
233, 21, 0.436530
233, 22, 2.161510
233, 23, 1.270559
233, 24, 1.065771
233, 25, 2.046121
233, 26, 1.584759
233, 27, 0.812977
233, 28, 1.864496
233, 29, 1.884707
233, 30, 0.668950
233, 31, 2.668094
233, 32, -0.040000
233, 33, 2.828168
233, 34, 2.396123
233, 35, 2.575570
233, 36, 2.045877
233, 37, 1.503023
233, 38, 0.375477
233, 39, 1.573506
233, 40, 2.683111
233, 41, 1.705161
233, 42, 1.011686
233, 43, 1.442728
233, 44, 0.519650
233, 45, 1.423144
233, 46, 2.289025
233, 47, 1.415481
233, 48, 2.571911
233, 49, -0.160065
233, 50, 2.187935
233, 51, 0.700052
233, 52, 1.514256
233, 53, -0.000015
233, 54, 2.772771
233, 55, 3.097935
233, 56, 2.479847
233, 57, 2.943606
233, 58, 0.829374
233, 59, 1.691667
233, 60, 0.000000
233, 61, 1.402721
233, 62, 2.046885
233, 63, 1.722669
233, 64, 2.057648
233, 65, 3.425339
233, 66, 1.750670
233, 67, 2.514823
233, 68, 1.839638
233, 69, 2.785982
233, 70, 2.953688
233, 71, 2.552128
233, 72, 3.799386
233, 73, 3.226367
233, 74, 1.580833
233, 75, 1.934788
233, 76, 1.049166
233, 77, 1.420346
233, 78, 1.846928
233, 79, 2.797782
233, 80, 2.655253
233, 81, 1.720149
233, 82, -0.134595
233, 83, 0.635018
233, 84, 0.939994
233, 85, 2.941765
233, 86, 3.253537
233, 87, 2.334270
233, 88, 1.398646
233, 89, 0.544654
233, 90, 1.203633
233, 91, 1.467960
233, 92, 0.672629
233, 93, 2.672755
233, 94, 1.668278
233, 95, 0.883566
233, 96, 1.682918
233, 97, 4.303434
233, 98, 2.173615
233, 99, 1.159450
233, 100, 0.792004
233, 101, -0.031273
233, 102, 1.675544
233, 103, 0.000000
233, 104, 3.533299
233, 105, 2.786833
233, 106, 1.431670
233, 107, 1.871836
233, 108, 0.744162
233, 109, -0.016499
233, 110, 1.799441
233, 111, 0.831104
233, 112, 1.185186
233, 113, 3.542802
233, 114, 1.068332
233, 115, 1.860720
233, 116, 1.568432
233, 117, 2.225859
233, 118, 1.624136
233, 119, 1.334032
233, 120, 2.290465
233, 121, 3.683045
233, 122, 2.491351
233, 123, 0.346461
233, 124, 2.149919
233, 125, 4.286944
233, 126, 0.238551
233, 127, 0.838413
233, 128, 0.516297
233, 129, 0.074872
233, 130, 1.536904
233, 131, 1.749791
233, 132, 1.199875
233, 133, 0.950333
233, 134, 1.165754
233, 135, 0.744959
233, 136, 0.252817
233, 137, 1.806226
233, 138, 0.985482
233, 139, 0.937750
233, 140, 3.497393
233, 141, 2.066542
233, 142, 3.156684
233, 143, 1.929493
233, 144, 1.581656
233, 145, 1.469971
233, 146, 1.933598
233, 147, 3.761398
233, 148, 2.446034
233, 149, 3.525403
233, 150, 1.562608
233, 151, 1.918277
233, 152, 2.267455
233, 153, 0.000000
233, 154, 1.593774
233, 155, 2.280811
233, 156, -0.010000
233, 157, 3.007336
233, 158, 1.991819
233, 159, 1.386248
233, 160, 2.942165
233, 161, 2.064732
233, 162, 3.354124
233, 163, 2.510499
233, 164, 3.356804
233, 165, 3.000842
233, 166, 3.633376
233, 167, 1.409328
233, 168, 0.369980
233, 169, 1.756223
233, 170, 1.509260
233, 171, 2.820087
233, 172, 2.343276
233, 173, 2.704793
233, 174, 1.780780
233, 175, 1.067069
233, 176, 3.356526
233, 177, 2.505252
233, 178, 0.529260
233, 179, 3.018437
233, 180, 3.479500
233, 181, 0.965567
233, 182, 3.132624
233, 183, -0.040000
233, 184, 1.396528
233, 185, 1.880346
233, 186, 3.330765
233, 187, 0.000000
233, 188, 2.694855
233, 189, 3.058734
233, 190, 2.409982
233, 191, 0.717938
233, 192, 2.162877
233, 193, 2.736502
233, 194, 1.537423
233, 195, 1.181799
233, 196, 3.982025
233, 197, 2.310326
233, 198, 2.287658
233, 199, 1.280155
235, 0, 1.554176
235, 1, 1.547395
235, 2, 2.159204
235, 3, 1.150850
235, 4, -0.339888
235, 5, 1.928780
235, 6, 0.000000
235, 7, 1.244126
235, 8, 3.313884
235, 9, 1.717014
235, 10, 1.799201
235, 11, 2.271102
235, 12, 2.590531
235, 13, -0.003852
235, 14, 2.589505
235, 15, 2.463949
235, 16, 1.129258
235, 17, 3.204760
235, 18, 3.589306
235, 19, 2.593091
235, 20, 4.293743
235, 21, 0.436530
235, 22, 2.161510
235, 23, 1.270559
235, 24, 1.065771
235, 25, 2.046121
235, 26, 1.609156
235, 27, 0.812977
235, 28, 1.876504
235, 29, 1.884851
235, 30, 0.668950
235, 31, 2.683485
235, 32, -0.040000
235, 33, 2.828168
235, 34, 2.361966
235, 35, 2.587600
235, 36, 2.045877
235, 37, 1.514511
235, 38, 0.375477
235, 39, 1.573506
235, 40, 2.683111
235, 41, 1.705516
235, 42, 1.011686
235, 43, 1.442728
235, 44, 0.519650
235, 45, 1.423316
235, 46, 2.276196
235, 47, 1.415481
235, 48, 2.559428
235, 49, -0.160065
235, 50, 2.187935
235, 51, 0.700052
235, 52, 1.514256
235, 53, -0.000015
235, 54, 2.734913
235, 55, 3.100972
235, 56, 2.481179
235, 57, 2.944097
235, 58, 0.829374
235, 59, 1.691667
235, 60, 0.000000
235, 61, 1.402721
235, 62, 2.046885
235, 63, 1.722669
235, 64, 2.057648
235, 65, 3.430596
235, 66, 1.750670
235, 67, 2.514823
235, 68, 1.823905
235, 69, 2.787610
235, 70, 2.953214
235, 71, 2.555247
235, 72, 3.799326
235, 73, 3.228330
235, 74, 1.580833
235, 75, 1.934788
235, 76, 1.049166
235, 77, 1.420346
235, 78, 1.846928
235, 79, 2.797782
235, 80, 2.654598
235, 81, 1.650422
235, 82, -0.138127
235, 83, 0.664826
235, 84, 0.939994
235, 85, 2.941765
235, 86, 3.263374
235, 87, 2.334270
235, 88, 1.398646
235, 89, 0.544654
235, 90, 1.203634
235, 91, 1.467682
235, 92, 0.672629
235, 93, 2.686988
235, 94, 1.666149
235, 95, 0.869488
235, 96, 1.688384
235, 97, 4.305936
235, 98, 2.180620
235, 99, 1.159450
235, 100, 0.792004
235, 101, -0.031273
235, 102, 1.675544
235, 103, 0.000000
235, 104, 3.532840
235, 105, 2.789083
235, 106, 1.431670
235, 107, 1.875550
235, 108, 0.744162
235, 109, -0.016499
235, 110, 1.799441
235, 111, 0.831665
235, 112, 1.185186
235, 113, 3.553256
235, 114, 1.068332
235, 115, 1.867414
235, 116, 1.568432
235, 117, 2.225859
235, 118, 1.637613
235, 119, 1.334032
235, 120, 2.290488
235, 121, 3.624480
235, 122, 2.491351
235, 123, 0.346461
235, 124, 2.149920
235, 125, 4.278801
235, 126, 0.379683
235, 127, 0.838413
235, 128, 0.513419
235, 129, 0.074872
235, 130, 1.536904
235, 131, 1.749791
235, 132, 1.199875
235, 133, 0.950331
235, 134, 1.165754
235, 135, 0.744959
235, 136, 0.252817
235, 137, 1.799371
235, 138, 0.985482
235, 139, 0.937750
235, 140, 3.478070
235, 141, 2.066542
235, 142, 3.155560
235, 143, 1.924555
235, 144, 1.581656
235, 145, 1.469971
235, 146, 1.922383
235, 147, 3.699381
235, 148, 2.446034
235, 149, 3.525123
235, 150, 1.562608
235, 151, 1.923255
235, 152, 2.266991
235, 153, 0.000000
235, 154, 1.593774
235, 155, 2.280874
235, 156, -0.010000
235, 157, 3.007338
235, 158, 1.991819
235, 159, 1.386248
235, 160, 2.935642
235, 161, 2.060501
235, 162, 3.366366
235, 163, 2.510499
235, 164, 3.356816
235, 165, 3.000902
235, 166, 3.634360
235, 167, 1.409328
235, 168, 0.369980
235, 169, 1.756828
235, 170, 1.509260
235, 171, 2.818846
235, 172, 2.350194
235, 173, 2.698498
235, 174, 1.785550
235, 175, 1.067069
235, 176, 3.356585
235, 177, 2.508838
235, 178, 0.529260
235, 179, 3.018889
235, 180, 3.516426
235, 181, 0.965567
235, 182, 3.132624
235, 183, -0.040000
235, 184, 1.404606
235, 185, 1.880346
235, 186, 3.328342
235, 187, 0.000000
235, 188, 2.684063
235, 189, 3.071704
235, 190, 2.409982
235, 191, 0.717938
235, 192, 2.142935
235, 193, 2.736866
235, 194, 1.537422
235, 195, 1.185955
235, 196, 3.944081
235, 197, 2.317204
235, 198, 2.287588
235, 199, 1.293530
237, 0, 1.554176
237, 1, 1.547395
237, 2, 2.171148
237, 3, 1.150851
237, 4, -0.339888
237, 5, 1.928719
237, 6, 0.000000
237, 7, 1.244126
237, 8, 3.337180
237, 9, 1.717014
237, 10, 1.799201
237, 11, 2.271102
237, 12, 2.604104
237, 13, -0.003852
237, 14, 2.589657
237, 15, 2.410952
237, 16, 1.129258
237, 17, 3.209737
237, 18, 3.587623
237, 19, 2.602233
237, 20, 4.293099
237, 21, 0.436530
237, 22, 2.161510
237, 23, 1.270559
237, 24, 1.065771
237, 25, 2.046121
237, 26, 1.631612
237, 27, 0.812977
237, 28, 1.885566
237, 29, 1.884153
237, 30, 0.668950
237, 31, 2.694288
237, 32, -0.040000
237, 33, 2.828168
237, 34, 2.389601
237, 35, 2.594322
237, 36, 2.045877
237, 37, 1.567692
237, 38, 0.375477
237, 39, 1.573506
237, 40, 2.683111
237, 41, 1.705859
237, 42, 1.011686
237, 43, 1.442728
237, 44, 0.519650
237, 45, 1.422707
237, 46, 2.296060
237, 47, 1.415481
237, 48, 2.540363
237, 49, -0.160065
237, 50, 2.187935
237, 51, 0.700052
237, 52, 1.514256
237, 53, -0.000015
237, 54, 2.778861
237, 55, 3.103655
237, 56, 2.494666
237, 57, 2.944308
237, 58, 0.829374
237, 59, 1.691667
237, 60, 0.000000
237, 61, 1.402721
237, 62, 2.046885
237, 63, 1.722669
237, 64, 2.057648
237, 65, 3.422924
237, 66, 1.750670
237, 67, 2.514823
237, 68, 1.790008
237, 69, 2.742964
237, 70, 2.954640
237, 71, 2.550165
237, 72, 3.798583
237, 73, 3.231194
237, 74, 1.580833
237, 75, 1.934788
237, 76, 1.049166
237, 77, 1.420346
237, 78, 1.846928
237, 79, 2.797782
237, 80, 2.654701
237, 81, 1.691523
237, 82, -0.137521
237, 83, 0.727522
237, 84, 0.939994
237, 85, 2.941764
237, 86, 3.263436
237, 87, 2.334270
237, 88, 1.398646
237, 89, 0.544654
237, 90, 1.203636
237, 91, 1.465797
237, 92, 0.672629
237, 93, 2.703482
237, 94, 1.660692
237, 95, 0.837267
237, 96, 1.688869
237, 97, 4.306644
237, 98, 2.087020
237, 99, 1.159450
237, 100, 0.792004
237, 101, -0.031273
237, 102, 1.675544
237, 103, 0.000000
237, 104, 3.533309
237, 105, 2.786778
237, 106, 1.431670
237, 107, 1.902855
237, 108, 0.744162
237, 109, -0.016499
237, 110, 1.810974
237, 111, 0.830631
237, 112, 1.185186
237, 113, 3.552656
237, 114, 1.098320
237, 115, 1.880742
237, 116, 1.631044
237, 117, 2.345879
237, 118, 1.650927
237, 119, 1.334032
237, 120, 2.290495
237, 121, 3.693700
237, 122, 2.595231
237, 123, 0.346461
237, 124, 2.149920
237, 125, 4.279445
237, 126, 0.480262
237, 127, 0.838413
237, 128, 0.515168
237, 129, 0.075933
237, 130, 1.626919
237, 131, 1.869810
237, 132, 1.199875
237, 133, 0.950329
237, 134, 1.165754
237, 135, 0.774964
237, 136, 0.252817
237, 137, 1.790555
237, 138, 0.985482
237, 139, 0.937750
237, 140, 3.576119
237, 141, 2.256246
237, 142, 3.149596
237, 143, 1.924555
237, 144, 1.581656
237, 145, 1.469971
237, 146, 1.933772
237, 147, 3.964580
237, 148, 2.446034
237, 149, 3.525363
237, 150, 1.682628
237, 151, 2.105170
237, 152, 2.263709
237, 153, 0.000000
237, 154, 1.593774
237, 155, 2.280906
237, 156, -0.010000
237, 157, 3.099982
237, 158, 1.991819
237, 159, 1.497130
237, 160, 2.996228
237, 161, 2.258353
237, 162, 3.366663
237, 163, 2.510499
237, 164, 3.356818
237, 165, 3.000659
237, 166, 3.815012
237, 167, 1.469337
237, 168, 0.369980
237, 169, 1.757262
237, 170, 1.509260
237, 171, 2.817578
237, 172, 2.352511
237, 173, 2.694730
237, 174, 1.843513
237, 175, 1.067069
237, 176, 3.356623
237, 177, 2.490227
237, 178, 0.529260
237, 179, 3.016915
237, 180, 3.717978
237, 181, 0.965567
237, 182, 3.335308
237, 183, -0.040000
237, 184, 1.492136
237, 185, 1.880346
237, 186, 3.349533
237, 187, 0.000000
237, 188, 2.712925
237, 189, 3.095205
237, 190, 2.415274
237, 191, 0.717938
237, 192, 2.164148
237, 193, 2.926151
237, 194, 1.537422
237, 195, 1.188476
237, 196, 3.982405
237, 197, 2.319442
237, 198, 2.287514
237, 199, 1.320639
239, 0, 1.554176
239, 1, 1.547395
239, 2, 2.192206
239, 3, 1.150851
239, 4, -0.339888
239, 5, 1.928574
239, 6, 0.000000
239, 7, 1.244126
239, 8, 3.305427
239, 9, 1.717014
239, 10, 1.799201
239, 11, 2.271103
239, 12, 2.601271
239, 13, -0.003852
239, 14, 2.588243
239, 15, 2.485158
239, 16, 1.129258
239, 17, 3.215600
239, 18, 3.585092
239, 19, 2.602233
239, 20, 4.294270
239, 21, 0.436530
239, 22, 2.161510
239, 23, 1.270559
239, 24, 1.065771
239, 25, 2.046121
239, 26, 1.588572
239, 27, 0.812977
239, 28, 1.893325
239, 29, 1.884255
239, 30, 0.668950
239, 31, 2.693079
239, 32, -0.040000
239, 33, 2.828168
239, 34, 2.254591
239, 35, 2.597209
239, 36, 2.045877
239, 37, 1.613985
239, 38, 0.375477
239, 39, 1.573506
239, 40, 2.683111
239, 41, 1.706171
239, 42, 1.011686
239, 43, 1.442728
239, 44, 0.519650
239, 45, 1.422847
239, 46, 2.305932
239, 47, 1.415481
239, 48, 2.554542
239, 49, -0.160065
239, 50, 2.187935
239, 51, 0.700052
239, 52, 1.514256
239, 53, -0.000015
239, 54, 2.714006
239, 55, 3.107492
239, 56, 2.492314
239, 57, 2.944183
239, 58, 0.829374
239, 59, 1.691667
239, 60, 0.000000
239, 61, 1.402721
239, 62, 2.046886
239, 63, 1.722669
239, 64, 2.057648
239, 65, 3.425440
239, 66, 1.750670
239, 67, 2.514823
239, 68, 1.777563
239, 69, 2.748624
239, 70, 2.935038
239, 71, 2.550285
239, 72, 3.797057
239, 73, 3.231267
239, 74, 1.580833
239, 75, 1.934788
239, 76, 1.049166
239, 77, 1.420346
239, 78, 1.846928
239, 79, 2.797782
239, 80, 2.654763
239, 81, 1.694446
239, 82, -0.137476
239, 83, 0.785351
239, 84, 0.939994
239, 85, 2.941765
239, 86, 3.265185
239, 87, 2.341453
239, 88, 1.398646
239, 89, 0.544654
239, 90, 1.203638
239, 91, 1.463733
239, 92, 0.672629
239, 93, 2.654794
239, 94, 1.673543
239, 95, 0.850813
239, 96, 1.689448
239, 97, 4.292315
239, 98, 2.109542
239, 99, 1.159450
239, 100, 0.792004
239, 101, -0.031273
239, 102, 1.675544
239, 103, 0.000000
239, 104, 3.532829
239, 105, 2.789135
239, 106, 1.431670
239, 107, 1.870906
239, 108, 0.744162
239, 109, -0.016499
239, 110, 1.799441
239, 111, 0.829643
239, 112, 1.185186
239, 113, 3.514610
239, 114, 1.068332
239, 115, 1.892118
239, 116, 1.568432
239, 117, 2.225859
239, 118, 1.645556
239, 119, 1.334032
239, 120, 2.290498
239, 121, 3.652736
239, 122, 2.491351
239, 123, 0.346461
239, 124, 2.149919
239, 125, 4.272204
239, 126, 0.557729
239, 127, 0.838413
239, 128, 0.515967
239, 129, 0.074872
239, 130, 1.536904
239, 131, 1.749791
239, 132, 1.199875
239, 133, 0.950329
239, 134, 1.165754
239, 135, 0.744959
239, 136, 0.252817
239, 137, 1.781950
239, 138, 0.985482
239, 139, 0.937750
239, 140, 3.490156
239, 141, 2.066542
239, 142, 3.158067
239, 143, 1.924555
239, 144, 1.581656
239, 145, 1.469971
239, 146, 1.953207
239, 147, 3.775991
239, 148, 2.446033
239, 149, 3.524944
239, 150, 1.562608
239, 151, 1.943464
239, 152, 2.259902
239, 153, 0.000000
239, 154, 1.593774
239, 155, 2.280922
239, 156, -0.010000
239, 157, 3.007336
239, 158, 1.991819
239, 159, 1.386248
239, 160, 2.949679
239, 161, 1.962748
239, 162, 3.372764
239, 163, 2.510499
239, 164, 3.358403
239, 165, 3.000695
239, 166, 3.625367
239, 167, 1.409328
239, 168, 0.369980
239, 169, 1.757563
239, 170, 1.509260
239, 171, 2.821707
239, 172, 2.312648
239, 173, 2.691295
239, 174, 1.759781
239, 175, 1.067069
239, 176, 3.356623
239, 177, 2.502243
239, 178, 0.529260
239, 179, 3.011890
239, 180, 3.438806
239, 181, 0.965567
239, 182, 3.132624
239, 183, -0.040000
239, 184, 1.406924
239, 185, 1.880346
239, 186, 3.332082
239, 187, 0.000000
239, 188, 2.713338
239, 189, 3.120778
239, 190, 2.409982
239, 191, 0.717938
239, 192, 2.139752
239, 193, 2.738558
239, 194, 1.537422
239, 195, 1.190004
239, 196, 3.979634
239, 197, 2.319442
239, 198, 2.287441
239, 199, 1.344292
241, 0, 1.554176
241, 1, 1.547395
241, 2, 2.146118
241, 3, 1.150848
241, 4, -0.339888
241, 5, 1.928643
241, 6, 0.000000
241, 7, 1.244126
241, 8, 3.327385
241, 9, 1.717014
241, 10, 1.799200
241, 11, 2.271102
241, 12, 2.588673
241, 13, -0.003852
241, 14, 2.588726
241, 15, 2.504404
241, 16, 1.129258
241, 17, 3.217736
241, 18, 3.588168
241, 19, 2.593091
241, 20, 4.294621
241, 21, 0.436530
241, 22, 2.161510
241, 23, 1.270559
241, 24, 1.065771
241, 25, 2.046121
241, 26, 1.610443
241, 27, 0.812977
241, 28, 1.898220
241, 29, 1.883464
241, 30, 0.668950
241, 31, 2.684567
241, 32, -0.040000
241, 33, 2.823680
241, 34, 2.337595
241, 35, 2.600363
241, 36, 2.045877
241, 37, 1.638564
241, 38, 0.375477
241, 39, 1.573506
241, 40, 2.683111
241, 41, 1.706424
241, 42, 1.011686
241, 43, 1.442728
241, 44, 0.519650
241, 45, 1.422144
241, 46, 2.307015
241, 47, 1.415481
241, 48, 2.558750
241, 49, -0.160065
241, 50, 2.187935
241, 51, 0.700052
241, 52, 1.514256
241, 53, -0.000015
241, 54, 2.733447
241, 55, 3.111300
241, 56, 2.491858
241, 57, 2.944546
241, 58, 0.829374
241, 59, 1.691667
241, 60, 0.000000
241, 61, 1.402721
241, 62, 2.046886
241, 63, 1.722669
241, 64, 2.057648
241, 65, 3.418032
241, 66, 1.750670
241, 67, 2.514823
241, 68, 1.759341
241, 69, 2.747139
241, 70, 2.952346
241, 71, 2.550334
241, 72, 3.799226
241, 73, 3.227371
241, 74, 1.580833
241, 75, 1.934788
241, 76, 1.049166
241, 77, 1.420346
241, 78, 1.846928
241, 79, 2.797783
241, 80, 2.654850
241, 81, 1.708259
241, 82, -0.136816
241, 83, 0.838691
241, 84, 0.939994
241, 85, 2.941764
241, 86, 3.268493
241, 87, 2.341453
241, 88, 1.398646
241, 89, 0.544654
241, 90, 1.203637
241, 91, 1.458710
241, 92, 0.672629
241, 93, 2.672840
241, 94, 1.675393
241, 95, 0.868597
241, 96, 1.690224
241, 97, 4.299305
241, 98, 2.116534
241, 99, 1.159450
241, 100, 0.792004
241, 101, -0.031273
241, 102, 1.675544
241, 103, 0.000000
241, 104, 3.533323
241, 105, 2.786710
241, 106, 1.431670
241, 107, 1.883235
241, 108, 0.744162
241, 109, -0.016499
241, 110, 1.799441
241, 111, 0.829145
241, 112, 1.185186
241, 113, 3.552248
241, 114, 1.068332
241, 115, 1.901980
241, 116, 1.568432
241, 117, 2.225859
241, 118, 1.636456
241, 119, 1.334032
241, 120, 2.290499
241, 121, 3.605060
241, 122, 2.491351
241, 123, 0.346461
241, 124, 2.149920
241, 125, 4.264209
241, 126, 0.618585
241, 127, 0.838413
241, 128, 0.515760
241, 129, 0.074872
241, 130, 1.536904
241, 131, 1.749791
241, 132, 1.199875
241, 133, 0.950320
241, 134, 1.165754
241, 135, 0.744959
241, 136, 0.252817
241, 137, 1.773549
241, 138, 0.985482
241, 139, 0.937750
241, 140, 3.497535
241, 141, 2.066542
241, 142, 3.153473
241, 143, 1.924555
241, 144, 1.581656
241, 145, 1.469971
241, 146, 1.966183
241, 147, 3.741666
241, 148, 2.446033
241, 149, 3.525426
241, 150, 1.562608
241, 151, 1.942199
241, 152, 2.254197
241, 153, 0.000000
241, 154, 1.593774
241, 155, 2.280930
241, 156, -0.010000
241, 157, 3.007334
241, 158, 1.991819
241, 159, 1.386248
241, 160, 2.948050
241, 161, 2.045756
241, 162, 3.383500
241, 163, 2.510499
241, 164, 3.356808
241, 165, 3.000454
241, 166, 3.630419
241, 167, 1.409328
241, 168, 0.369980
241, 169, 1.757784
241, 170, 1.509260
241, 171, 2.822216
241, 172, 2.352407
241, 173, 2.687027
241, 174, 1.815102
241, 175, 1.067069
241, 176, 3.358596
241, 177, 2.506079
241, 178, 0.529260
241, 179, 3.015136
241, 180, 3.517021
241, 181, 0.965567
241, 182, 3.132624
241, 183, -0.040000
241, 184, 1.414361
241, 185, 1.880345
241, 186, 3.344546
241, 187, 0.000000
241, 188, 2.718154
241, 189, 3.132463
241, 190, 2.409982
241, 191, 0.717938
241, 192, 2.161963
241, 193, 2.741548
241, 194, 1.537420
241, 195, 1.190924
241, 196, 3.979101
241, 197, 2.320289
241, 198, 2.287399
241, 199, 1.364809
243, 0, 1.554176
243, 1, 1.547395
243, 2, 2.169148
243, 3, 1.150849
243, 4, -0.339888
243, 5, 1.929425
243, 6, 0.000000
243, 7, 1.244126
243, 8, 3.321466
243, 9, 1.717014
243, 10, 1.799201
243, 11, 2.271102
243, 12, 2.579454
243, 13, -0.003852
243, 14, 2.589307
243, 15, 2.472184
243, 16, 1.129258
243, 17, 3.220425
243, 18, 3.586776
243, 19, 2.593091
243, 20, 4.296000
243, 21, 0.436530
243, 22, 2.161510
243, 23, 1.270559
243, 24, 1.065771
243, 25, 2.046121
243, 26, 1.466989
243, 27, 0.812977
243, 28, 1.901022
243, 29, 1.881952
243, 30, 0.668950
243, 31, 2.678352
243, 32, -0.040000
243, 33, 2.819059
243, 34, 2.394619
243, 35, 2.602672
243, 36, 2.045877
243, 37, 1.649320
243, 38, 0.375477
243, 39, 1.573506
243, 40, 2.683111
243, 41, 1.706694
243, 42, 1.011686
243, 43, 1.442728
243, 44, 0.519650
243, 45, 1.420796
243, 46, 2.290792
243, 47, 1.415481
243, 48, 2.563532
243, 49, -0.160065
243, 50, 2.187935
243, 51, 0.700052
243, 52, 1.514256
243, 53, -0.000015
243, 54, 2.782853
243, 55, 3.113945
243, 56, 2.492580
243, 57, 2.944962
243, 58, 0.829374
243, 59, 1.691667
243, 60, 0.000000
243, 61, 1.402721
243, 62, 2.046885
243, 63, 1.722669
243, 64, 2.057648
243, 65, 3.437118
243, 66, 1.750670
243, 67, 2.514823
243, 68, 1.756879
243, 69, 2.747139
243, 70, 2.954758
243, 71, 2.550354
243, 72, 3.799254
243, 73, 3.224309
243, 74, 1.580833
243, 75, 1.934788
243, 76, 1.049166
243, 77, 1.420346
243, 78, 1.846928
243, 79, 2.797782
243, 80, 2.655102
243, 81, 1.764639
243, 82, -0.135689
243, 83, 0.887890
243, 84, 0.939994
243, 85, 2.941765
243, 86, 3.272458
243, 87, 2.341453
243, 88, 1.398646
243, 89, 0.544654
243, 90, 1.203637
243, 91, 1.451943
243, 92, 0.672629
243, 93, 2.685128
243, 94, 1.665934
243, 95, 0.866105
243, 96, 1.688581
243, 97, 4.301083
243, 98, 2.123298
243, 99, 1.159450
243, 100, 0.792004
243, 101, -0.031273
243, 102, 1.675544
243, 103, 0.000000
243, 104, 3.532814
243, 105, 2.789198
243, 106, 1.431670
243, 107, 1.906113
243, 108, 0.744162
243, 109, -0.016499
243, 110, 1.799441
243, 111, 0.829460
243, 112, 1.185186
243, 113, 3.554116
243, 114, 1.068332
243, 115, 1.912805
243, 116, 1.568432
243, 117, 2.225859
243, 118, 1.620999
243, 119, 1.334032
243, 120, 2.290500
243, 121, 3.657826
243, 122, 2.491351
243, 123, 0.346461
243, 124, 2.149920
243, 125, 4.280726
243, 126, 0.666813
243, 127, 0.838413
243, 128, 0.517963
243, 129, 0.074872
243, 130, 1.536904
243, 131, 1.749791
243, 132, 1.199875
243, 133, 0.950322
243, 134, 1.165754
243, 135, 0.744959
243, 136, 0.252817
243, 137, 1.765388
243, 138, 0.985482
243, 139, 0.937750
243, 140, 3.499105
243, 141, 2.066542
243, 142, 3.157377
243, 143, 1.924555
243, 144, 1.581656
243, 145, 1.469971
243, 146, 1.966183
243, 147, 3.773647
243, 148, 2.446034
243, 149, 3.525359
243, 150, 1.562608
243, 151, 1.938382
243, 152, 2.252395
243, 153, 0.000000
243, 154, 1.593774
243, 155, 2.280934
243, 156, -0.010000
243, 157, 3.007337
243, 158, 1.991819
243, 159, 1.386248
243, 160, 2.945775
243, 161, 1.953009
243, 162, 3.352665
243, 163, 2.510499
243, 164, 3.356821
243, 165, 3.000045
243, 166, 3.634311
243, 167, 1.409328
243, 168, 0.369980
243, 169, 1.760702
243, 170, 1.509260
243, 171, 2.823934
243, 172, 2.310364
243, 173, 2.688043
243, 174, 1.852486
243, 175, 1.067069
243, 176, 3.358596
243, 177, 2.493138
243, 178, 0.529260
243, 179, 3.021307
243, 180, 3.511594
243, 181, 0.965567
243, 182, 3.132624
243, 183, -0.040000
243, 184, 1.402543
243, 185, 1.880346
243, 186, 3.327723
243, 187, 0.000000
243, 188, 2.722766
243, 189, 3.137239
243, 190, 2.409982
243, 191, 0.717938
243, 192, 2.148654
243, 193, 2.738563
243, 194, 1.537420
243, 195, 1.191487
243, 196, 3.978716
243, 197, 2.318967
243, 198, 2.287317
243, 199, 1.382484
245, 0, 1.629188
245, 1, 1.547395
245, 2, 2.190253
245, 3, 1.192850
245, 4, -0.339888
245, 5, 1.964481
245, 6, 0.000000
245, 7, 1.244126
245, 8, 3.341585
245, 9, 1.717014
245, 10, 1.799201
245, 11, 2.431081
245, 12, 2.751391
245, 13, -0.003852
245, 14, 2.589463
245, 15, 2.477962
245, 16, 1.168128
245, 17, 3.376976
245, 18, 3.590211
245, 19, 2.605414
245, 20, 4.294932
245, 21, 0.436530
245, 22, 2.178479
245, 23, 1.270559
245, 24, 1.065771
245, 25, 2.046121
245, 26, 1.594611
245, 27, 0.842982
245, 28, 1.903100
245, 29, 1.881105
245, 30, 0.668950
245, 31, 2.699350
245, 32, -0.040000
245, 33, 3.002831
245, 34, 2.347434
245, 35, 2.604068
245, 36, 2.045877
245, 37, 1.664313
245, 38, 0.375477
245, 39, 1.573506
245, 40, 2.698987
245, 41, 1.707084
245, 42, 1.011686
245, 43, 1.442728
245, 44, 0.519650
245, 45, 1.420052
245, 46, 2.241182
245, 47, 1.415481
245, 48, 2.574541
245, 49, -0.160065
245, 50, 2.187935
245, 51, 0.700052
245, 52, 1.514256
245, 53, -0.000015
245, 54, 2.859024
245, 55, 3.310356
245, 56, 2.493666
245, 57, 2.945170
245, 58, 0.829374
245, 59, 1.691667
245, 60, 0.000000
245, 61, 1.405779
245, 62, 2.046885
245, 63, 1.722669
245, 64, 2.057648
245, 65, 3.417263
245, 66, 1.810680
245, 67, 2.514823
245, 68, 1.748103
245, 69, 2.744643
245, 70, 2.953306
245, 71, 2.550363
245, 72, 3.942943
245, 73, 3.401055
245, 74, 1.580833
245, 75, 1.934788
245, 76, 1.050804
245, 77, 1.420346
245, 78, 1.827862
245, 79, 2.797782
245, 80, 2.834931
245, 81, 1.779725
245, 82, -0.135008
245, 83, 0.933270
245, 84, 0.939994
245, 85, 2.941765
245, 86, 3.276403
245, 87, 2.341453
245, 88, 1.398646
245, 89, 0.544654
245, 90, 1.203637
245, 91, 1.446971
245, 92, 0.672629
245, 93, 2.691482
245, 94, 1.664861
245, 95, 0.853684
245, 96, 1.812135
245, 97, 4.301860
245, 98, 2.199299
245, 99, 1.159450
245, 100, 0.792004
245, 101, -0.031273
245, 102, 1.675544
245, 103, 0.000000
245, 104, 3.533334
245, 105, 2.786647
245, 106, 1.431670
245, 107, 1.905699
245, 108, 0.744162
245, 109, -0.016499
245, 110, 1.799441
245, 111, 0.829240
245, 112, 1.185186
245, 113, 3.551316
245, 114, 1.068332
245, 115, 1.916216
245, 116, 1.568432
245, 117, 2.225859
245, 118, 1.606708
245, 119, 1.334032
245, 120, 2.290500
245, 121, 3.637252
245, 122, 2.491351
245, 123, 0.346461
245, 124, 2.149920
245, 125, 4.281918
245, 126, 0.706638
245, 127, 0.838413
245, 128, 0.518838
245, 129, 0.074872
245, 130, 1.536904
245, 131, 1.749791
245, 132, 1.199875
245, 133, 0.950324
245, 134, 1.165754
245, 135, 0.744959
245, 136, 0.252817
245, 137, 1.757782
245, 138, 0.985482
245, 139, 0.937750
245, 140, 3.485309
245, 141, 2.066542
245, 142, 3.136804
245, 143, 1.924555
245, 144, 1.581656
245, 145, 1.469971
245, 146, 1.966183
245, 147, 3.726799
245, 148, 2.446034
245, 149, 3.525273
245, 150, 1.562608
245, 151, 1.934874
245, 152, 2.251137
245, 153, 0.000000
245, 154, 1.593774
245, 155, 2.280936
245, 156, -0.010000
245, 157, 3.007337
245, 158, 1.991819
245, 159, 1.386248
245, 160, 2.932225
245, 161, 2.030149
245, 162, 3.348500
245, 163, 2.510499
245, 164, 3.356822
245, 165, 2.999760
245, 166, 3.633206
245, 167, 1.409328
245, 168, 0.369980
245, 169, 1.761029
245, 170, 1.509260
245, 171, 2.824872
245, 172, 2.348879
245, 173, 2.692107
245, 174, 1.905331
245, 175, 1.067069
245, 176, 3.356623
245, 177, 2.497162
245, 178, 0.529260
245, 179, 3.023546
245, 180, 3.516019
245, 181, 0.965567
245, 182, 3.132624
245, 183, -0.040000
245, 184, 1.393512
245, 185, 1.880346
245, 186, 3.318288
245, 187, 0.000000
245, 188, 2.709745
245, 189, 3.130064
245, 190, 2.409982
245, 191, 0.717938
245, 192, 2.146219
245, 193, 2.743320
245, 194, 1.537421
245, 195, 1.191828
245, 196, 3.969858
245, 197, 2.309572
245, 198, 2.287235
245, 199, 1.397588
247, 0, 1.554176
247, 1, 1.547395
247, 2, 2.158285
247, 3, 1.150851
247, 4, -0.339888
247, 5, 1.930913
247, 6, 0.000000
247, 7, 1.244126
247, 8, 3.298253
247, 9, 1.717014
247, 10, 1.799201
247, 11, 2.271102
247, 12, 2.594685
247, 13, -0.003852
247, 14, 2.589508
247, 15, 2.210382
247, 16, 1.129258
247, 17, 3.223033
247, 18, 3.588153
247, 19, 2.600032
247, 20, 4.281287
247, 21, 0.436530
247, 22, 2.161510
247, 23, 1.270559
247, 24, 1.065771
247, 25, 2.046121
247, 26, 1.514021
247, 27, 0.812977
247, 28, 1.904417
247, 29, 1.881141
247, 30, 0.668950
247, 31, 2.695487
247, 32, -0.040000
247, 33, 2.814777
247, 34, 2.390018
247, 35, 2.605015
247, 36, 2.045877
247, 37, 1.675693
247, 38, 0.375477
247, 39, 1.573506
247, 40, 2.683111
247, 41, 1.707431
247, 42, 1.011686
247, 43, 1.442728
247, 44, 0.519650
247, 45, 1.420091
247, 46, 2.231627
247, 47, 1.415481
247, 48, 2.577300
247, 49, -0.160065
247, 50, 2.187935
247, 51, 0.700052
247, 52, 1.514256
247, 53, -0.000015
247, 54, 2.736218
247, 55, 3.118734
247, 56, 2.496440
247, 57, 2.945321
247, 58, 0.829374
247, 59, 1.691667
247, 60, 0.000000
247, 61, 1.402721
247, 62, 2.046885
247, 63, 1.722669
247, 64, 2.057648
247, 65, 3.428231
247, 66, 1.750670
247, 67, 2.514823
247, 68, 1.733064
247, 69, 2.742679
247, 70, 2.950716
247, 71, 2.550367
247, 72, 3.799241
247, 73, 3.228952
247, 74, 1.580833
247, 75, 1.934788
247, 76, 1.049166
247, 77, 1.420346
247, 78, 1.827862
247, 79, 2.797782
247, 80, 2.655343
247, 81, 1.782426
247, 82, -0.134904
247, 83, 0.975126
247, 84, 0.939994
247, 85, 2.941765
247, 86, 3.273728
247, 87, 2.346245
247, 88, 1.398646
247, 89, 0.544654
247, 90, 1.203637
247, 91, 1.449825
247, 92, 0.672629
247, 93, 2.675339
247, 94, 1.670324
247, 95, 0.871232
247, 96, 1.687880
247, 97, 4.306553
247, 98, 2.112204
247, 99, 1.159450
247, 100, 0.792004
247, 101, -0.031273
247, 102, 1.675544
247, 103, 0.000000
247, 104, 3.532801
247, 105, 2.789255
247, 106, 1.431670
247, 107, 1.922736
247, 108, 0.744162
247, 109, -0.016499
247, 110, 1.799441
247, 111, 0.828476
247, 112, 1.185186
247, 113, 3.551430
247, 114, 1.068332
247, 115, 1.914614
247, 116, 1.568432
247, 117, 2.225859
247, 118, 1.592434
247, 119, 1.334032
247, 120, 2.290500
247, 121, 3.676602
247, 122, 2.491351
247, 123, 0.346461
247, 124, 2.149920
247, 125, 4.286142
247, 126, 0.740249
247, 127, 0.838413
247, 128, 0.516507
247, 129, 0.074872
247, 130, 1.536904
247, 131, 1.749791
247, 132, 1.199875
247, 133, 0.950325
247, 134, 1.165754
247, 135, 0.744959
247, 136, 0.252817
247, 137, 1.750710
247, 138, 0.985482
247, 139, 0.937750
247, 140, 3.490157
247, 141, 2.066542
247, 142, 3.144340
247, 143, 1.924555
247, 144, 1.581656
247, 145, 1.469971
247, 146, 1.966183
247, 147, 3.775161
247, 148, 2.446034
247, 149, 3.525476
247, 150, 1.562608
247, 151, 1.931126
247, 152, 2.250519
247, 153, 0.000000
247, 154, 1.593774
247, 155, 2.280938
247, 156, -0.010000
247, 157, 3.007338
247, 158, 1.991819
247, 159, 1.386248
247, 160, 2.939627
247, 161, 1.963399
247, 162, 3.365713
247, 163, 2.510499
247, 164, 3.356824
247, 165, 3.000014
247, 166, 3.632814
247, 167, 1.409328
247, 168, 0.369980
247, 169, 1.761294
247, 170, 1.509260
247, 171, 2.825771
247, 172, 2.327432
247, 173, 2.692057
247, 174, 1.924359
247, 175, 1.067069
247, 176, 3.358191
247, 177, 2.489314
247, 178, 0.529260
247, 179, 3.018463
247, 180, 3.507961
247, 181, 0.965567
247, 182, 3.132624
247, 183, -0.040000
247, 184, 1.401349
247, 185, 1.880346
247, 186, 3.340120
247, 187, 0.000000
247, 188, 2.709466
247, 189, 3.152926
247, 190, 2.409982
247, 191, 0.717938
247, 192, 2.154176
247, 193, 2.728066
247, 194, 1.537421
247, 195, 1.192034
247, 196, 3.976997
247, 197, 2.305511
247, 198, 2.287155
247, 199, 1.410369
249, 0, 1.554176
249, 1, 1.547395
249, 2, 2.180299
249, 3, 1.150851
249, 4, -0.339888
249, 5, 1.930886
249, 6, 0.000000
249, 7, 1.244126
249, 8, 3.335164
249, 9, 1.717014
249, 10, 1.799201
249, 11, 2.271102
249, 12, 2.587287
249, 13, -0.003853
249, 14, 2.589520
249, 15, 2.231670
249, 16, 1.129258
249, 17, 3.222767
249, 18, 3.587968
249, 19, 2.600242
249, 20, 4.243619
249, 21, 0.436530
249, 22, 2.161510
249, 23, 1.270559
249, 24, 1.065771
249, 25, 2.046121
249, 26, 1.402937
249, 27, 0.812977
249, 28, 1.905257
249, 29, 1.881290
249, 30, 0.668950
249, 31, 2.672629
249, 32, -0.040000
249, 33, 2.810632
249, 34, 2.265193
249, 35, 2.605690
249, 36, 2.045877
249, 37, 1.683236
249, 38, 0.375477
249, 39, 1.573506
249, 40, 2.683111
249, 41, 1.707796
249, 42, 1.011686
249, 43, 1.442728
249, 44, 0.519650
249, 45, 1.420325
249, 46, 2.249690
249, 47, 1.415481
249, 48, 2.579185
249, 49, -0.160065
249, 50, 2.187935
249, 51, 0.700052
249, 52, 1.514256
249, 53, -0.000015
249, 54, 2.776282
249, 55, 3.122339
249, 56, 2.495924
249, 57, 2.945452
249, 58, 0.829374
249, 59, 1.691667
249, 60, 0.000000
249, 61, 1.402721
249, 62, 2.046886
249, 63, 1.722669
249, 64, 2.057648
249, 65, 3.440898
249, 66, 1.750670
249, 67, 2.514823
249, 68, 1.713842
249, 69, 2.742679
249, 70, 2.937201
249, 71, 2.550369
249, 72, 3.798509
249, 73, 3.226652
249, 74, 1.580833
249, 75, 1.934788
249, 76, 1.049166
249, 77, 1.420346
249, 78, 1.827862
249, 79, 2.797782
249, 80, 2.655247
249, 81, 1.788473
249, 82, -0.134947
249, 83, 1.013733
249, 84, 0.939994
249, 85, 2.941764
249, 86, 3.272131
249, 87, 2.334270
249, 88, 1.398646
249, 89, 0.544654
249, 90, 1.203637
249, 91, 1.451154
249, 92, 0.672629
249, 93, 2.686299
249, 94, 1.663717
249, 95, 0.864448
249, 96, 1.687115
249, 97, 4.290020
249, 98, 2.127303
249, 99, 1.159450
249, 100, 0.792004
249, 101, -0.031273
249, 102, 1.675544
249, 103, 0.000000
249, 104, 3.533320
249, 105, 2.756979
249, 106, 1.431670
249, 107, 1.919930
249, 108, 0.744162
249, 109, -0.016499
249, 110, 1.799441
249, 111, 0.828255
249, 112, 1.185186
249, 113, 3.553563
249, 114, 1.068332
249, 115, 1.914252
249, 116, 1.568432
249, 117, 2.225859
249, 118, 1.579673
249, 119, 1.334032
249, 120, 2.290500
249, 121, 3.663215
249, 122, 2.491351
249, 123, 0.346461
249, 124, 2.149920
249, 125, 4.287031
249, 126, 0.769183
249, 127, 0.838413
249, 128, 0.518233
249, 129, 0.074872
249, 130, 1.536904
249, 131, 1.749791
249, 132, 1.199875
249, 133, 0.950326
249, 134, 1.165754
249, 135, 0.744959
249, 136, 0.252817
249, 137, 1.744154
249, 138, 0.985482
249, 139, 0.937750
249, 140, 3.496648
249, 141, 2.066542
249, 142, 3.154086
249, 143, 1.924555
249, 144, 1.581656
249, 145, 1.469971
249, 146, 1.966183
249, 147, 3.717939
249, 148, 2.446035
249, 149, 3.523893
249, 150, 1.562608
249, 151, 1.937620
249, 152, 2.242729
249, 153, 0.000000
249, 154, 1.593774
249, 155, 2.280939
249, 156, -0.010000
249, 157, 3.007338
249, 158, 1.991819
249, 159, 1.386248
249, 160, 2.945465
249, 161, 2.033644
249, 162, 3.362252
249, 163, 2.510499
249, 164, 3.356825
249, 165, 3.000067
249, 166, 3.621908
249, 167, 1.409328
249, 168, 0.369980
249, 169, 1.761417
249, 170, 1.509260
249, 171, 2.824660
249, 172, 2.348172
249, 173, 2.691798
249, 174, 1.853335
249, 175, 1.067069
249, 176, 3.356623
249, 177, 2.497260
249, 178, 0.529260
249, 179, 3.013192
249, 180, 3.511386
249, 181, 0.965567
249, 182, 3.132624
249, 183, -0.040000
249, 184, 1.401537
249, 185, 1.880346
249, 186, 3.345645
249, 187, 0.000000
249, 188, 2.700953
249, 189, 3.158709
249, 190, 2.409982
249, 191, 0.717938
249, 192, 2.126640
249, 193, 2.741374
249, 194, 1.537421
249, 195, 1.192159
249, 196, 3.971447
249, 197, 2.305511
249, 198, 2.287094
249, 199, 1.421051
251, 0, 1.554176
251, 1, 1.547395
251, 2, 2.189286
251, 3, 1.150848
251, 4, -0.339888
251, 5, 1.930144
251, 6, 0.000000
251, 7, 1.244126
251, 8, 3.337133
251, 9, 1.717014
251, 10, 1.799200
251, 11, 2.271102
251, 12, 2.581131
251, 13, -0.003852
251, 14, 2.589520
251, 15, 2.315057
251, 16, 1.129258
251, 17, 3.227188
251, 18, 3.587255
251, 19, 2.593091
251, 20, 4.287745
251, 21, 0.436530
251, 22, 2.164887
251, 23, 1.270559
251, 24, 1.065771
251, 25, 2.046121
251, 26, 1.306029
251, 27, 0.812977
251, 28, 1.905538
251, 29, 1.883437
251, 30, 0.668950
251, 31, 2.668156
251, 32, -0.040000
251, 33, 2.809340
251, 34, 2.345442
251, 35, 2.606182
251, 36, 2.045877
251, 37, 1.709831
251, 38, 0.375477
251, 39, 1.573506
251, 40, 2.683111
251, 41, 1.708111
251, 42, 1.011686
251, 43, 1.442728
251, 44, 0.519650
251, 45, 1.422227
251, 46, 2.255493
251, 47, 1.415481
251, 48, 2.588022
251, 49, -0.160065
251, 50, 2.187935
251, 51, 0.700052
251, 52, 1.514256
251, 53, -0.000015
251, 54, 2.728220
251, 55, 3.122498
251, 56, 2.493611
251, 57, 2.945576
251, 58, 0.829374
251, 59, 1.691667
251, 60, 0.000000
251, 61, 1.402721
251, 62, 2.046886
251, 63, 1.722669
251, 64, 2.057648
251, 65, 3.427701
251, 66, 1.750670
251, 67, 2.514823
251, 68, 1.709434
251, 69, 2.718495
251, 70, 2.952602
251, 71, 2.550369
251, 72, 3.799343
251, 73, 3.223197
251, 74, 1.580833
251, 75, 1.934788
251, 76, 1.049166
251, 77, 1.420346
251, 78, 1.808368
251, 79, 2.797783
251, 80, 2.655192
251, 81, 1.783416
251, 82, -0.140480
251, 83, 1.031896
251, 84, 0.939994
251, 85, 2.941765
251, 86, 3.255609
251, 87, 2.334270
251, 88, 1.398646
251, 89, 0.544654
251, 90, 1.203637
251, 91, 1.479768
251, 92, 0.672629
251, 93, 2.687625
251, 94, 1.670871
251, 95, 0.854830
251, 96, 1.684703
251, 97, 4.305615
251, 98, 2.131262
251, 99, 1.159450
251, 100, 0.792004
251, 101, -0.031273
251, 102, 1.675544
251, 103, 0.000000
251, 104, 3.532213
251, 105, 2.749154
251, 106, 1.431670
251, 107, 1.897735
251, 108, 0.744162
251, 109, -0.016499
251, 110, 1.799441
251, 111, 0.828572
251, 112, 1.185186
251, 113, 3.554870
251, 114, 1.068332
251, 115, 1.909619
251, 116, 1.568432
251, 117, 2.225859
251, 118, 1.570845
251, 119, 1.334032
251, 120, 2.290500
251, 121, 3.697200
251, 122, 2.491351
251, 123, 0.346461
251, 124, 2.149920
251, 125, 4.287296
251, 126, 0.794343
251, 127, 0.838413
251, 128, 0.519582
251, 129, 0.074872
251, 130, 1.536905
251, 131, 1.749791
251, 132, 1.199875
251, 133, 0.950326
251, 134, 1.165754
251, 135, 0.744959
251, 136, 0.252817
251, 137, 1.738024
251, 138, 0.985482
251, 139, 0.937750
251, 140, 3.496067
251, 141, 2.066542
251, 142, 3.154594
251, 143, 1.924555
251, 144, 1.581656
251, 145, 1.469971
251, 146, 1.966183
251, 147, 3.757190
251, 148, 2.446034
251, 149, 3.525415
251, 150, 1.562608
251, 151, 1.933634
251, 152, 2.239827
251, 153, 0.000000
251, 154, 1.593774
251, 155, 2.280938
251, 156, -0.010000
251, 157, 3.008085
251, 158, 1.991819
251, 159, 1.389599
251, 160, 2.947375
251, 161, 2.064817
251, 162, 3.309093
251, 163, 2.510499
251, 164, 3.356825
251, 165, 3.000659
251, 166, 3.628812
251, 167, 1.409328
251, 168, 0.369980
251, 169, 1.761453
251, 170, 1.509260
251, 171, 2.825312
251, 172, 2.343741
251, 173, 2.702362
251, 174, 1.827917
251, 175, 1.067069
251, 176, 3.356647
251, 177, 2.500661
251, 178, 0.529260
251, 179, 3.018499
251, 180, 3.512517
251, 181, 0.965567
251, 182, 3.132624
251, 183, -0.040000
251, 184, 1.406477
251, 185, 1.880346
251, 186, 3.351550
251, 187, 0.000000
251, 188, 2.710284
251, 189, 3.082143
251, 190, 2.409982
251, 191, 0.717938
251, 192, 2.150642
251, 193, 2.742651
251, 194, 1.537419
251, 195, 1.192229
251, 196, 3.982761
251, 197, 2.305511
251, 198, 2.287037
251, 199, 1.425669
253, 0, 1.554176
253, 1, 1.547395
253, 2, 2.198968
253, 3, 1.150853
253, 4, -0.339888
253, 5, 1.932296
253, 6, 0.000000
253, 7, 1.244126
253, 8, 3.309906
253, 9, 1.717014
253, 10, 1.799201
253, 11, 2.271102
253, 12, 2.574115
253, 13, -0.003852
253, 14, 2.587698
253, 15, 2.382858
253, 16, 1.129258
253, 17, 3.228812
253, 18, 3.588906
253, 19, 2.593091
253, 20, 4.273373
253, 21, 0.436530
253, 22, 2.161510
253, 23, 1.270559
253, 24, 1.065771
253, 25, 2.046121
253, 26, 1.345965
253, 27, 0.812977
253, 28, 1.905969
253, 29, 1.881499
253, 30, 0.668950
253, 31, 2.662991
253, 32, -0.040000
253, 33, 2.808140
253, 34, 2.373884
253, 35, 2.605148
253, 36, 2.045877
253, 37, 1.717601
253, 38, 0.375477
253, 39, 1.573506
253, 40, 2.683111
253, 41, 1.708389
253, 42, 1.011686
253, 43, 1.442728
253, 44, 0.519650
253, 45, 1.420508
253, 46, 2.241059
253, 47, 1.415481
253, 48, 2.589619
253, 49, -0.160065
253, 50, 2.187935
253, 51, 0.700052
253, 52, 1.514256
253, 53, -0.000015
253, 54, 2.741429
253, 55, 3.128219
253, 56, 2.493233
253, 57, 2.944800
253, 58, 0.829374
253, 59, 1.691667
253, 60, 0.000000
253, 61, 1.402721
253, 62, 2.046886
253, 63, 1.722669
253, 64, 2.057648
253, 65, 3.438225
253, 66, 1.750670
253, 67, 2.514823
253, 68, 1.707589
253, 69, 2.719158
253, 70, 2.952007
253, 71, 2.550370
253, 72, 3.799320
253, 73, 3.220794
253, 74, 1.580833
253, 75, 1.934788
253, 76, 1.049166
253, 77, 1.420346
253, 78, 1.808368
253, 79, 2.797782
253, 80, 2.655749
253, 81, 1.794561
253, 82, -0.139037
253, 83, 1.066091
253, 84, 0.939994
253, 85, 2.941765
253, 86, 3.283399
253, 87, 2.334270
253, 88, 1.398646
253, 89, 0.544654
253, 90, 1.203636
253, 91, 1.450026
253, 92, 0.672629
253, 93, 2.688664
253, 94, 1.671039
253, 95, 0.847649
253, 96, 1.675195
253, 97, 4.300905
253, 98, 2.143820
253, 99, 1.159450
253, 100, 0.792004
253, 101, -0.031273
253, 102, 1.675544
253, 103, 0.000000
253, 104, 3.530944
253, 105, 2.742085
253, 106, 1.431670
253, 107, 1.888314
253, 108, 0.744162
253, 109, -0.016499
253, 110, 1.799441
253, 111, 0.829114
253, 112, 1.185186
253, 113, 3.554476
253, 114, 1.068332
253, 115, 1.895838
253, 116, 1.568432
253, 117, 2.225859
253, 118, 1.562872
253, 119, 1.334032
253, 120, 2.290500
253, 121, 3.586279
253, 122, 2.491351
253, 123, 0.346461
253, 124, 2.149920
253, 125, 4.265299
253, 126, 0.816532
253, 127, 0.838413
253, 128, 0.519686
253, 129, 0.074872
253, 130, 1.536904
253, 131, 1.749791
253, 132, 1.199875
253, 133, 0.950326
253, 134, 1.165754
253, 135, 0.744959
253, 136, 0.252817
253, 137, 1.732296
253, 138, 0.985482
253, 139, 0.937750
253, 140, 3.502177
253, 141, 2.066542
253, 142, 3.140990
253, 143, 1.924555
253, 144, 1.581656
253, 145, 1.469971
253, 146, 1.966183
253, 147, 3.713539
253, 148, 2.446035
253, 149, 3.524919
253, 150, 1.562608
253, 151, 1.930956
253, 152, 2.232929
253, 153, 0.000000
253, 154, 1.593774
253, 155, 2.280938
253, 156, -0.010000
253, 157, 3.018920
253, 158, 1.991819
253, 159, 1.389599
253, 160, 2.946220
253, 161, 2.047420
253, 162, 3.331572
253, 163, 2.511419
253, 164, 3.360066
253, 165, 2.998244
253, 166, 3.630870
253, 167, 1.409328
253, 168, 0.369980
253, 169, 1.761223
253, 170, 1.509260
253, 171, 2.824920
253, 172, 2.349657
253, 173, 2.705815
253, 174, 1.882790
253, 175, 1.067069
253, 176, 3.361753
253, 177, 2.495493
253, 178, 0.529260
253, 179, 3.022430
253, 180, 3.512897
253, 181, 0.965567
253, 182, 3.132624
253, 183, -0.040000
253, 184, 1.404314
253, 185, 1.880346
253, 186, 3.338323
253, 187, 0.000000
253, 188, 2.706656
253, 189, 3.108732
253, 190, 2.409982
253, 191, 0.717938
253, 192, 2.139348
253, 193, 2.734178
253, 194, 1.537420
253, 195, 1.192277
253, 196, 3.959491
253, 197, 2.306804
253, 198, 2.286991
253, 199, 1.433583
255, 0, 1.554176
255, 1, 1.547395
255, 2, 2.241358
255, 3, 1.150855
255, 4, -0.339888
255, 5, 1.936216
255, 6, 0.000000
255, 7, 1.244126
255, 8, 3.321040
255, 9, 1.717014
255, 10, 1.799201
255, 11, 2.271102
255, 12, 2.563226
255, 13, -0.003852
255, 14, 2.589725
255, 15, 2.398977
255, 16, 1.129258
255, 17, 3.228925
255, 18, 3.585482
255, 19, 2.593091
255, 20, 4.289969
255, 21, 0.436530
255, 22, 2.161510
255, 23, 1.270559
255, 24, 1.065771
255, 25, 2.046121
255, 26, 1.399870
255, 27, 0.812977
255, 28, 1.906242
255, 29, 1.878509
255, 30, 0.668950
255, 31, 2.656431
255, 32, -0.040000
255, 33, 2.804775
255, 34, 2.322875
255, 35, 2.605195
255, 36, 2.045877
255, 37, 1.718110
255, 38, 0.375477
255, 39, 1.573506
255, 40, 2.683111
255, 41, 1.708457
255, 42, 1.011686
255, 43, 1.442728
255, 44, 0.519650
255, 45, 1.416596
255, 46, 2.231792
255, 47, 1.415481
255, 48, 2.590655
255, 49, -0.160065
255, 50, 2.187935
255, 51, 0.700052
255, 52, 1.514256
255, 53, -0.000015
255, 54, 2.715922
255, 55, 3.131817
255, 56, 2.495615
255, 57, 2.945102
255, 58, 0.829374
255, 59, 1.691667
255, 60, 0.000000
255, 61, 1.402721
255, 62, 2.046886
255, 63, 1.722669
255, 64, 2.057648
255, 65, 3.434899
255, 66, 1.750670
255, 67, 2.514823
255, 68, 1.706342
255, 69, 2.719158
255, 70, 2.950040
255, 71, 2.550370
255, 72, 3.799169
255, 73, 3.217080
255, 74, 1.580833
255, 75, 1.934788
255, 76, 1.049166
255, 77, 1.420346
255, 78, 1.808368
255, 79, 2.797782
255, 80, 2.656621
255, 81, 1.735651
255, 82, -0.136000
255, 83, 1.097624
255, 84, 0.939994
255, 85, 2.941764
255, 86, 3.287491
255, 87, 2.334270
255, 88, 1.398646
255, 89, 0.544654
255, 90, 1.203634
255, 91, 1.438671
255, 92, 0.672629
255, 93, 2.665123
255, 94, 1.669372
255, 95, 0.858655
255, 96, 1.667809
255, 97, 4.305418
255, 98, 2.153157
255, 99, 1.159450
255, 100, 0.792004
255, 101, -0.031273
255, 102, 1.675544
255, 103, 0.000000
255, 104, 3.532205
255, 105, 2.749148
255, 106, 1.431670
255, 107, 1.905970
255, 108, 0.744162
255, 109, -0.016499
255, 110, 1.799441
255, 111, 0.829992
255, 112, 1.185186
255, 113, 3.541299
255, 114, 1.068332
255, 115, 1.884094
255, 116, 1.568432
255, 117, 2.225859
255, 118, 1.556167
255, 119, 1.334032
255, 120, 2.290500
255, 121, 3.652031
255, 122, 2.491351
255, 123, 0.346461
255, 124, 2.149919
255, 125, 4.284176
255, 126, 0.839707
255, 127, 0.838413
255, 128, 0.516194
255, 129, 0.074872
255, 130, 1.536904
255, 131, 1.749791
255, 132, 1.199875
255, 133, 0.950326
255, 134, 1.165754
255, 135, 0.744959
255, 136, 0.252817
255, 137, 1.727914
255, 138, 0.985482
255, 139, 0.937750
255, 140, 3.507023
255, 141, 2.066542
255, 142, 3.140587
255, 143, 1.924555
255, 144, 1.581656
255, 145, 1.469971
255, 146, 1.966183
255, 147, 3.761677
255, 148, 2.446034
255, 149, 3.525434
255, 150, 1.562608
255, 151, 1.932902
255, 152, 2.222631
255, 153, 0.000000
255, 154, 1.593774
255, 155, 2.280939
255, 156, -0.010000
255, 157, 3.012174
255, 158, 1.991819
255, 159, 1.386248
255, 160, 2.941115
255, 161, 2.064095
255, 162, 3.329064
255, 163, 2.511419
255, 164, 3.356805
255, 165, 2.997528
255, 166, 3.629883
255, 167, 1.409328
255, 168, 0.369980
255, 169, 1.761660
255, 170, 1.509260
255, 171, 2.823926
255, 172, 2.343713
255, 173, 2.707870
255, 174, 1.909945
255, 175, 1.067069
255, 176, 3.361753
255, 177, 2.500930
255, 178, 0.529260
255, 179, 3.023333
255, 180, 3.476433
255, 181, 0.965567
255, 182, 3.132624
255, 183, -0.040000
255, 184, 1.400604
255, 185, 1.880346
255, 186, 3.351436
255, 187, 0.000000
255, 188, 2.713956
255, 189, 3.096980
255, 190, 2.409982
255, 191, 0.717938
255, 192, 2.161625
255, 193, 2.741464
255, 194, 1.537421
255, 195, 1.192306
255, 196, 3.983096
255, 197, 2.308860
255, 198, 2.287098
255, 199, 1.439877
257, 0, 1.554176
257, 1, 1.547396
257, 2, 2.214745
257, 3, 1.150857
257, 4, -0.339888
257, 5, 1.938590
257, 6, 0.000000
257, 7, 1.244126
257, 8, 3.316458
257, 9, 1.717014
257, 10, 1.799201
257, 11, 2.271102
257, 12, 2.554663
257, 13, -0.003852
257, 14, 2.590487
257, 15, 2.304425
257, 16, 1.129258
257, 17, 3.218366
257, 18, 3.588083
257, 19, 2.593091
257, 20, 4.218430
257, 21, 0.436530
257, 22, 2.161510
257, 23, 1.270559
257, 24, 1.065771
257, 25, 2.046121
257, 26, 1.437562
257, 27, 0.812977
257, 28, 1.906416
257, 29, 1.878209
257, 30, 0.668950
257, 31, 2.629294
257, 32, -0.040000
257, 33, 2.803028
257, 34, 2.384682
257, 35, 2.606013
257, 36, 2.046911
257, 37, 1.756798
257, 38, 0.375477
257, 39, 1.573506
257, 40, 2.683111
257, 41, 1.708449
257, 42, 1.011686
257, 43, 1.442728
257, 44, 0.519650
257, 45, 1.416344
257, 46, 2.258173
257, 47, 1.415481
257, 48, 2.591520
257, 49, -0.160065
257, 50, 2.187935
257, 51, 0.700052
257, 52, 1.514256
257, 53, -0.000015
257, 54, 2.735537
257, 55, 3.133693
257, 56, 2.501302
257, 57, 2.945609
257, 58, 0.829374
257, 59, 1.691667
257, 60, 0.000000
257, 61, 1.402721
257, 62, 2.046886
257, 63, 1.722669
257, 64, 2.057648
257, 65, 3.442409
257, 66, 1.750670
257, 67, 2.514823
257, 68, 1.689563
257, 69, 2.719158
257, 70, 2.955108
257, 71, 2.550370
257, 72, 3.798316
257, 73, 3.214195
257, 74, 1.580833
257, 75, 1.934788
257, 76, 1.049166
257, 77, 1.420346
257, 78, 1.808368
257, 79, 2.797782
257, 80, 2.673701
257, 81, 1.754054
257, 82, -0.135674
257, 83, 1.126697
257, 84, 0.939994
257, 85, 2.945124
257, 86, 3.287112
257, 87, 2.334270
257, 88, 1.398646
257, 89, 0.544654
257, 90, 1.203632
257, 91, 1.438035
257, 92, 0.672629
257, 93, 2.681216
257, 94, 1.672142
257, 95, 0.860627
257, 96, 1.671508
257, 97, 4.261843
257, 98, 2.119988
257, 99, 1.159450
257, 100, 0.792004
257, 101, -0.031273
257, 102, 1.675544
257, 103, 0.000000
257, 104, 3.530828
257, 105, 2.741473
257, 106, 1.431670
257, 107, 1.912517
257, 108, 0.744162
257, 109, -0.016499
257, 110, 1.771988
257, 111, 0.831575
257, 112, 1.185186
257, 113, 3.554273
257, 114, 1.068332
257, 115, 1.872070
257, 116, 1.568432
257, 117, 2.225859
257, 118, 1.551697
257, 119, 1.334032
257, 120, 2.290500
257, 121, 3.670734
257, 122, 2.491351
257, 123, 0.346461
257, 124, 2.149920
257, 125, 4.289704
257, 126, 0.857350
257, 127, 0.838413
257, 128, 0.516194
257, 129, 0.074872
257, 130, 1.536904
257, 131, 1.749791
257, 132, 1.199875
257, 133, 0.950327
257, 134, 1.165754
257, 135, 0.744959
257, 136, 0.252817
257, 137, 1.722683
257, 138, 0.985482
257, 139, 0.937750
257, 140, 3.511865
257, 141, 2.066542
257, 142, 3.142416
257, 143, 1.924555
257, 144, 1.581656
257, 145, 1.469971
257, 146, 1.966183
257, 147, 3.749306
257, 148, 2.446034
257, 149, 3.525395
257, 150, 1.562608
257, 151, 1.930558
257, 152, 2.215092
257, 153, 0.000000
257, 154, 1.593774
257, 155, 2.280939
257, 156, -0.010000
257, 157, 3.007288
257, 158, 1.991819
257, 159, 1.386248
257, 160, 2.905783
257, 161, 2.030846
257, 162, 3.317156
257, 163, 2.511419
257, 164, 3.356827
257, 165, 2.997647
257, 166, 3.618176
257, 167, 1.409328
257, 168, 0.369980
257, 169, 1.762048
257, 170, 1.509260
257, 171, 2.823915
257, 172, 2.343233
257, 173, 2.711832
257, 174, 1.790193
257, 175, 1.067069
257, 176, 3.356663
257, 177, 2.491955
257, 178, 0.529260
257, 179, 3.017507
257, 180, 3.512770
257, 181, 0.965567
257, 182, 3.132624
257, 183, -0.040000
257, 184, 1.393524
257, 185, 1.880346
257, 186, 3.359071
257, 187, 0.000000
257, 188, 2.724544
257, 189, 3.122417
257, 190, 2.409982
257, 191, 0.717938
257, 192, 2.149874
257, 193, 2.743242
257, 194, 1.537421
257, 195, 1.192324
257, 196, 3.981166
257, 197, 2.308860
257, 198, 2.287056
257, 199, 1.444714
259, 0, 1.502488
259, 1, 1.547395
259, 2, 2.263440
259, 3, 1.150858
259, 4, -0.339888
259, 5, 1.951364
259, 6, 0.000000
259, 7, 1.244126
259, 8, 3.299008
259, 9, 1.717014
259, 10, 1.799201
259, 11, 2.271102
259, 12, 2.548841
259, 13, -0.003852
259, 14, 2.590677
259, 15, 2.337892
259, 16, 1.129258
259, 17, 3.228580
259, 18, 3.587180
259, 19, 2.613042
259, 20, 4.290983
259, 21, 0.436530
259, 22, 2.161510
259, 23, 1.270559
259, 24, 1.065771
259, 25, 2.046121
259, 26, 1.408973
259, 27, 0.812977
259, 28, 1.905658
259, 29, 1.876593
259, 30, 0.668950
259, 31, 2.624514
259, 32, -0.040000
259, 33, 2.800895
259, 34, 2.400941
259, 35, 2.606333
259, 36, 2.054476
259, 37, 1.763247
259, 38, 0.375477
259, 39, 1.573506
259, 40, 2.683111
259, 41, 1.708576
259, 42, 1.011686
259, 43, 1.442728
259, 44, 0.519650
259, 45, 1.414373
259, 46, 2.266691
259, 47, 1.415481
259, 48, 2.591928
259, 49, -0.160065
259, 50, 2.187935
259, 51, 0.700052
259, 52, 1.514256
259, 53, -0.000015
259, 54, 2.781178
259, 55, 3.138426
259, 56, 2.498406
259, 57, 2.945833
259, 58, 0.829374
259, 59, 1.691667
259, 60, 0.000000
259, 61, 1.402721
259, 62, 2.046885
259, 63, 1.722669
259, 64, 2.057648
259, 65, 3.422394
259, 66, 1.750670
259, 67, 2.514823
259, 68, 1.691556
259, 69, 2.719158
259, 70, 2.954810
259, 71, 2.582035
259, 72, 3.798969
259, 73, 3.212066
259, 74, 1.580833
259, 75, 1.934788
259, 76, 1.049166
259, 77, 1.420346
259, 78, 1.808368
259, 79, 2.797782
259, 80, 2.676794
259, 81, 1.785308
259, 82, -0.134510
259, 83, 1.153492
259, 84, 0.939994
259, 85, 2.945321
259, 86, 3.298105
259, 87, 2.334270
259, 88, 1.398646
259, 89, 0.544654
259, 90, 1.203631
259, 91, 1.424576
259, 92, 0.672629
259, 93, 2.706608
259, 94, 1.663975
259, 95, 0.833591
259, 96, 1.682687
259, 97, 4.305529
259, 98, 2.126774
259, 99, 1.159450
259, 100, 0.792004
259, 101, -0.031273
259, 102, 1.675544
259, 103, 0.000000
259, 104, 3.527714
259, 105, 2.727667
259, 106, 1.431670
259, 107, 1.927040
259, 108, 0.744162
259, 109, -0.016499
259, 110, 1.771988
259, 111, 0.833403
259, 112, 1.185186
259, 113, 3.551353
259, 114, 1.068332
259, 115, 1.861882
259, 116, 1.568432
259, 117, 2.225859
259, 118, 1.547703
259, 119, 1.334032
259, 120, 2.290500
259, 121, 3.646883
259, 122, 2.491351
259, 123, 0.346461
259, 124, 2.149920
259, 125, 4.284715
259, 126, 0.873214
259, 127, 0.838413
259, 128, 0.516194
259, 129, 0.074872
259, 130, 1.536904
259, 131, 1.749791
259, 132, 1.199875
259, 133, 0.933588
259, 134, 1.165754
259, 135, 0.744959
259, 136, 0.252817
259, 137, 1.717752
259, 138, 0.985482
259, 139, 0.937750
259, 140, 3.508877
259, 141, 2.066542
259, 142, 3.148936
259, 143, 1.924555
259, 144, 1.581656
259, 145, 1.469971
259, 146, 1.966183
259, 147, 3.773855
259, 148, 2.446034
259, 149, 3.525076
259, 150, 1.562608
259, 151, 1.931021
259, 152, 2.205823
259, 153, 0.000000
259, 154, 1.593774
259, 155, 2.280939
259, 156, -0.010000
259, 157, 3.006473
259, 158, 1.991819
259, 159, 1.392502
259, 160, 2.935719
259, 161, 2.024768
259, 162, 3.324659
259, 163, 2.511419
259, 164, 3.356829
259, 165, 2.993832
259, 166, 3.626359
259, 167, 1.409328
259, 168, 0.369980
259, 169, 1.762358
259, 170, 1.509260
259, 171, 2.823554
259, 172, 2.345050
259, 173, 2.712817
259, 174, 1.738465
259, 175, 1.067069
259, 176, 3.358481
259, 177, 2.485044
259, 178, 0.529260
259, 179, 3.020094
259, 180, 3.505866
259, 181, 0.965567
259, 182, 3.132624
259, 183, -0.040000
259, 184, 1.391346
259, 185, 1.880346
259, 186, 3.366002
259, 187, 0.000000
259, 188, 2.717361
259, 189, 3.138361
259, 190, 2.409982
259, 191, 0.717938
259, 192, 2.142043
259, 193, 2.742605
259, 194, 1.537421
259, 195, 1.192324
259, 196, 3.981313
259, 197, 2.321178
259, 198, 2.286991
259, 199, 1.448239
261, 0, 1.502488
261, 1, 1.547395
261, 2, 2.209416
261, 3, 1.150856
261, 4, -0.339888
261, 5, 1.953187
261, 6, 0.000000
261, 7, 1.244126
261, 8, 3.309158
261, 9, 1.717014
261, 10, 1.799200
261, 11, 2.271102
261, 12, 2.547441
261, 13, -0.003852
261, 14, 2.590718
261, 15, 2.396759
261, 16, 1.129258
261, 17, 3.223351
261, 18, 3.586601
261, 19, 2.593091
261, 20, 4.286486
261, 21, 0.436530
261, 22, 2.161510
261, 23, 1.270559
261, 24, 1.065771
261, 25, 2.046121
261, 26, 1.447802
261, 27, 0.812977
261, 28, 1.934129
261, 29, 1.879128
261, 30, 0.668950
261, 31, 2.623231
261, 32, -0.040000
261, 33, 2.799512
261, 34, 2.376352
261, 35, 2.606492
261, 36, 2.058957
261, 37, 1.809602
261, 38, 0.375477
261, 39, 1.573506
261, 40, 2.683111
261, 41, 1.708705
261, 42, 1.011686
261, 43, 1.442728
261, 44, 0.519650
261, 45, 1.417487
261, 46, 2.279787
261, 47, 1.415481
261, 48, 2.592489
261, 49, -0.160065
261, 50, 2.187935
261, 51, 0.700052
261, 52, 1.514256
261, 53, -0.000015
261, 54, 2.723574
261, 55, 3.139539
261, 56, 2.518390
261, 57, 2.945982
261, 58, 0.829374
261, 59, 1.691667
261, 60, 0.000000
261, 61, 1.402721
261, 62, 2.046886
261, 63, 1.722669
261, 64, 2.057648
261, 65, 3.462330
261, 66, 1.750670
261, 67, 2.514823
261, 68, 1.707958
261, 69, 2.719158
261, 70, 2.954950
261, 71, 2.581768
261, 72, 3.798213
261, 73, 3.211022
261, 74, 1.580833
261, 75, 1.934788
261, 76, 1.049166
261, 77, 1.420346
261, 78, 1.808368
261, 79, 2.797783
261, 80, 2.677821
261, 81, 1.763444
261, 82, -0.133297
261, 83, 1.177531
261, 84, 0.939994
261, 85, 2.945399
261, 86, 3.277455
261, 87, 2.351242
261, 88, 1.398646
261, 89, 0.544654
261, 90, 1.203631
261, 91, 1.440514
261, 92, 0.672629
261, 93, 2.701166
261, 94, 1.674498
261, 95, 0.815526
261, 96, 1.689648
261, 97, 4.306284
261, 98, 2.131900
261, 99, 1.159450
261, 100, 0.792004
261, 101, -0.031273
261, 102, 1.675544
261, 103, 0.000000
261, 104, 3.532924
261, 105, 2.787253
261, 106, 1.431670
261, 107, 1.924259
261, 108, 0.744162
261, 109, -0.016499
261, 110, 1.771988
261, 111, 0.835162
261, 112, 1.185186
261, 113, 3.554511
261, 114, 1.068332
261, 115, 1.854077
261, 116, 1.568432
261, 117, 2.225859
261, 118, 1.546046
261, 119, 1.334032
261, 120, 2.290499
261, 121, 3.669072
261, 122, 2.491351
261, 123, 0.346461
261, 124, 2.149922
261, 125, 4.289577
261, 126, 0.887723
261, 127, 0.838413
261, 128, 0.516194
261, 129, 0.074872
261, 130, 1.536904
261, 131, 1.749791
261, 132, 1.199875
261, 133, 0.922850
261, 134, 1.165754
261, 135, 0.744959
261, 136, 0.252817
261, 137, 1.713136
261, 138, 0.985482
261, 139, 0.937750
261, 140, 3.514543
261, 141, 2.066354
261, 142, 3.155876
261, 143, 1.924555
261, 144, 1.581656
261, 145, 1.469971
261, 146, 1.966183
261, 147, 3.758472
261, 148, 2.446033
261, 149, 3.525373
261, 150, 1.562608
261, 151, 1.930201
261, 152, 2.197465
261, 153, 0.000000
261, 154, 1.593774
261, 155, 2.280996
261, 156, -0.010000
261, 157, 3.007206
261, 158, 1.991819
261, 159, 1.397466
261, 160, 2.913258
261, 161, 2.049906
261, 162, 3.329545
261, 163, 2.511419
261, 164, 3.356830
261, 165, 2.996984
261, 166, 3.615302
261, 167, 1.409328
261, 168, 0.369980
261, 169, 1.762536
261, 170, 1.509260
261, 171, 2.823474
261, 172, 2.351755
261, 173, 2.713106
261, 174, 1.712389
261, 175, 1.067069
261, 176, 3.356663
261, 177, 2.486687
261, 178, 0.529260
261, 179, 3.022460
261, 180, 3.514840
261, 181, 0.965567
261, 182, 3.132624
261, 183, -0.040000
261, 184, 1.368001
261, 185, 1.880346
261, 186, 3.366432
261, 187, 0.000000
261, 188, 2.730678
261, 189, 3.070313
261, 190, 2.409982
261, 191, 0.717938
261, 192, 2.163877
261, 193, 2.743441
261, 194, 1.537422
261, 195, 1.192315
261, 196, 3.982637
261, 197, 2.313908
261, 198, 2.286926
261, 199, 1.450535
263, 0, 1.502488
263, 1, 1.547395
263, 2, 2.214008
263, 3, 1.150857
263, 4, -0.339888
263, 5, 1.948977
263, 6, 0.000000
263, 7, 1.244126
263, 8, 3.285671
263, 9, 1.717014
263, 10, 1.799201
263, 11, 2.271102
263, 12, 2.537686
263, 13, -0.003852
263, 14, 2.590118
263, 15, 2.430651
263, 16, 1.129258
263, 17, 3.228781
263, 18, 3.588770
263, 19, 2.593091
263, 20, 4.272748
263, 21, 0.436530
263, 22, 2.161510
263, 23, 1.270559
263, 24, 1.065771
263, 25, 2.046121
263, 26, 1.398125
263, 27, 0.812977
263, 28, 1.952734
263, 29, 1.880411
263, 30, 0.668950
263, 31, 2.615270
263, 32, -0.040000
263, 33, 2.798594
263, 34, 2.383883
263, 35, 2.606141
263, 36, 2.062018
263, 37, 1.715174
263, 38, 0.375477
263, 39, 1.573506
263, 40, 2.683111
263, 41, 1.708967
263, 42, 1.011686
263, 43, 1.442728
263, 44, 0.519650
263, 45, 1.418612
263, 46, 2.294796
263, 47, 1.415481
263, 48, 2.592681
263, 49, -0.160065
263, 50, 2.187935
263, 51, 0.700052
263, 52, 1.514256
263, 53, -0.000015
263, 54, 2.738764
263, 55, 3.144336
263, 56, 2.508788
263, 57, 2.945811
263, 58, 0.829374
263, 59, 1.691667
263, 60, 0.000000
263, 61, 1.402721
263, 62, 2.046886
263, 63, 1.722669
263, 64, 2.057648
263, 65, 3.448086
263, 66, 1.750670
263, 67, 2.514823
263, 68, 1.700902
263, 69, 2.719686
263, 70, 2.955138
263, 71, 2.584196
263, 72, 3.798916
263, 73, 3.207737
263, 74, 1.580833
263, 75, 1.934788
263, 76, 1.049166
263, 77, 1.420346
263, 78, 1.808368
263, 79, 2.797782
263, 80, 2.674886
263, 81, 1.793493
263, 82, -0.133999
263, 83, 1.193446
263, 84, 0.939994
263, 85, 2.945431
263, 86, 3.289675
263, 87, 2.347080
263, 88, 1.398646
263, 89, 0.544654
263, 90, 1.203632
263, 91, 1.430823
263, 92, 0.672629
263, 93, 2.670481
263, 94, 1.674229
263, 95, 0.852049
263, 96, 1.653150
263, 97, 4.301345
263, 98, 2.134232
263, 99, 1.159450
263, 100, 0.792004
263, 101, -0.031273
263, 102, 1.675544
263, 103, 0.000000
263, 104, 3.533348
263, 105, 2.785420
263, 106, 1.431670
263, 107, 1.934085
263, 108, 0.744162
263, 109, -0.016499
263, 110, 1.771988
263, 111, 0.837407
263, 112, 1.185186
263, 113, 3.552406
263, 114, 1.068332
263, 115, 1.849517
263, 116, 1.568432
263, 117, 2.225859
263, 118, 1.543509
263, 119, 1.334032
263, 120, 2.290499
263, 121, 3.647501
263, 122, 2.491351
263, 123, 0.346461
263, 124, 2.149922
263, 125, 4.284943
263, 126, 0.902402
263, 127, 0.838413
263, 128, 0.516194
263, 129, 0.074872
263, 130, 1.536904
263, 131, 1.749791
263, 132, 1.199875
263, 133, 0.915961
263, 134, 1.165754
263, 135, 0.744959
263, 136, 0.252817
263, 137, 1.709365
263, 138, 0.985482
263, 139, 0.937750
263, 140, 3.519469
263, 141, 2.066354
263, 142, 3.160691
263, 143, 1.924555
263, 144, 1.581656
263, 145, 1.469971
263, 146, 1.966183
263, 147, 3.707525
263, 148, 2.446034
263, 149, 3.524986
263, 150, 1.562608
263, 151, 1.930374
263, 152, 2.186116
263, 153, 0.000000
263, 154, 1.593774
263, 155, 2.281037
263, 156, -0.010000
263, 157, 3.007252
263, 158, 1.991819
263, 159, 1.395698
263, 160, 2.937089
263, 161, 1.973198
263, 162, 3.331737
263, 163, 2.511419
263, 164, 3.357922
263, 165, 2.997577
263, 166, 3.624438
263, 167, 1.409328
263, 168, 0.369980
263, 169, 1.762399
263, 170, 1.509260
263, 171, 2.823475
263, 172, 2.322429
263, 173, 2.712981
263, 174, 1.765043
263, 175, 1.067069
263, 176, 3.358313
263, 177, 2.485523
263, 178, 0.529260
263, 179, 3.021188
263, 180, 3.503273
263, 181, 0.965567
263, 182, 3.132624
263, 183, -0.040000
263, 184, 1.337517
263, 185, 1.880346
263, 186, 3.363039
263, 187, 0.000000
263, 188, 2.724850
263, 189, 3.097821
263, 190, 2.409982
263, 191, 0.717938
263, 192, 2.140445
263, 193, 2.743901
263, 194, 1.537422
263, 195, 1.192316
263, 196, 3.956603
263, 197, 2.319274
263, 198, 2.286867
263, 199, 1.451547
265, 0, 1.502488
265, 1, 1.547395
265, 2, 2.156034
265, 3, 1.150858
265, 4, -0.339888
265, 5, 1.949535
265, 6, 0.000000
265, 7, 1.244126
265, 8, 3.299600
265, 9, 1.717014
265, 10, 1.799201
265, 11, 2.271102
265, 12, 2.529845
265, 13, -0.003852
265, 14, 2.590254
265, 15, 2.433194
265, 16, 1.129258
265, 17, 3.204805
265, 18, 3.585116
265, 19, 2.593091
265, 20, 4.285558
265, 21, 0.436530
265, 22, 2.161510
265, 23, 1.270559
265, 24, 1.065771
265, 25, 2.046121
265, 26, 1.251382
265, 27, 0.812977
265, 28, 1.963697
265, 29, 1.878876
265, 30, 0.668950
265, 31, 2.608773
265, 32, -0.040000
265, 33, 2.796708
265, 34, 2.385571
265, 35, 2.606314
265, 36, 2.066993
265, 37, 1.770025
265, 38, 0.375477
265, 39, 1.573506
265, 40, 2.683111
265, 41, 1.709132
265, 42, 1.011686
265, 43, 1.442728
265, 44, 0.519650
265, 45, 1.417267
265, 46, 2.285815
265, 47, 1.415481
265, 48, 2.594061
265, 49, -0.160065
265, 50, 2.187935
265, 51, 0.700052
265, 52, 1.514256
265, 53, -0.000015
265, 54, 2.713930
265, 55, 3.146125
265, 56, 2.517665
265, 57, 2.946002
265, 58, 0.829374
265, 59, 1.691667
265, 60, 0.000000
265, 61, 1.402721
265, 62, 2.046886
265, 63, 1.722669
265, 64, 2.057648
265, 65, 3.450948
265, 66, 1.750670
265, 67, 2.514823
265, 68, 1.702448
265, 69, 2.719686
265, 70, 2.954521
265, 71, 2.582816
265, 72, 3.799001
265, 73, 3.204980
265, 74, 1.580833
265, 75, 1.934788
265, 76, 1.049166
265, 77, 1.420346
265, 78, 1.805377
265, 79, 2.797782
265, 80, 2.674165
265, 81, 1.798111
265, 82, -0.132894
265, 83, 1.203205
265, 84, 0.939994
265, 85, 2.945443
265, 86, 3.293976
265, 87, 2.334270
265, 88, 1.398646
265, 89, 0.544654
265, 90, 1.203631
265, 91, 1.423851
265, 92, 0.672629
265, 93, 2.677668
265, 94, 1.671318
265, 95, 0.860378
265, 96, 1.657723
265, 97, 4.307198
265, 98, 2.140795
265, 99, 1.159450
265, 100, 0.792004
265, 101, -0.031273
265, 102, 1.675544
265, 103, 0.000000
265, 104, 3.532832
265, 105, 2.788745
265, 106, 1.431670
265, 107, 1.950180
265, 108, 0.744162
265, 109, -0.016499
265, 110, 1.771988
265, 111, 0.840045
265, 112, 1.185186
265, 113, 3.547498
265, 114, 1.068332
265, 115, 1.848422
265, 116, 1.568432
265, 117, 2.225859
265, 118, 1.542763
265, 119, 1.334032
265, 120, 2.290500
265, 121, 3.592901
265, 122, 2.491351
265, 123, 0.346461
265, 124, 2.149922
265, 125, 4.268610
265, 126, 0.915060
265, 127, 0.838413
265, 128, 0.517797
265, 129, 0.074872
265, 130, 1.536904
265, 131, 1.749791
265, 132, 1.199875
265, 133, 0.911549
265, 134, 1.165754
265, 135, 0.744959
265, 136, 0.252817
265, 137, 1.705303
265, 138, 0.985482
265, 139, 0.937750
265, 140, 3.521878
265, 141, 2.066354
265, 142, 3.160641
265, 143, 1.924555
265, 144, 1.581656
265, 145, 1.469971
265, 146, 1.966183
265, 147, 3.760901
265, 148, 2.446034
265, 149, 3.525412
265, 150, 1.562608
265, 151, 1.932429
265, 152, 2.174573
265, 153, 0.000000
265, 154, 1.593774
265, 155, 2.281059
265, 156, -0.010000
265, 157, 3.008838
265, 158, 1.991819
265, 159, 1.389257
265, 160, 2.872513
265, 161, 2.063492
265, 162, 3.336925
265, 163, 2.511419
265, 164, 3.356827
265, 165, 2.997060
265, 166, 3.624808
265, 167, 1.409328
265, 168, 0.369980
265, 169, 1.762348
265, 170, 1.509260
265, 171, 2.822866
265, 172, 2.344835
265, 173, 2.711528
265, 174, 1.772637
265, 175, 1.067069
265, 176, 3.358285
265, 177, 2.501575
265, 178, 0.529260
265, 179, 3.022262
265, 180, 3.498813
265, 181, 0.965567
265, 182, 3.132624
265, 183, -0.040000
265, 184, 1.318478
265, 185, 1.880346
265, 186, 3.349806
265, 187, 0.000000
265, 188, 2.738013
265, 189, 3.076207
265, 190, 2.409982
265, 191, 0.717938
265, 192, 2.162543
265, 193, 2.741596
265, 194, 1.537422
265, 195, 1.192316
265, 196, 3.982148
265, 197, 2.317033
265, 198, 2.286876
265, 199, 1.451947
267, 0, 1.502488
267, 1, 1.547395
267, 2, 2.109158
267, 3, 1.150859
267, 4, -0.339888
267, 5, 1.951525
267, 6, 0.000000
267, 7, 1.244126
267, 8, 3.321256
267, 9, 1.717014
267, 10, 1.799201
267, 11, 2.271102
267, 12, 2.550955
267, 13, -0.003852
267, 14, 2.590147
267, 15, 2.509264
267, 16, 1.129258
267, 17, 3.227302
267, 18, 3.588181
267, 19, 2.593091
267, 20, 4.271640
267, 21, 0.436530
267, 22, 2.161510
267, 23, 1.270559
267, 24, 1.065771
267, 25, 2.046121
267, 26, 1.300765
267, 27, 0.812977
267, 28, 1.971109
267, 29, 1.877477
267, 30, 0.668950
267, 31, 2.615824
267, 32, -0.040000
267, 33, 2.796434
267, 34, 2.373755
267, 35, 2.606672
267, 36, 2.072411
267, 37, 1.808913
267, 38, 0.375477
267, 39, 1.573506
267, 40, 2.683111
267, 41, 1.709260
267, 42, 1.011686
267, 43, 1.442728
267, 44, 0.519650
267, 45, 1.414380
267, 46, 2.270604
267, 47, 1.415481
267, 48, 2.594207
267, 49, -0.160065
267, 50, 2.187935
267, 51, 0.700052
267, 52, 1.514256
267, 53, -0.000015
267, 54, 2.734403
267, 55, 3.146383
267, 56, 2.522640
267, 57, 2.946336
267, 58, 0.829374
267, 59, 1.691667
267, 60, 0.000000
267, 61, 1.402721
267, 62, 2.046886
267, 63, 1.722669
267, 64, 2.057648
267, 65, 3.446940
267, 66, 1.750670
267, 67, 2.514823
267, 68, 1.702294
267, 69, 2.656503
267, 70, 2.954881
267, 71, 2.582943
267, 72, 3.798813
267, 73, 3.207389
267, 74, 1.580833
267, 75, 1.934788
267, 76, 1.049166
267, 77, 1.420346
267, 78, 1.805377
267, 79, 2.797782
267, 80, 2.673991
267, 81, 1.821843
267, 82, -0.131082
267, 83, 1.209214
267, 84, 0.939994
267, 85, 2.945448
267, 86, 3.296434
267, 87, 2.334270
267, 88, 1.398646
267, 89, 0.544654
267, 90, 1.203630
267, 91, 1.416808
267, 92, 0.672629
267, 93, 2.667376
267, 94, 1.673746
267, 95, 0.867982
267, 96, 1.659614
267, 97, 4.300822
267, 98, 2.143222
267, 99, 1.159450
267, 100, 0.792004
267, 101, -0.031273
267, 102, 1.675544
267, 103, 0.000000
267, 104, 3.533350
267, 105, 2.786170
267, 106, 1.431670
267, 107, 1.959169
267, 108, 0.744162
267, 109, -0.016499
267, 110, 1.771988
267, 111, 0.800753
267, 112, 1.185186
267, 113, 3.549117
267, 114, 1.068332
267, 115, 1.848844
267, 116, 1.568432
267, 117, 2.225859
267, 118, 1.541486
267, 119, 1.334032
267, 120, 2.290500
267, 121, 3.649530
267, 122, 2.491351
267, 123, 0.346461
267, 124, 2.149922
267, 125, 4.285161
267, 126, 0.925916
267, 127, 0.838413
267, 128, 0.522617
267, 129, 0.074872
267, 130, 1.536904
267, 131, 1.749791
267, 132, 1.199875
267, 133, 0.908726
267, 134, 1.165754
267, 135, 0.744959
267, 136, 0.252817
267, 137, 1.701159
267, 138, 0.985482
267, 139, 0.937750
267, 140, 3.507266
267, 141, 2.066354
267, 142, 3.156408
267, 143, 1.924555
267, 144, 1.581656
267, 145, 1.469971
267, 146, 1.966183
267, 147, 3.683737
267, 148, 2.446034
267, 149, 3.525163
267, 150, 1.562608
267, 151, 1.929367
267, 152, 2.167007
267, 153, 0.000000
267, 154, 1.593774
267, 155, 2.281069
267, 156, -0.010000
267, 157, 3.007293
267, 158, 1.991819
267, 159, 1.389564
267, 160, 2.926992
267, 161, 2.021315
267, 162, 3.332280
267, 163, 2.511419
267, 164, 3.357403
267, 165, 2.996619
267, 166, 3.621897
267, 167, 1.409328
267, 168, 0.369980
267, 169, 1.762555
267, 170, 1.509260
267, 171, 2.823651
267, 172, 2.340312
267, 173, 2.710774
267, 174, 1.835015
267, 175, 1.067069
267, 176, 3.358285
267, 177, 2.487450
267, 178, 0.529260
267, 179, 3.023338
267, 180, 3.501373
267, 181, 0.965567
267, 182, 3.132624
267, 183, -0.040000
267, 184, 1.302866
267, 185, 1.880346
267, 186, 3.366248
267, 187, 0.000000
267, 188, 2.728009
267, 189, 3.010425
267, 190, 2.409982
267, 191, 0.717938
267, 192, 2.143745
267, 193, 2.743664
267, 194, 1.537422
267, 195, 1.192317
267, 196, 3.952470
267, 197, 2.308334
267, 198, 2.286799
267, 199, 1.452103
269, 0, 1.503664
269, 1, 1.547395
269, 2, 2.065087
269, 3, 1.150859
269, 4, -0.339888
269, 5, 1.947549
269, 6, 0.000000
269, 7, 1.244126
269, 8, 3.325252
269, 9, 1.717014
269, 10, 1.799201
269, 11, 2.271102
269, 12, 2.552477
269, 13, -0.003852
269, 14, 2.589848
269, 15, 2.490719
269, 16, 1.129258
269, 17, 3.221022
269, 18, 3.587309
269, 19, 2.593091
269, 20, 4.290714
269, 21, 0.436530
269, 22, 2.161510
269, 23, 1.270559
269, 24, 1.065771
269, 25, 2.046121
269, 26, 1.347996
269, 27, 0.812977
269, 28, 1.975726
269, 29, 1.878141
269, 30, 0.668950
269, 31, 2.617200
269, 32, -0.040000
269, 33, 2.797390
269, 34, 2.353576
269, 35, 2.606471
269, 36, 2.088093
269, 37, 1.848896
269, 38, 0.375477
269, 39, 1.573506
269, 40, 2.683111
269, 41, 1.709516
269, 42, 1.011686
269, 43, 1.442728
269, 44, 0.519650
269, 45, 1.414386
269, 46, 2.280507
269, 47, 1.415481
269, 48, 2.594018
269, 49, -0.160065
269, 50, 2.187935
269, 51, 0.700052
269, 52, 1.514256
269, 53, -0.000015
269, 54, 2.779968
269, 55, 3.146553
269, 56, 2.526578
269, 57, 2.946310
269, 58, 0.829374
269, 59, 1.691667
269, 60, 0.000000
269, 61, 1.402721
269, 62, 2.046886
269, 63, 1.722669
269, 64, 2.057648
269, 65, 3.451015
269, 66, 1.750670
269, 67, 2.514823
269, 68, 1.684114
269, 69, 2.670395
269, 70, 2.952273
269, 71, 2.582994
269, 72, 3.799300
269, 73, 3.221616
269, 74, 1.580833
269, 75, 1.934788
269, 76, 1.049166
269, 77, 1.420346
269, 78, 1.805377
269, 79, 2.797782
269, 80, 2.673032
269, 81, 1.791564
269, 82, -0.131123
269, 83, 1.212922
269, 84, 0.939994
269, 85, 2.945449
269, 86, 3.296952
269, 87, 2.334270
269, 88, 1.398646
269, 89, 0.544654
269, 90, 1.203631
269, 91, 1.416309
269, 92, 0.672629
269, 93, 2.625092
269, 94, 1.666165
269, 95, 0.903865
269, 96, 1.632594
269, 97, 4.305826
269, 98, 2.129464
269, 99, 1.159450
269, 100, 0.792004
269, 101, -0.031273
269, 102, 1.675544
269, 103, 0.000000
269, 104, 3.532797
269, 105, 2.789267
269, 106, 1.431670
269, 107, 1.944463
269, 108, 0.744162
269, 109, -0.016499
269, 110, 1.771988
269, 111, 0.802221
269, 112, 1.185186
269, 113, 3.503973
269, 114, 1.068332
269, 115, 1.845473
269, 116, 1.568432
269, 117, 2.225859
269, 118, 1.538827
269, 119, 1.334032
269, 120, 2.290500
269, 121, 3.693824
269, 122, 2.491351
269, 123, 0.346461
269, 124, 2.149923
269, 125, 4.284670
269, 126, 0.936544
269, 127, 0.838413
269, 128, 0.529941
269, 129, 0.074872
269, 130, 1.536904
269, 131, 1.749791
269, 132, 1.199875
269, 133, 0.906924
269, 134, 1.165754
269, 135, 0.744959
269, 136, 0.252817
269, 137, 1.697428
269, 138, 0.985482
269, 139, 0.937750
269, 140, 3.512402
269, 141, 2.066277
269, 142, 3.164535
269, 143, 1.924555
269, 144, 1.581656
269, 145, 1.469971
269, 146, 1.966183
269, 147, 3.756577
269, 148, 2.446034
269, 149, 3.525431
269, 150, 1.562608
269, 151, 1.930234
269, 152, 2.135143
269, 153, 0.000000
269, 154, 1.593774
269, 155, 2.281103
269, 156, -0.010000
269, 157, 3.007346
269, 158, 1.991819
269, 159, 1.352943
269, 160, 2.904112
269, 161, 2.049425
269, 162, 3.305023
269, 163, 2.511419
269, 164, 3.356827
269, 165, 2.997575
269, 166, 3.626077
269, 167, 1.409328
269, 168, 0.369980
269, 169, 1.762766
269, 170, 1.509260
269, 171, 2.824309
269, 172, 2.348825
269, 173, 2.716095
269, 174, 1.898160
269, 175, 1.067069
269, 176, 3.356679
269, 177, 2.486198
269, 178, 0.529260
269, 179, 3.020489
269, 180, 3.426030
269, 181, 0.965567
269, 182, 3.132624
269, 183, -0.040000
269, 184, 1.295039
269, 185, 1.880346
269, 186, 3.351533
269, 187, 0.000000
269, 188, 2.744274
269, 189, 3.004421
269, 190, 2.409982
269, 191, 0.717938
269, 192, 2.161765
269, 193, 2.742165
269, 194, 1.537422
269, 195, 1.192317
269, 196, 3.982047
269, 197, 2.308334
269, 198, 2.286752
269, 199, 1.452165
271, 0, 1.503664
271, 1, 1.547395
271, 2, 2.082391
271, 3, 1.150856
271, 4, -0.339888
271, 5, 1.944471
271, 6, 0.000000
271, 7, 1.244126
271, 8, 3.335929
271, 9, 1.717014
271, 10, 1.799200
271, 11, 2.271102
271, 12, 2.564780
271, 13, -0.003852
271, 14, 2.589084
271, 15, 2.527127
271, 16, 1.129258
271, 17, 3.228904
271, 18, 3.586839
271, 19, 2.593091
271, 20, 4.284969
271, 21, 0.436530
271, 22, 2.161510
271, 23, 1.270559
271, 24, 1.065771
271, 25, 2.046121
271, 26, 1.381210
271, 27, 0.812977
271, 28, 1.978605
271, 29, 1.890678
271, 30, 0.668950
271, 31, 2.625639
271, 32, -0.040000
271, 33, 2.798866
271, 34, 2.384403
271, 35, 2.605786
271, 36, 2.091363
271, 37, 1.690822
271, 38, 0.375477
271, 39, 1.573082
271, 40, 2.683111
271, 41, 1.709704
271, 42, 1.011686
271, 43, 1.442728
271, 44, 0.519650
271, 45, 1.429998
271, 46, 2.260831
271, 47, 1.415481
271, 48, 2.593956
271, 49, -0.160065
271, 50, 2.187935
271, 51, 0.700052
271, 52, 1.514256
271, 53, -0.000015
271, 54, 2.724568
271, 55, 3.145935
271, 56, 2.519714
271, 57, 2.945961
271, 58, 0.829374
271, 59, 1.691667
271, 60, 0.000000
271, 61, 1.402721
271, 62, 2.046885
271, 63, 1.722669
271, 64, 2.057648
271, 65, 3.446449
271, 66, 1.750670
271, 67, 2.514823
271, 68, 1.701916
271, 69, 2.680943
271, 70, 2.954756
271, 71, 2.583014
271, 72, 3.799429
271, 73, 3.222614
271, 74, 1.580833
271, 75, 1.934788
271, 76, 1.049166
271, 77, 1.420346
271, 78, 1.805377
271, 79, 2.797783
271, 80, 2.672732
271, 81, 1.779241
271, 82, -0.135963
271, 83, 1.214205
271, 84, 0.939994
271, 85, 2.945451
271, 86, 3.242159
271, 87, 2.334270
271, 88, 1.398646
271, 89, 0.544654
271, 90, 1.203631
271, 91, 1.479103
271, 92, 0.672629
271, 93, 2.658020
271, 94, 1.664338
271, 95, 0.919797
271, 96, 1.700390
271, 97, 4.304082
271, 98, 2.138923
271, 99, 1.159450
271, 100, 0.792004
271, 101, -0.031273
271, 102, 1.675544
271, 103, 0.000000
271, 104, 3.533314
271, 105, 2.756941
271, 106, 1.431670
271, 107, 1.900486
271, 108, 0.744162
271, 109, -0.016499
271, 110, 1.771988
271, 111, 0.803427
271, 112, 1.185186
271, 113, 3.551712
271, 114, 1.068332
271, 115, 1.841126
271, 116, 1.530927
271, 117, 2.225860
271, 118, 1.536270
271, 119, 1.334032
271, 120, 2.290500
271, 121, 3.596495
271, 122, 2.491351
271, 123, 0.346461
271, 124, 2.149924
271, 125, 4.262574
271, 126, 0.947345
271, 127, 0.838413
271, 128, 0.538345
271, 129, 0.074872
271, 130, 1.536904
271, 131, 1.749791
271, 132, 1.199875
271, 133, 0.905766
271, 134, 1.165754
271, 135, 0.744959
271, 136, 0.252817
271, 137, 1.694175
271, 138, 0.985482
271, 139, 0.937750
271, 140, 3.503079
271, 141, 2.066215
271, 142, 3.147862
271, 143, 1.924555
271, 144, 1.581656
271, 145, 1.469971
271, 146, 1.966183
271, 147, 3.688315
271, 148, 2.446034
271, 149, 3.525381
271, 150, 1.562608
271, 151, 1.932853
271, 152, 2.130364
271, 153, 0.000000
271, 154, 1.593774
271, 155, 2.281141
271, 156, -0.010000
271, 157, 3.007013
271, 158, 1.991819
271, 159, 1.352943
271, 160, 2.933294
271, 161, 2.049425
271, 162, 3.346515
271, 163, 2.513334
271, 164, 3.358347
271, 165, 3.001023
271, 166, 3.631450
271, 167, 1.409328
271, 168, 0.369980
271, 169, 1.762085
271, 170, 1.509260
271, 171, 2.825109
271, 172, 2.349264
271, 173, 2.711939
271, 174, 1.927795
271, 175, 1.067069
271, 176, 3.362437
271, 177, 2.501661
271, 178, 0.529260
271, 179, 3.028140
271, 180, 3.516758
271, 181, 0.965567
271, 182, 3.132624
271, 183, -0.040000
271, 184, 1.283006
271, 185, 1.880346
271, 186, 3.344816
271, 187, 0.000000
271, 188, 2.732684
271, 189, 3.023736
271, 190, 2.409982
271, 191, 0.717938
271, 192, 2.149350
271, 193, 2.740151
271, 194, 1.537421
271, 195, 1.192317
271, 196, 3.956235
271, 197, 2.319118
271, 198, 2.286758
271, 199, 1.452180
273, 0, 1.503664
273, 1, 1.547395
273, 2, 2.133329
273, 3, 1.150858
273, 4, -0.339888
273, 5, 1.939958
273, 6, 0.000000
273, 7, 1.244126
273, 8, 3.292856
273, 9, 1.717014
273, 10, 1.799201
273, 11, 2.271102
273, 12, 2.565907
273, 13, -0.003852
273, 14, 2.590121
273, 15, 2.561125
273, 16, 1.129258
273, 17, 3.229946
273, 18, 3.588512
273, 19, 2.597477
273, 20, 4.293100
273, 21, 0.436530
273, 22, 2.161510
273, 23, 1.270559
273, 24, 1.065771
273, 25, 2.046121
273, 26, 1.441478
273, 27, 0.812977
273, 28, 1.980406
273, 29, 1.889937
273, 30, 0.668950
273, 31, 2.626899
273, 32, -0.040000
273, 33, 2.800559
273, 34, 2.366193
273, 35, 2.606552
273, 36, 2.096029
273, 37, 1.627900
273, 38, 0.375477
273, 39, 1.573082
273, 40, 2.683111
273, 41, 1.709772
273, 42, 1.011686
273, 43, 1.442728
273, 44, 0.519650
273, 45, 1.429454
273, 46, 2.240068
273, 47, 1.415481
273, 48, 2.593851
273, 49, -0.160065
273, 50, 2.187935
273, 51, 0.700052
273, 52, 1.514256
273, 53, -0.000015
273, 54, 2.740265
273, 55, 3.148692
273, 56, 2.513410
273, 57, 2.946594
273, 58, 0.829374
273, 59, 1.691667
273, 60, 0.000000
273, 61, 1.402721
273, 62, 2.046886
273, 63, 1.722669
273, 64, 2.057648
273, 65, 3.451365
273, 66, 1.750670
273, 67, 2.514823
273, 68, 1.700475
273, 69, 2.680943
273, 70, 2.954625
273, 71, 2.583023
273, 72, 3.799376
273, 73, 3.222875
273, 74, 1.580833
273, 75, 1.934788
273, 76, 1.049166
273, 77, 1.420346
273, 78, 1.805377
273, 79, 2.797782
273, 80, 2.670786
273, 81, 1.770659
273, 82, -0.135378
273, 83, 1.216007
273, 84, 0.939994
273, 85, 2.945451
273, 86, 3.253666
273, 87, 2.334270
273, 88, 1.398646
273, 89, 0.544654
273, 90, 1.203630
273, 91, 1.474211
273, 92, 0.672629
273, 93, 2.659111
273, 94, 1.669524
273, 95, 0.925600
273, 96, 1.639195
273, 97, 4.305449
273, 98, 2.141919
273, 99, 1.159450
273, 100, 0.792004
273, 101, -0.031273
273, 102, 1.675544
273, 103, 0.000000
273, 104, 3.532220
273, 105, 2.749200
273, 106, 1.431670
273, 107, 1.923758
273, 108, 0.744162
273, 109, -0.016499
273, 110, 1.771988
273, 111, 0.804021
273, 112, 1.185186
273, 113, 3.540309
273, 114, 1.068332
273, 115, 1.845040
273, 116, 1.500400
273, 117, 2.225859
273, 118, 1.533029
273, 119, 1.334032
273, 120, 2.290500
273, 121, 3.667191
273, 122, 2.491351
273, 123, 0.346461
273, 124, 2.149924
273, 125, 4.289111
273, 126, 0.957006
273, 127, 0.838413
273, 128, 0.543607
273, 129, 0.074872
273, 130, 1.536904
273, 131, 1.749791
273, 132, 1.199875
273, 133, 0.905026
273, 134, 1.165754
273, 135, 0.744959
273, 136, 0.252817
273, 137, 1.690874
273, 138, 0.985482
273, 139, 0.937750
273, 140, 3.507774
273, 141, 2.066215
273, 142, 3.161575
273, 143, 1.924555
273, 144, 1.581656
273, 145, 1.469971
273, 146, 1.966183
273, 147, 3.771219
273, 148, 2.446033
273, 149, 3.525169
273, 150, 1.562608
273, 151, 1.929768
273, 152, 2.126437
273, 153, 0.000000
273, 154, 1.593774
273, 155, 2.281162
273, 156, -0.010000
273, 157, 3.007190
273, 158, 1.991819
273, 159, 1.356441
273, 160, 2.943308
273, 161, 2.055431
273, 162, 3.348131
273, 163, 2.513334
273, 164, 3.356831
273, 165, 3.000897
273, 166, 3.632439
273, 167, 1.409328
273, 168, 0.369980
273, 169, 1.760947
273, 170, 1.509260
273, 171, 2.825694
273, 172, 2.351996
273, 173, 2.707471
273, 174, 1.784416
273, 175, 1.067069
273, 176, 3.356679
273, 177, 2.492092
273, 178, 0.529260
273, 179, 3.032328
273, 180, 3.491465
273, 181, 0.965567
273, 182, 3.132624
273, 183, -0.040000
273, 184, 1.265451
273, 185, 1.880346
273, 186, 3.344855
273, 187, 0.000000
273, 188, 2.744316
273, 189, 2.898673
273, 190, 2.409982
273, 191, 0.717938
273, 192, 2.143852
273, 193, 2.743286
273, 194, 1.537421
273, 195, 1.192317
273, 196, 3.978133
273, 197, 2.313386
273, 198, 2.286749
273, 199, 1.452195
275, 0, 1.503664
275, 1, 1.547395
275, 2, 2.130252
275, 3, 1.150858
275, 4, -0.339888
275, 5, 1.934362
275, 6, 0.000000
275, 7, 1.244126
275, 8, 3.328374
275, 9, 1.717014
275, 10, 1.799201
275, 11, 2.271102
275, 12, 2.561945
275, 13, -0.003852
275, 14, 2.590380
275, 15, 2.545586
275, 16, 1.129258
275, 17, 3.227519
275, 18, 3.583762
275, 19, 2.593091
275, 20, 4.284317
275, 21, 0.436530
275, 22, 2.161510
275, 23, 1.270559
275, 24, 1.065771
275, 25, 2.046121
275, 26, 1.459185
275, 27, 0.812977
275, 28, 1.981529
275, 29, 1.888643
275, 30, 0.668950
275, 31, 2.623944
275, 32, -0.040000
275, 33, 2.798744
275, 34, 2.392962
275, 35, 2.606729
275, 36, 2.108296
275, 37, 1.684474
275, 38, 0.375477
275, 39, 1.573082
275, 40, 2.683111
275, 41, 1.709949
275, 42, 1.011686
275, 43, 1.442728
275, 44, 0.519650
275, 45, 1.428328
275, 46, 2.240763
275, 47, 1.415481
275, 48, 2.594094
275, 49, -0.160065
275, 50, 2.187935
275, 51, 0.700052
275, 52, 1.514256
275, 53, -0.000015
275, 54, 2.706117
275, 55, 3.151049
275, 56, 2.511433
275, 57, 2.946844
275, 58, 0.829374
275, 59, 1.691667
275, 60, 0.000000
275, 61, 1.402721
275, 62, 2.046886
275, 63, 1.722669
275, 64, 2.057648
275, 65, 3.443787
275, 66, 1.750670
275, 67, 2.514823
275, 68, 1.701770
275, 69, 2.680943
275, 70, 2.954818
275, 71, 2.583027
275, 72, 3.798609
275, 73, 3.221646
275, 74, 1.580833
275, 75, 1.934788
275, 76, 1.049166
275, 77, 1.420346
275, 78, 1.805377
275, 79, 2.797782
275, 80, 2.669350
275, 81, 1.775544
275, 82, -0.134383
275, 83, 1.217122
275, 84, 0.939994
275, 85, 2.945451
275, 86, 3.263234
275, 87, 2.334270
275, 88, 1.398646
275, 89, 0.544654
275, 90, 1.203630
275, 91, 1.462415
275, 92, 0.672629
275, 93, 2.664862
275, 94, 1.668918
275, 95, 0.923201
275, 96, 1.641943
275, 97, 4.291863
275, 98, 2.145075
275, 99, 1.159450
275, 100, 0.792004
275, 101, -0.031273
275, 102, 1.675544
275, 103, 0.000000
275, 104, 3.530838
275, 105, 2.741537
275, 106, 1.431670
275, 107, 1.888747
275, 108, 0.744162
275, 109, -0.016499
275, 110, 1.771988
275, 111, 0.804746
275, 112, 1.185186
275, 113, 3.553769
275, 114, 1.068332
275, 115, 1.843194
275, 116, 1.479584
275, 117, 2.225860
275, 118, 1.530662
275, 119, 1.334032
275, 120, 2.290500
275, 121, 3.703241
275, 122, 2.491351
275, 123, 0.346461
275, 124, 2.149924
275, 125, 4.279678
275, 126, 0.965227
275, 127, 0.838413
275, 128, 0.547068
275, 129, 0.074872
275, 130, 1.536904
275, 131, 1.749791
275, 132, 1.199875
275, 133, 0.904553
275, 134, 1.165754
275, 135, 0.744959
275, 136, 0.252817
275, 137, 1.687416
275, 138, 0.985482
275, 139, 0.937750
275, 140, 3.513355
275, 141, 2.066215
275, 142, 3.156362
275, 143, 1.924555
275, 144, 1.581656
275, 145, 1.469971
275, 146, 1.966183
275, 147, 3.731875
275, 148, 2.446034
275, 149, 3.525438
275, 150, 1.562608
275, 151, 1.927434
275, 152, 2.114753
275, 153, 0.000000
275, 154, 1.593774
275, 155, 2.281172
275, 156, -0.010000
275, 157, 3.011404
275, 158, 1.991819
275, 159, 1.320299
275, 160, 2.922454
275, 161, 2.063481
275, 162, 3.292142
275, 163, 2.513334
275, 164, 3.357460
275, 165, 3.001149
275, 166, 3.632608
275, 167, 1.409328
275, 168, 0.369980
275, 169, 1.760311
275, 170, 1.509260
275, 171, 2.824629
275, 172, 2.347162
275, 173, 2.717340
275, 174, 1.817950
275, 175, 1.067069
275, 176, 3.359477
275, 177, 2.485087
275, 178, 0.529260
275, 179, 3.036249
275, 180, 3.516019
275, 181, 0.965567
275, 182, 3.132624
275, 183, -0.040000
275, 184, 1.244564
275, 185, 1.880346
275, 186, 3.336826
275, 187, 0.000000
275, 188, 2.730756
275, 189, 2.789128
275, 190, 2.409982
275, 191, 0.717938
275, 192, 2.161448
275, 193, 2.741395
275, 194, 1.537421
275, 195, 1.192317
275, 196, 3.976035
275, 197, 2.313386
275, 198, 2.286669
275, 199, 1.452201
277, 0, 1.503664
277, 1, 1.547395
277, 2, 2.105693
277, 3, 1.150859
277, 4, -0.339888
277, 5, 1.934484
277, 6, 0.000000
277, 7, 1.244126
277, 8, 3.330112
277, 9, 1.717014
277, 10, 1.799201
277, 11, 2.271102
277, 12, 2.553943
277, 13, -0.003852
277, 14, 2.589969
277, 15, 2.575780
277, 16, 1.129258
277, 17, 3.216853
277, 18, 3.587518
277, 19, 2.593091
277, 20, 4.290966
277, 21, 0.436530
277, 22, 2.161510
277, 23, 1.270559
277, 24, 1.065771
277, 25, 2.046121
277, 26, 1.494110
277, 27, 0.812977
277, 28, 1.980958
277, 29, 1.888643
277, 30, 0.668950
277, 31, 2.617604
277, 32, -0.040000
277, 33, 2.798950
277, 34, 2.385759
277, 35, 2.606400
277, 36, 2.116350
277, 37, 1.751131
277, 38, 0.375477
277, 39, 1.573082
277, 40, 2.683111
277, 41, 1.710131
277, 42, 1.011686
277, 43, 1.442728
277, 44, 0.519650
277, 45, 1.425550
277, 46, 2.230810
277, 47, 1.415481
277, 48, 2.594348
277, 49, -0.160065
277, 50, 2.187935
277, 51, 0.700052
277, 52, 1.514256
277, 53, -0.000015
277, 54, 2.730455
277, 55, 3.151740
277, 56, 2.523032
277, 57, 2.946640
277, 58, 0.829374
277, 59, 1.691667
277, 60, 0.000000
277, 61, 1.402721
277, 62, 2.046885
277, 63, 1.722669
277, 64, 2.057648
277, 65, 3.431590
277, 66, 1.750670
277, 67, 2.514823
277, 68, 1.691895
277, 69, 2.680943
277, 70, 2.955224
277, 71, 2.584548
277, 72, 3.799238
277, 73, 3.218807
277, 74, 1.580833
277, 75, 1.934788
277, 76, 1.049166
277, 77, 1.420346
277, 78, 1.805377
277, 79, 2.797782
277, 80, 2.669782
277, 81, 1.732816
277, 82, -0.132219
277, 83, 1.217812
277, 84, 0.939994
277, 85, 2.945451
277, 86, 3.272807
277, 87, 2.350429
277, 88, 1.398646
277, 89, 0.544654
277, 90, 1.203630
277, 91, 1.447697
277, 92, 0.672629
277, 93, 2.644475
277, 94, 1.673512
277, 95, 0.933989
277, 96, 1.636604
277, 97, 4.301677
277, 98, 2.144011
277, 99, 1.159450
277, 100, 0.792004
277, 101, -0.031273
277, 102, 1.675544
277, 103, 0.000000
277, 104, 3.527820
277, 105, 2.727948
277, 106, 1.431670
277, 107, 1.864798
277, 108, 0.744162
277, 109, -0.016499
277, 110, 1.771988
277, 111, 0.805619
277, 112, 1.185186
277, 113, 3.552055
277, 114, 1.068332
277, 115, 1.834798
277, 116, 1.463787
277, 117, 2.225859
277, 118, 1.530383
277, 119, 1.334032
277, 120, 2.290500
277, 121, 3.684120
277, 122, 2.491351
277, 123, 0.346461
277, 124, 2.149924
277, 125, 4.287845
277, 126, 0.973370
277, 127, 0.838413
277, 128, 0.549446
277, 129, 0.074872
277, 130, 1.536904
277, 131, 1.749791
277, 132, 1.199875
277, 133, 0.904251
277, 134, 1.165754
277, 135, 0.744959
277, 136, 0.252817
277, 137, 1.684268
277, 138, 0.985482
277, 139, 0.937750
277, 140, 3.514986
277, 141, 2.066215
277, 142, 3.151890
277, 143, 1.924555
277, 144, 1.581656
277, 145, 1.469971
277, 146, 1.966183
277, 147, 3.682427
277, 148, 2.446034
277, 149, 3.525412
277, 150, 1.562608
277, 151, 1.923367
277, 152, 2.106145
277, 153, 0.000000
277, 154, 1.593774
277, 155, 2.281177
277, 156, -0.010000
277, 157, 3.012840
277, 158, 1.991819
277, 159, 1.320299
277, 160, 2.888822
277, 161, 2.029048
277, 162, 3.305600
277, 163, 2.513334
277, 164, 3.356828
277, 165, 3.000173
277, 166, 3.632488
277, 167, 1.409328
277, 168, 0.369980
277, 169, 1.760098
277, 170, 1.509260
277, 171, 2.824653
277, 172, 2.343974
277, 173, 2.720803
277, 174, 1.867843
277, 175, 1.067069
277, 176, 3.358397
277, 177, 2.488459
277, 178, 0.529260
277, 179, 3.033907
277, 180, 3.517938
277, 181, 0.965567
277, 182, 3.132624
277, 183, -0.040000
277, 184, 1.245711
277, 185, 1.880346
277, 186, 3.358142
277, 187, 0.000000
277, 188, 2.728536
277, 189, 2.831637
277, 190, 2.409982
277, 191, 0.717938
277, 192, 2.150509
277, 193, 2.743461
277, 194, 1.537421
277, 195, 1.192317
277, 196, 3.956599
277, 197, 2.307440
277, 198, 2.286628
277, 199, 1.452203
279, 0, 1.503664
279, 1, 1.547395
279, 2, 2.115524
279, 3, 1.150859
279, 4, -0.339888
279, 5, 1.940281
279, 6, 0.000000
279, 7, 1.244126
279, 8, 3.270016
279, 9, 1.717014
279, 10, 1.799201
279, 11, 2.271102
279, 12, 2.546191
279, 13, -0.003852
279, 14, 2.590314
279, 15, 2.595162
279, 16, 1.129258
279, 17, 3.225430
279, 18, 3.588722
279, 19, 2.593091
279, 20, 4.295332
279, 21, 0.436530
279, 22, 2.161510
279, 23, 1.270559
279, 24, 1.065771
279, 25, 2.046121
279, 26, 1.514905
279, 27, 0.812977
279, 28, 1.980602
279, 29, 1.888643
279, 30, 0.668950
279, 31, 2.611394
279, 32, -0.040000
279, 33, 2.799801
279, 34, 2.377916
279, 35, 2.606623
279, 36, 2.121370
279, 37, 1.481522
279, 38, 0.375477
279, 39, 1.573082
279, 40, 2.683111
279, 41, 1.710335
279, 42, 1.011686
279, 43, 1.442728
279, 44, 0.519650
279, 45, 1.419391
279, 46, 2.240332
279, 47, 1.415481
279, 48, 2.594355
279, 49, -0.160065
279, 50, 2.187935
279, 51, 0.700052
279, 52, 1.514256
279, 53, -0.000015
279, 54, 2.743025
279, 55, 3.154544
279, 56, 2.515239
279, 57, 2.947029
279, 58, 0.829374
279, 59, 1.691667
279, 60, 0.000000
279, 61, 1.402721
279, 62, 2.046885
279, 63, 1.722669
279, 64, 2.057648
279, 65, 3.453989
279, 66, 1.750670
279, 67, 2.514823
279, 68, 1.671392
279, 69, 2.680943
279, 70, 2.954594
279, 71, 2.583024
279, 72, 3.798399
279, 73, 3.217157
279, 74, 1.580833
279, 75, 1.934788
279, 76, 1.049166
279, 77, 1.420346
279, 78, 1.805377
279, 79, 2.797782
279, 80, 2.671546
279, 81, 1.746593
279, 82, -0.127699
279, 83, 1.218240
279, 84, 0.939994
279, 85, 2.945451
279, 86, 3.300913
279, 87, 2.341773
279, 88, 1.398646
279, 89, 0.544654
279, 90, 1.203630
279, 91, 1.409138
279, 92, 0.672629
279, 93, 2.653446
279, 94, 1.672271
279, 95, 0.944722
279, 96, 1.626165
279, 97, 4.302805
279, 98, 2.147720
279, 99, 1.159450
279, 100, 0.792004
279, 101, -0.031273
279, 102, 1.675544
279, 103, 0.000000
279, 104, 3.532759
279, 105, 2.789203
279, 106, 1.431670
279, 107, 1.873624
279, 108, 0.744162
279, 109, -0.016499
279, 110, 1.771988
279, 111, 0.806991
279, 112, 1.185186
279, 113, 3.551707
279, 114, 1.068332
279, 115, 1.827166
279, 116, 1.459517
279, 117, 2.225859
279, 118, 1.529260
279, 119, 1.334032
279, 120, 2.290500
279, 121, 3.605407
279, 122, 2.491351
279, 123, 0.346461
279, 124, 2.149924
279, 125, 4.271398
279, 126, 0.981318
279, 127, 0.838413
279, 128, 0.554170
279, 129, 0.074872
279, 130, 1.536904
279, 131, 1.749791
279, 132, 1.199875
279, 133, 0.904057
279, 134, 1.165754
279, 135, 0.744959
279, 136, 0.252817
279, 137, 1.681339
279, 138, 0.985482
279, 139, 0.937750
279, 140, 3.520244
279, 141, 2.066215
279, 142, 3.143467
279, 143, 1.924555
279, 144, 1.581656
279, 145, 1.469971
279, 146, 1.966183
279, 147, 3.770449
279, 148, 2.446034
279, 149, 3.524949
279, 150, 1.562608
279, 151, 1.924531
279, 152, 2.099624
279, 153, 0.000000
279, 154, 1.593774
279, 155, 2.281179
279, 156, -0.010000
279, 157, 3.020144
279, 158, 1.991819
279, 159, 1.320299
279, 160, 2.946383
279, 161, 2.052415
279, 162, 3.321736
279, 163, 2.513334
279, 164, 3.356836
279, 165, 2.996946
279, 166, 3.626089
279, 167, 1.409328
279, 168, 0.369980
279, 169, 1.760280
279, 170, 1.509260
279, 171, 2.825043
279, 172, 2.352655
279, 173, 2.719911
279, 174, 1.908983
279, 175, 1.067069
279, 176, 3.361153
279, 177, 2.485979
279, 178, 0.529260
279, 179, 3.026698
279, 180, 3.512531
279, 181, 0.965567
279, 182, 3.132624
279, 183, -0.040000
279, 184, 1.230628
279, 185, 1.880346
279, 186, 3.343460
279, 187, 0.000000
279, 188, 2.743695
279, 189, 2.864744
279, 190, 2.409982
279, 191, 0.717938
279, 192, 2.139820
279, 193, 2.742118
279, 194, 1.537421
279, 195, 1.192317
279, 196, 3.978365
279, 197, 2.310506
279, 198, 2.286567
279, 199, 1.452204
281, 0, 1.503664
281, 1, 1.547395
281, 2, 2.150603
281, 3, 1.150856
281, 4, -0.339888
281, 5, 1.944455
281, 6, 0.000000
281, 7, 1.244126
281, 8, 3.307809
281, 9, 1.717014
281, 10, 1.799200
281, 11, 2.271102
281, 12, 2.533257
281, 13, -0.003852
281, 14, 2.590395
281, 15, 2.560852
281, 16, 1.129258
281, 17, 3.228385
281, 18, 3.585522
281, 19, 2.594953
281, 20, 4.293870
281, 21, 0.436530
281, 22, 2.161510
281, 23, 1.270559
281, 24, 1.065771
281, 25, 2.046121
281, 26, 1.535899
281, 27, 0.812977
281, 28, 1.981185
281, 29, 1.888643
281, 30, 0.668950
281, 31, 2.600875
281, 32, -0.040000
281, 33, 2.797799
281, 34, 2.349371
281, 35, 2.606645
281, 36, 2.135492
281, 37, 1.539395
281, 38, 0.375477
281, 39, 1.573082
281, 40, 2.683111
281, 41, 1.710609
281, 42, 1.011686
281, 43, 1.442728
281, 44, 0.519650
281, 45, 1.417267
281, 46, 2.238740
281, 47, 1.415481
281, 48, 2.594719
281, 49, -0.160065
281, 50, 2.187935
281, 51, 0.700052
281, 52, 1.514256
281, 53, -0.000015
281, 54, 2.716422
281, 55, 3.158351
281, 56, 2.509717
281, 57, 2.947212
281, 58, 0.829374
281, 59, 1.691667
281, 60, 0.000000
281, 61, 1.402721
281, 62, 2.046886
281, 63, 1.722669
281, 64, 2.057648
281, 65, 3.439222
281, 66, 1.750670
281, 67, 2.514823
281, 68, 1.670456
281, 69, 2.680943
281, 70, 2.953024
281, 71, 2.583025
281, 72, 3.798705
281, 73, 3.213140
281, 74, 1.580833
281, 75, 1.934788
281, 76, 1.049166
281, 77, 1.420346
281, 78, 1.805377
281, 79, 2.797783
281, 80, 2.673149
281, 81, 1.732268
281, 82, -0.123463
281, 83, 1.218501
281, 84, 0.939994
281, 85, 2.945451
281, 86, 3.300210
281, 87, 2.341773
281, 88, 1.398646
281, 89, 0.544654
281, 90, 1.203630
281, 91, 1.398781
281, 92, 0.672629
281, 93, 2.657971
281, 94, 1.672048
281, 95, 0.943243
281, 96, 1.622176
281, 97, 4.304046
281, 98, 2.155227
281, 99, 1.159450
281, 100, 0.792004
281, 101, -0.031273
281, 102, 1.675544
281, 103, 0.000000
281, 104, 3.533283
281, 105, 2.756597
281, 106, 1.431670
281, 107, 1.908270
281, 108, 0.744162
281, 109, -0.016499
281, 110, 1.771988
281, 111, 0.808683
281, 112, 1.185186
281, 113, 3.545293
281, 114, 1.068332
281, 115, 1.823423
281, 116, 1.457582
281, 117, 2.225860
281, 118, 1.529299
281, 119, 1.334032
281, 120, 2.290499
281, 121, 3.656642
281, 122, 2.491351
281, 123, 0.346461
281, 124, 2.149924
281, 125, 4.285264
281, 126, 0.988626
281, 127, 0.838413
281, 128, 0.557514
281, 129, 0.074872
281, 130, 1.536905
281, 131, 1.749791
281, 132, 1.199875
281, 133, 0.903925
281, 134, 1.165754
281, 135, 0.744959
281, 136, 0.252817
281, 137, 1.678449
281, 138, 0.985482
281, 139, 0.937750
281, 140, 3.525100
281, 141, 2.066215
281, 142, 3.159864
281, 143, 1.924555
281, 144, 1.581656
281, 145, 1.469971
281, 146, 1.966183
281, 147, 3.762597
281, 148, 2.446034
281, 149, 3.525425
281, 150, 1.562608
281, 151, 1.928052
281, 152, 2.084032
281, 153, 0.000000
281, 154, 1.593774
281, 155, 2.281179
281, 156, -0.010000
281, 157, 3.007245
281, 158, 1.991819
281, 159, 1.283765
281, 160, 2.949199
281, 161, 2.052415
281, 162, 3.317601
281, 163, 2.513334
281, 164, 3.356836
281, 165, 2.996318
281, 166, 3.631749
281, 167, 1.409328
281, 168, 0.369980
281, 169, 1.760958
281, 170, 1.509260
281, 171, 2.823725
281, 172, 2.352725
281, 173, 2.719408
281, 174, 1.774149
281, 175, 1.067069
281, 176, 3.361153
281, 177, 2.497933
281, 178, 0.529260
281, 179, 3.031734
281, 180, 3.497535
281, 181, 0.965567
281, 182, 3.132624
281, 183, -0.040000
281, 184, 1.212439
281, 185, 1.880346
281, 186, 3.362491
281, 187, 0.000000
281, 188, 2.736716
281, 189, 2.910514
281, 190, 2.409982
281, 191, 0.717938
281, 192, 2.162019
281, 193, 2.741240
281, 194, 1.537420
281, 195, 1.192311
281, 196, 3.981701
281, 197, 2.308046
281, 198, 2.286496
281, 199, 1.452204
283, 0, 1.503664
283, 1, 1.547395
283, 2, 2.164544
283, 3, 1.150858
283, 4, -0.339888
283, 5, 1.954382
283, 6, 0.000000
283, 7, 1.244126
283, 8, 3.318960
283, 9, 1.717014
283, 10, 1.799201
283, 11, 2.271102
283, 12, 2.541977
283, 13, -0.003852
283, 14, 2.590415
283, 15, 2.508259
283, 16, 1.129258
283, 17, 3.229012
283, 18, 3.588095
283, 19, 2.594953
283, 20, 4.288257
283, 21, 0.436530
283, 22, 2.161510
283, 23, 1.270559
283, 24, 1.065771
283, 25, 2.046121
283, 26, 1.570822
283, 27, 0.812977
283, 28, 1.982011
283, 29, 1.888643
283, 30, 0.668950
283, 31, 2.610123
283, 32, -0.040000
283, 33, 2.796527
283, 34, 2.374976
283, 35, 2.606621
283, 36, 2.140289
283, 37, 1.583999
283, 38, 0.375477
283, 39, 1.573082
283, 40, 2.683111
283, 41, 1.710849
283, 42, 1.011686
283, 43, 1.442728
283, 44, 0.519650
283, 45, 1.417081
283, 46, 2.264455
283, 47, 1.415481
283, 48, 2.594850
283, 49, -0.160065
283, 50, 2.187935
283, 51, 0.700052
283, 52, 1.514256
283, 53, -0.000015
283, 54, 2.735676
283, 55, 3.160024
283, 56, 2.508556
283, 57, 2.947345
283, 58, 0.829374
283, 59, 1.691667
283, 60, 0.000000
283, 61, 1.402721
283, 62, 2.046886
283, 63, 1.722669
283, 64, 2.057648
283, 65, 3.470845
283, 66, 1.750670
283, 67, 2.514823
283, 68, 1.648854
283, 69, 2.692624
283, 70, 2.954770
283, 71, 2.583027
283, 72, 3.798998
283, 73, 3.215932
283, 74, 1.580833
283, 75, 1.934788
283, 76, 1.049166
283, 77, 1.420346
283, 78, 1.805377
283, 79, 2.797782
283, 80, 2.673609
283, 81, 1.715103
283, 82, -0.123233
283, 83, 1.218666
283, 84, 0.939994
283, 85, 2.945451
283, 86, 3.300813
283, 87, 2.341773
283, 88, 1.398646
283, 89, 0.544654
283, 90, 1.203631
283, 91, 1.397475
283, 92, 0.672629
283, 93, 2.662959
283, 94, 1.673792
283, 95, 0.936717
283, 96, 1.666959
283, 97, 4.304869
283, 98, 2.154535
283, 99, 1.159450
283, 100, 0.792004
283, 101, -0.031273
283, 102, 1.675544
283, 103, 0.000000
283, 104, 3.532328
283, 105, 2.749912
283, 106, 1.431670
283, 107, 1.915711
283, 108, 0.744162
283, 109, -0.016499
283, 110, 1.771988
283, 111, 0.810433
283, 112, 1.185186
283, 113, 3.489832
283, 114, 1.068332
283, 115, 1.821453
283, 116, 1.456770
283, 117, 2.225859
283, 118, 1.530257
283, 119, 1.334032
283, 120, 2.290499
283, 121, 3.704004
283, 122, 2.491351
283, 123, 0.346461
283, 124, 2.149924
283, 125, 4.281351
283, 126, 0.995702
283, 127, 0.838413
283, 128, 0.558814
283, 129, 0.074872
283, 130, 1.536904
283, 131, 1.749791
283, 132, 1.199875
283, 133, 0.903849
283, 134, 1.165754
283, 135, 0.744959
283, 136, 0.252817
283, 137, 1.675720
283, 138, 0.985482
283, 139, 0.937750
283, 140, 3.517772
283, 141, 2.066215
283, 142, 3.153352
283, 143, 1.924555
283, 144, 1.581656
283, 145, 1.469971
283, 146, 1.966183
283, 147, 3.686902
283, 148, 2.446034
283, 149, 3.525221
283, 150, 1.562608
283, 151, 1.924788
283, 152, 2.071395
283, 153, 0.000000
283, 154, 1.593774
283, 155, 2.281180
283, 156, -0.010000
283, 157, 3.006183
283, 158, 1.991819
283, 159, 1.280572
283, 160, 2.948272
283, 161, 2.052415
283, 162, 3.316463
283, 163, 2.513334
283, 164, 3.356838
283, 165, 2.992301
283, 166, 3.624910
283, 167, 1.409328
283, 168, 0.369980
283, 169, 1.761513
283, 170, 1.509260
283, 171, 2.823472
283, 172, 2.352761
283, 173, 2.719491
283, 174, 1.814132
283, 175, 1.067069
283, 176, 3.356679
283, 177, 2.499738
283, 178, 0.529260
283, 179, 3.038298
283, 180, 3.429586
283, 181, 0.965567
283, 182, 3.132624
283, 183, -0.040000
283, 184, 1.166479
283, 185, 1.880346
283, 186, 3.353997
283, 187, 0.000000
283, 188, 2.728331
283, 189, 2.952731
283, 190, 2.409982
283, 191, 0.717938
283, 192, 2.144995
283, 193, 2.740036
283, 194, 1.537421
283, 195, 1.192313
283, 196, 3.954582
283, 197, 2.308046
283, 198, 2.286433
283, 199, 1.452204
285, 0, 1.503664
285, 1, 1.547395
285, 2, 2.198618
285, 3, 1.150858
285, 4, -0.339888
285, 5, 1.957966
285, 6, 0.000000
285, 7, 1.244126
285, 8, 3.279683
285, 9, 1.717014
285, 10, 1.799201
285, 11, 2.271102
285, 12, 2.542142
285, 13, -0.003852
285, 14, 2.590401
285, 15, 2.483255
285, 16, 1.129258
285, 17, 3.229889
285, 18, 3.581173
285, 19, 2.596193
285, 20, 4.245502
285, 21, 0.436530
285, 22, 2.161510
285, 23, 1.270559
285, 24, 1.065771
285, 25, 2.046121
285, 26, 1.587486
285, 27, 0.812977
285, 28, 1.982526
285, 29, 1.888643
285, 30, 0.668950
285, 31, 2.610276
285, 32, -0.040000
285, 33, 2.797440
285, 34, 2.378816
285, 35, 2.606562
285, 36, 2.142837
285, 37, 1.620454
285, 38, 0.375477
285, 39, 1.573082
285, 40, 2.683111
285, 41, 1.711128
285, 42, 1.011686
285, 43, 1.442728
285, 44, 0.519650
285, 45, 1.415403
285, 46, 2.265853
285, 47, 1.415481
285, 48, 2.594707
285, 49, -0.160065
285, 50, 2.187935
285, 51, 0.700052
285, 52, 1.514256
285, 53, -0.000015
285, 54, 2.692686
285, 55, 3.159338
285, 56, 2.508961
285, 57, 2.947452
285, 58, 0.829374
285, 59, 1.691667
285, 60, 0.000000
285, 61, 1.402721
285, 62, 2.046885
285, 63, 1.722669
285, 64, 2.057648
285, 65, 3.449322
285, 66, 1.750670
285, 67, 2.514823
285, 68, 1.646079
285, 69, 2.706728
285, 70, 2.954208
285, 71, 2.583028
285, 72, 3.799402
285, 73, 3.215808
285, 74, 1.580833
285, 75, 1.934788
285, 76, 1.049166
285, 77, 1.420346
285, 78, 1.805377
285, 79, 2.797782
285, 80, 2.675356
285, 81, 1.718296
285, 82, -0.122092
285, 83, 1.218768
285, 84, 0.939994
285, 85, 2.945451
285, 86, 3.309371
285, 87, 2.352027
285, 88, 1.398646
285, 89, 0.544654
285, 90, 1.203632
285, 91, 1.386104
285, 92, 0.672629
285, 93, 2.674671
285, 94, 1.665091
285, 95, 0.918551
285, 96, 1.664048
285, 97, 4.302956
285, 98, 2.152777
285, 99, 1.159450
285, 100, 0.792004
285, 101, -0.031273
285, 102, 1.675544
285, 103, 0.000000
285, 104, 3.530664
285, 105, 2.740661
285, 106, 1.431670
285, 107, 1.880937
285, 108, 0.744162
285, 109, -0.016499
285, 110, 1.771988
285, 111, 0.812026
285, 112, 1.185186
285, 113, 3.554340
285, 114, 1.068332
285, 115, 1.820121
285, 116, 1.452088
285, 117, 2.225860
285, 118, 1.530667
285, 119, 1.334032
285, 120, 2.290500
285, 121, 3.702253
285, 122, 2.491351
285, 123, 0.346461
285, 124, 2.149923
285, 125, 4.284430
285, 126, 1.002438
285, 127, 0.838413
285, 128, 0.555801
285, 129, 0.074872
285, 130, 1.536904
285, 131, 1.749791
285, 132, 1.199875
285, 133, 0.903800
285, 134, 1.165754
285, 135, 0.744959
285, 136, 0.252817
285, 137, 1.673094
285, 138, 0.985482
285, 139, 0.937750
285, 140, 3.518689
285, 141, 2.066215
285, 142, 3.147506
285, 143, 1.924555
285, 144, 1.581656
285, 145, 1.469971
285, 146, 1.966183
285, 147, 3.772814
285, 148, 2.446034
285, 149, 3.525485
285, 150, 1.562608
285, 151, 1.924113
285, 152, 2.063596
285, 153, 0.000000
285, 154, 1.593774
285, 155, 2.281182
285, 156, -0.010000
285, 157, 3.007384
285, 158, 1.991819
285, 159, 1.282318
285, 160, 2.939937
285, 161, 1.968480
285, 162, 3.318920
285, 163, 2.513334
285, 164, 3.356838
285, 165, 2.995321
285, 166, 3.628254
285, 167, 1.409328
285, 168, 0.369980
285, 169, 1.761881
285, 170, 1.509260
285, 171, 2.824277
285, 172, 2.324556
285, 173, 2.719248
285, 174, 1.858225
285, 175, 1.067069
285, 176, 3.356679
285, 177, 2.493317
285, 178, 0.529260
285, 179, 3.037768
285, 180, 3.515069
285, 181, 0.965567
285, 182, 3.132624
285, 183, -0.040000
285, 184, 1.132175
285, 185, 1.880346
285, 186, 3.356595
285, 187, 0.000000
285, 188, 2.739945
285, 189, 2.966357
285, 190, 2.409982
285, 191, 0.717938
285, 192, 2.157990
285, 193, 2.738922
285, 194, 1.537421
285, 195, 1.192315
285, 196, 3.978434
285, 197, 2.308046
285, 198, 2.286379
285, 199, 1.452204
287, 0, 1.503664
287, 1, 1.547396
287, 2, 2.204200
287, 3, 1.150859
287, 4, -0.339888
287, 5, 1.963257
287, 6, 0.000000
287, 7, 1.244126
287, 8, 3.307958
287, 9, 1.717014
287, 10, 1.799201
287, 11, 2.271102
287, 12, 2.541360
287, 13, -0.003852
287, 14, 2.590399
287, 15, 2.433203
287, 16, 1.129258
287, 17, 3.227047
287, 18, 3.586638
287, 19, 2.594844
287, 20, 4.279470
287, 21, 0.436530
287, 22, 2.161510
287, 23, 1.270559
287, 24, 1.065771
287, 25, 2.046121
287, 26, 1.388436
287, 27, 0.812977
287, 28, 1.982848
287, 29, 1.888643
287, 30, 0.668950
287, 31, 2.609644
287, 32, -0.040000
287, 33, 2.797051
287, 34, 2.395181
287, 35, 2.606512
287, 36, 2.147096
287, 37, 1.664245
287, 38, 0.375477
287, 39, 1.573082
287, 40, 2.683111
287, 41, 1.711361
287, 42, 1.011686
287, 43, 1.442728
287, 44, 0.519650
287, 45, 1.415418
287, 46, 2.246831
287, 47, 1.415481
287, 48, 2.594801
287, 49, -0.160065
287, 50, 2.187935
287, 51, 0.700052
287, 52, 1.514256
287, 53, -0.000015
287, 54, 2.723770
287, 55, 3.162025
287, 56, 2.516121
287, 57, 2.947572
287, 58, 0.829374
287, 59, 1.691667
287, 60, 0.000000
287, 61, 1.402721
287, 62, 2.046885
287, 63, 1.722669
287, 64, 2.057648
287, 65, 3.453629
287, 66, 1.750670
287, 67, 2.514823
287, 68, 1.653702
287, 69, 2.720949
287, 70, 2.955054
287, 71, 2.583029
287, 72, 3.799394
287, 73, 3.215805
287, 74, 1.580833
287, 75, 1.934788
287, 76, 1.049166
287, 77, 1.420346
287, 78, 1.805377
287, 79, 2.797782
287, 80, 2.676308
287, 81, 1.742247
287, 82, -0.119537
287, 83, 1.218832
287, 84, 0.939994
287, 85, 2.945451
287, 86, 3.268829
287, 87, 2.334270
287, 88, 1.398646
287, 89, 0.544654
287, 90, 1.203633
287, 91, 1.413652
287, 92, 0.672629
287, 93, 2.675263
287, 94, 1.673243
287, 95, 0.906058
287, 96, 1.654811
287, 97, 4.305446
287, 98, 2.157890
287, 99, 1.159450
287, 100, 0.792004
287, 101, -0.031273
287, 102, 1.675544
287, 103, 0.000000
287, 104, 3.528026
287, 105, 2.728778
287, 106, 1.431670
287, 107, 1.874420
287, 108, 0.744162
287, 109, -0.016499
287, 110, 1.771988
287, 111, 0.813608
287, 112, 1.185186
287, 113, 3.554395
287, 114, 1.068332
287, 115, 1.820844
287, 116, 1.448688
287, 117, 2.225859
287, 118, 1.531023
287, 119, 1.334032
287, 120, 2.290500
287, 121, 3.683728
287, 122, 2.491351
287, 123, 0.346461
287, 124, 2.149924
287, 125, 4.287258
287, 126, 1.008914
287, 127, 0.838413
287, 128, 0.540199
287, 129, 0.074872
287, 130, 1.536904
287, 131, 1.749791
287, 132, 1.199875
287, 133, 0.903769
287, 134, 1.165754
287, 135, 0.744959
287, 136, 0.252817
287, 137, 1.670583
287, 138, 0.985482
287, 139, 0.937750
287, 140, 3.517979
287, 141, 2.066215
287, 142, 3.142839
287, 143, 1.924555
287, 144, 1.581656
287, 145, 1.469971
287, 146, 1.966183
287, 147, 3.720475
287, 148, 2.446034
287, 149, 3.525420
287, 150, 1.562608
287, 151, 1.890158
287, 152, 2.063596
287, 153, 0.000000
287, 154, 1.593774
287, 155, 2.281182
287, 156, -0.010000
287, 157, 3.006411
287, 158, 1.991819
287, 159, 1.282318
287, 160, 2.925129
287, 161, 2.064247
287, 162, 3.322927
287, 163, 2.513334
287, 164, 3.356838
287, 165, 2.991606
287, 166, 3.632913
287, 167, 1.409328
287, 168, 0.369980
287, 169, 1.762267
287, 170, 1.509260
287, 171, 2.823118
287, 172, 2.343631
287, 173, 2.717783
287, 174, 1.816371
287, 175, 1.067069
287, 176, 3.356679
287, 177, 2.483373
287, 178, 0.529260
287, 179, 3.040769
287, 180, 3.514889
287, 181, 0.965567
287, 182, 3.132624
287, 183, -0.040000
287, 184, 1.108194
287, 185, 1.880346
287, 186, 3.343274
287, 187, 0.000000
287, 188, 2.726414
287, 189, 3.004239
287, 190, 2.409982
287, 191, 0.717938
287, 192, 2.162259
287, 193, 2.742646
287, 194, 1.537421
287, 195, 1.192316
287, 196, 3.965392
287, 197, 2.307760
287, 198, 2.286333
287, 199, 1.452204
289, 0, 1.503664
289, 1, 1.547395
289, 2, 2.206659
289, 3, 1.150859
289, 4, -0.339888
289, 5, 1.956643
289, 6, 0.000000
289, 7, 1.244126
289, 8, 3.316376
289, 9, 1.717014
289, 10, 1.799201
289, 11, 2.271102
289, 12, 2.536424
289, 13, -0.003852
289, 14, 2.590391
289, 15, 2.465624
289, 16, 1.129258
289, 17, 3.227415
289, 18, 3.588450
289, 19, 2.594844
289, 20, 4.290807
289, 21, 0.436530
289, 22, 2.161510
289, 23, 1.270559
289, 24, 1.065771
289, 25, 2.046121
289, 26, 1.447878
289, 27, 0.812977
289, 28, 1.983051
289, 29, 1.889348
289, 30, 0.668950
289, 31, 2.605586
289, 32, -0.040000
289, 33, 2.795581
289, 34, 2.394367
289, 35, 2.606451
289, 36, 2.161249
289, 37, 1.727346
289, 38, 0.375477
289, 39, 1.573277
289, 40, 2.683111
289, 41, 1.711591
289, 42, 1.011686
289, 43, 1.442728
289, 44, 0.519650
289, 45, 1.424121
289, 46, 2.243591
289, 47, 1.415481
289, 48, 2.594936
289, 49, -0.160065
289, 50, 2.187935
289, 51, 0.700052
289, 52, 1.514256
289, 53, -0.000015
289, 54, 2.739482
289, 55, 3.161661
289, 56, 2.518017
289, 57, 2.947684
289, 58, 0.829374
289, 59, 1.691667
289, 60, 0.000000
289, 61, 1.402721
289, 62, 2.046885
289, 63, 1.722669
289, 64, 2.057648
289, 65, 3.462389
289, 66, 1.750670
289, 67, 2.514823
289, 68, 1.645292
289, 69, 2.721553
289, 70, 2.954952
289, 71, 2.583029
289, 72, 3.798601
289, 73, 3.214226
289, 74, 1.580833
289, 75, 1.934788
289, 76, 1.049166
289, 77, 1.420346
289, 78, 1.805377
289, 79, 2.797782
289, 80, 2.673485
289, 81, 1.757320
289, 82, -0.133104
289, 83, 1.218870
289, 84, 0.939994
289, 85, 2.945450
289, 86, 3.272853
289, 87, 2.334270
289, 88, 1.398646
289, 89, 0.544654
289, 90, 1.203634
289, 91, 1.449068
289, 92, 0.672629
289, 93, 2.657825
289, 94, 1.674337
289, 95, 0.929425
289, 96, 1.654097
289, 97, 4.306985
289, 98, 2.161172
289, 99, 1.159450
289, 100, 0.792004
289, 101, -0.031273
289, 102, 1.675544
289, 103, 0.000000
289, 104, 3.532802
289, 105, 2.788351
289, 106, 1.431670
289, 107, 1.878887
289, 108, 0.744162
289, 109, -0.016499
289, 110, 1.771988
289, 111, 0.815323
289, 112, 1.185186
289, 113, 3.554022
289, 114, 1.068332
289, 115, 1.824360
289, 116, 1.444603
289, 117, 2.225859
289, 118, 1.532548
289, 119, 1.334032
289, 120, 2.290499
289, 121, 3.686932
289, 122, 2.491351
289, 123, 0.346461
289, 124, 2.149923
289, 125, 4.290245
289, 126, 1.015093
289, 127, 0.838413
289, 128, 0.522644
289, 129, 0.074872
289, 130, 1.536904
289, 131, 1.749791
289, 132, 1.199875
289, 133, 0.903749
289, 134, 1.165754
289, 135, 0.744959
289, 136, 0.252817
289, 137, 1.668158
289, 138, 0.985482
289, 139, 0.937750
289, 140, 3.521508
289, 141, 2.066215
289, 142, 3.153618
289, 143, 1.924555
289, 144, 1.581656
289, 145, 1.469971
289, 146, 1.966183
289, 147, 3.684477
289, 148, 2.446034
289, 149, 3.525196
289, 150, 1.562608
289, 151, 1.901784
289, 152, 2.063596
289, 153, 0.000000
289, 154, 1.593774
289, 155, 2.281182
289, 156, -0.010000
289, 157, 3.007350
289, 158, 1.991819
289, 159, 1.248352
289, 160, 2.920532
289, 161, 2.060747
289, 162, 3.328074
289, 163, 2.513334
289, 164, 3.356839
289, 165, 2.997289
289, 166, 3.628022
289, 167, 1.409328
289, 168, 0.369980
289, 169, 1.762074
289, 170, 1.509260
289, 171, 2.822708
289, 172, 2.350672
289, 173, 2.714516
289, 174, 1.802557
289, 175, 1.067069
289, 176, 3.356687
289, 177, 2.490906
289, 178, 0.529260
289, 179, 3.041552
289, 180, 3.509415
289, 181, 0.965567
289, 182, 3.132624
289, 183, -0.040000
289, 184, 1.087151
289, 185, 1.880346
289, 186, 3.360856
289, 187, 0.000000
289, 188, 2.725635
289, 189, 3.039182
289, 190, 2.409982
289, 191, 0.717938
289, 192, 2.144426
289, 193, 2.742997
289, 194, 1.537421
289, 195, 1.192316
289, 196, 3.955598
289, 197, 2.307760
289, 198, 2.286294
289, 199, 1.452204
291, 0, 1.503664
291, 1, 1.547395
291, 2, 2.230182
291, 3, 1.150856
291, 4, -0.339888
291, 5, 1.959152
291, 6, 0.000000
291, 7, 1.244126
291, 8, 3.262218
291, 9, 1.717014
291, 10, 1.799200
291, 11, 2.271102
291, 12, 2.530499
291, 13, -0.003852
291, 14, 2.590367
291, 15, 2.471968
291, 16, 1.129258
291, 17, 3.228215
291, 18, 3.583868
291, 19, 2.604982
291, 20, 4.280104
291, 21, 0.436530
291, 22, 2.161510
291, 23, 1.270559
291, 24, 1.065771
291, 25, 2.046121
291, 26, 1.467897
291, 27, 0.812977
291, 28, 1.983173
291, 29, 1.887065
291, 30, 0.668950
291, 31, 2.600672
291, 32, -0.040000
291, 33, 2.796449
291, 34, 2.393595
291, 35, 2.606375
291, 36, 2.167707
291, 37, 1.545562
291, 38, 0.375477
291, 39, 1.573277
291, 40, 2.683111
291, 41, 1.711800
291, 42, 1.011686
291, 43, 1.442728
291, 44, 0.519650
291, 45, 1.422093
291, 46, 2.270584
291, 47, 1.415481
291, 48, 2.594740
291, 49, -0.160065
291, 50, 2.187935
291, 51, 0.700052
291, 52, 1.514256
291, 53, -0.000015
291, 54, 2.706234
291, 55, 3.160982
291, 56, 2.510380
291, 57, 2.947784
291, 58, 0.829374
291, 59, 1.691667
291, 60, 0.000000
291, 61, 1.402721
291, 62, 2.046886
291, 63, 1.722669
291, 64, 2.057648
291, 65, 3.433424
291, 66, 1.750670
291, 67, 2.514823
291, 68, 1.626789
291, 69, 2.721939
291, 70, 2.953716
291, 71, 2.583029
291, 72, 3.798270
291, 73, 3.211778
291, 74, 1.580833
291, 75, 1.934788
291, 76, 1.049166
291, 77, 1.420346
291, 78, 1.805377
291, 79, 2.797783
291, 80, 2.674758
291, 81, 1.783603
291, 82, -0.129387
291, 83, 1.218892
291, 84, 0.939994
291, 85, 2.945451
291, 86, 3.294217
291, 87, 2.360390
291, 88, 1.398646
291, 89, 0.544654
291, 90, 1.203633
291, 91, 1.419188
291, 92, 0.672629
291, 93, 2.662623
291, 94, 1.665863
291, 95, 0.928603
291, 96, 1.685525
291, 97, 4.302247
291, 98, 2.144128
291, 99, 1.159450
291, 100, 0.792004
291, 101, -0.031273
291, 102, 1.675544
291, 103, 0.000000
291, 104, 3.533317
291, 105, 2.756961
291, 106, 1.431670
291, 107, 1.887055
291, 108, 0.744162
291, 109, -0.016499
291, 110, 1.771988
291, 111, 0.817318
291, 112, 1.185186
291, 113, 3.517012
291, 114, 1.068332
291, 115, 1.826540
291, 116, 1.444603
291, 117, 2.225859
291, 118, 1.532849
291, 119, 1.334032
291, 120, 2.290500
291, 121, 3.605793
291, 122, 2.491351
291, 123, 0.346461
291, 124, 2.149924
291, 125, 4.271746
291, 126, 1.021261
291, 127, 0.838413
291, 128, 0.513197
291, 129, 0.074872
291, 130, 1.536904
291, 131, 1.749791
291, 132, 1.199875
291, 133, 0.903728
291, 134, 1.165754
291, 135, 0.744959
291, 136, 0.252817
291, 137, 1.666023
291, 138, 0.985482
291, 139, 0.937750
291, 140, 3.524249
291, 141, 2.066215
291, 142, 3.137553
291, 143, 1.924555
291, 144, 1.581656
291, 145, 1.469971
291, 146, 1.966183
291, 147, 3.771638
291, 148, 2.446033
291, 149, 3.525468
291, 150, 1.562608
291, 151, 1.908665
291, 152, 2.058543
291, 153, 0.000000
291, 154, 1.593774
291, 155, 2.281182
291, 156, -0.010000
291, 157, 3.007227
291, 158, 1.991819
291, 159, 1.239793
291, 160, 2.949043
291, 161, 2.036800
291, 162, 3.318602
291, 163, 2.514626
291, 164, 3.356840
291, 165, 2.995831
291, 166, 3.623309
291, 167, 1.409328
291, 168, 0.369980
291, 169, 1.761511
291, 170, 1.509260
291, 171, 2.823754
291, 172, 2.350448
291, 173, 2.716730
291, 174, 1.842913
291, 175, 1.067069
291, 176, 3.357964
291, 177, 2.488065
291, 178, 0.529260
291, 179, 3.032928
291, 180, 3.456711
291, 181, 0.965567
291, 182, 3.132624
291, 183, -0.040000
291, 184, 1.078716
291, 185, 1.880346
291, 186, 3.370269
291, 187, 0.000000
291, 188, 2.740648
291, 189, 3.046935
291, 190, 2.409982
291, 191, 0.717938
291, 192, 2.159725
291, 193, 2.736126
291, 194, 1.537419
291, 195, 1.192311
291, 196, 3.976912
291, 197, 2.317934
291, 198, 2.286249
291, 199, 1.452205
293, 0, 1.503664
293, 1, 1.547395
293, 2, 2.220488
293, 3, 1.150858
293, 4, -0.339888
293, 5, 1.959707
293, 6, 0.000000
293, 7, 1.244126
293, 8, 3.303617
293, 9, 1.717014
293, 10, 1.799201
293, 11, 2.271102
293, 12, 2.525770
293, 13, -0.003852
293, 14, 2.590366
293, 15, 2.470499
293, 16, 1.129258
293, 17, 3.220296
293, 18, 3.587553
293, 19, 2.596541
293, 20, 4.293533
293, 21, 0.436530
293, 22, 2.161510
293, 23, 1.270559
293, 24, 1.065771
293, 25, 2.046121
293, 26, 1.330946
293, 27, 0.812977
293, 28, 1.983254
293, 29, 1.885146
293, 30, 0.668950
293, 31, 2.596707
293, 32, -0.040000
293, 33, 2.795820
293, 34, 2.342238
293, 35, 2.606314
293, 36, 2.182481
293, 37, 1.620470
293, 38, 0.375477
293, 39, 1.573277
293, 40, 2.683111
293, 41, 1.711975
293, 42, 1.011686
293, 43, 1.442728
293, 44, 0.519650
293, 45, 1.420370
293, 46, 2.263063
293, 47, 1.415481
293, 48, 2.594603
293, 49, -0.160065
293, 50, 2.187935
293, 51, 0.700052
293, 52, 1.514256
293, 53, -0.000015
293, 54, 2.730691
293, 55, 3.163692
293, 56, 2.508682
293, 57, 2.947900
293, 58, 0.829374
293, 59, 1.691667
293, 60, 0.000000
293, 61, 1.402721
293, 62, 2.046886
293, 63, 1.722669
293, 64, 2.057648
293, 65, 3.469637
293, 66, 1.750670
293, 67, 2.514823
293, 68, 1.629104
293, 69, 2.721939
293, 70, 2.952758
293, 71, 2.583029
293, 72, 3.798550
293, 73, 3.210232
293, 74, 1.580833
293, 75, 1.934788
293, 76, 1.049166
293, 77, 1.420346
293, 78, 1.805377
293, 79, 2.797782
293, 80, 2.674030
293, 81, 1.809129
293, 82, -0.128048
293, 83, 1.218908
293, 84, 0.939994
293, 85, 2.945450
293, 86, 3.294487
293, 87, 2.334270
293, 88, 1.398646
293, 89, 0.544654
293, 90, 1.203632
293, 91, 1.415408
293, 92, 0.672629
293, 93, 2.668426
293, 94, 1.671514
293, 95, 0.921257
293, 96, 1.645330
293, 97, 4.305108
293, 98, 2.152180
293, 99, 1.159450
293, 100, 0.792004
293, 101, -0.031273
293, 102, 1.675544
293, 103, 0.000000
293, 104, 3.532217
293, 105, 2.749178
293, 106, 1.431670
293, 107, 1.912724
293, 108, 0.744162
293, 109, -0.016499
293, 110, 1.771988
293, 111, 0.819439
293, 112, 1.185186
293, 113, 3.553739
293, 114, 1.068332
293, 115, 1.827089
293, 116, 1.445935
293, 117, 2.225859
293, 118, 1.532305
293, 119, 1.334032
293, 120, 2.290500
293, 121, 3.667660
293, 122, 2.491351
293, 123, 0.346461
293, 124, 2.149924
293, 125, 4.288750
293, 126, 1.026834
293, 127, 0.838413
293, 128, 0.513197
293, 129, 0.074872
293, 130, 1.536904
293, 131, 1.749791
293, 132, 1.199875
293, 133, 0.903723
293, 134, 1.165754
293, 135, 0.744959
293, 136, 0.269353
293, 137, 1.663710
293, 138, 0.985482
293, 139, 0.937750
293, 140, 3.513750
293, 141, 2.066215
293, 142, 3.136972
293, 143, 1.924555
293, 144, 1.581656
293, 145, 1.469971
293, 146, 1.966183
293, 147, 3.765692
293, 148, 2.446034
293, 149, 3.525488
293, 150, 1.562608
293, 151, 1.921969
293, 152, 2.061075
293, 153, 0.000000
293, 154, 1.593774
293, 155, 2.281182
293, 156, -0.010000
293, 157, 3.007303
293, 158, 1.991819
293, 159, 1.201461
293, 160, 2.910641
293, 161, 1.960952
293, 162, 3.307232
293, 163, 2.514626
293, 164, 3.356840
293, 165, 2.995301
293, 166, 3.630291
293, 167, 1.409328
293, 168, 0.369980
293, 169, 1.761469
293, 170, 1.509260
293, 171, 2.823094
293, 172, 2.308197
293, 173, 2.718606
293, 174, 1.828980
293, 175, 1.067069
293, 176, 3.356689
293, 177, 2.502331
293, 178, 0.529260
293, 179, 3.039405
293, 180, 3.517671
293, 181, 0.965567
293, 182, 3.132624
293, 183, -0.040000
293, 184, 1.049911
293, 185, 1.880346
293, 186, 3.353666
293, 187, 0.000000
293, 188, 2.731676
293, 189, 2.962085
293, 190, 2.409982
293, 191, 0.717938
293, 192, 2.156519
293, 193, 2.741719
293, 194, 1.537423
293, 195, 1.192313
293, 196, 3.981329
293, 197, 2.305511
293, 198, 2.286208
293, 199, 1.452205
295, 0, 1.503664
295, 1, 1.547395
295, 2, 2.200994
295, 3, 1.150858
295, 4, -0.339888
295, 5, 1.961150
295, 6, 0.000000
295, 7, 1.244126
295, 8, 3.310812
295, 9, 1.717014
295, 10, 1.799201
295, 11, 2.271102
295, 12, 2.532906
295, 13, -0.003853
295, 14, 2.590358
295, 15, 2.462467
295, 16, 1.129258
295, 17, 3.229154
295, 18, 3.588732
295, 19, 2.596541
295, 20, 4.232232
295, 21, 0.436530
295, 22, 2.161510
295, 23, 1.270559
295, 24, 1.065771
295, 25, 2.046121
295, 26, 1.367691
295, 27, 0.812977
295, 28, 1.982526
295, 29, 1.884698
295, 30, 0.668950
295, 31, 2.602508
295, 32, -0.040000
295, 33, 2.794176
295, 34, 2.374103
295, 35, 2.606246
295, 36, 2.186043
295, 37, 1.651970
295, 38, 0.375477
295, 39, 1.573277
295, 40, 2.683111
295, 41, 1.712151
295, 42, 1.011686
295, 43, 1.442728
295, 44, 0.519650
295, 45, 1.419969
295, 46, 2.275026
295, 47, 1.415481
295, 48, 2.594915
295, 49, -0.160065
295, 50, 2.187935
295, 51, 0.700052
295, 52, 1.514256
295, 53, -0.000015
295, 54, 2.743188
295, 55, 3.163260
295, 56, 2.513799
295, 57, 2.948009
295, 58, 0.829374
295, 59, 1.691667
295, 60, 0.000000
295, 61, 1.402721
295, 62, 2.046885
295, 63, 1.722669
295, 64, 2.057648
295, 65, 3.445668
295, 66, 1.750670
295, 67, 2.514823
295, 68, 1.616038
295, 69, 2.722185
295, 70, 2.954764
295, 71, 2.583028
295, 72, 3.798828
295, 73, 3.211977
295, 74, 1.580833
295, 75, 1.934788
295, 76, 1.049166
295, 77, 1.420346
295, 78, 1.805377
295, 79, 2.797782
295, 80, 2.673737
295, 81, 1.813670
295, 82, -0.127665
295, 83, 1.218918
295, 84, 0.939994
295, 85, 2.945450
295, 86, 3.299774
295, 87, 2.334270
295, 88, 1.398646
295, 89, 0.544654
295, 90, 1.203633
295, 91, 1.409154
295, 92, 0.672629
295, 93, 2.655499
295, 94, 1.671852
295, 95, 0.937181
295, 96, 1.639971
295, 97, 4.295924
295, 98, 2.154210
295, 99, 1.159450
295, 100, 0.792004
295, 101, -0.031273
295, 102, 1.675544
295, 103, 0.000000
295, 104, 3.530937
295, 105, 2.742047
295, 106, 1.431670
295, 107, 1.897373
295, 108, 0.744162
295, 109, -0.016499
295, 110, 1.771988
295, 111, 0.821408
295, 112, 1.185186
295, 113, 3.554011
295, 114, 1.068332
295, 115, 1.823974
295, 116, 1.443054
295, 117, 2.225859
295, 118, 1.533903
295, 119, 1.334032
295, 120, 2.290500
295, 121, 3.704868
295, 122, 2.491351
295, 123, 0.346461
295, 124, 2.149924
295, 125, 4.282780
295, 126, 1.032269
295, 127, 0.838413
295, 128, 0.513197
295, 129, 0.074872
295, 130, 1.536904
295, 131, 1.749791
295, 132, 1.199875
295, 133, 0.903720
295, 134, 1.165754
295, 135, 0.744959
295, 136, 0.285137
295, 137, 1.661508
295, 138, 0.985482
295, 139, 0.937750
295, 140, 3.524359
295, 141, 2.066215
295, 142, 3.145120
295, 143, 1.924555
295, 144, 1.581656
295, 145, 1.469971
295, 146, 1.966183
295, 147, 3.749999
295, 148, 2.446035
295, 149, 3.525487
295, 150, 1.562608
295, 151, 1.921994
295, 152, 2.063409
295, 153, 0.000000
295, 154, 1.593774
295, 155, 2.281182
295, 156, -0.010000
295, 157, 3.007251
295, 158, 1.991819
295, 159, 1.201853
295, 160, 2.950401
295, 161, 2.046885
295, 162, 3.309436
295, 163, 2.514626
295, 164, 3.356841
295, 165, 2.994913
295, 166, 3.624026
295, 167, 1.409328
295, 168, 0.369980
295, 169, 1.761541
295, 170, 1.509260
295, 171, 2.822659
295, 172, 2.349968
295, 173, 2.720589
295, 174, 1.860514
295, 175, 1.067069
295, 176, 3.356691
295, 177, 2.500706
295, 178, 0.529260
295, 179, 3.035946
295, 180, 3.511420
295, 181, 0.965567
295, 182, 3.132624
295, 183, -0.040000
295, 184, 1.022173
295, 185, 1.880346
295, 186, 3.366744
295, 187, 0.000000
295, 188, 2.735212
295, 189, 3.000299
295, 190, 2.409982
295, 191, 0.717938
295, 192, 2.155917
295, 193, 2.742102
295, 194, 1.537425
295, 195, 1.192315
295, 196, 3.980273
295, 197, 2.305511
295, 198, 2.286169
295, 199, 1.452204
297, 0, 1.503664
297, 1, 1.547395
297, 2, 2.230079
297, 3, 1.150859
297, 4, -0.339888
297, 5, 1.963261
297, 6, 0.000000
297, 7, 1.244126
297, 8, 3.286945
297, 9, 1.717014
297, 10, 1.799201
297, 11, 2.271102
297, 12, 2.529282
297, 13, -0.003853
297, 14, 2.590341
297, 15, 2.442378
297, 16, 1.129258
297, 17, 3.230166
297, 18, 3.585604
297, 19, 2.600242
297, 20, 4.281242
297, 21, 0.436530
297, 22, 2.161510
297, 23, 1.270559
297, 24, 1.065771
297, 25, 2.046121
297, 26, 1.399518
297, 27, 0.812977
297, 28, 1.982847
297, 29, 1.884698
297, 30, 0.668950
297, 31, 2.599469
297, 32, -0.040000
297, 33, 2.793970
297, 34, 2.399188
297, 35, 2.606170
297, 36, 2.190953
297, 37, 1.589018
297, 38, 0.375477
297, 39, 1.573277
297, 40, 2.683111
297, 41, 1.712335
297, 42, 1.011686
297, 43, 1.442728
297, 44, 0.519650
297, 45, 1.418249
297, 46, 2.262503
297, 47, 1.415481
297, 48, 2.594879
297, 49, -0.160065
297, 50, 2.187935
297, 51, 0.700052
297, 52, 1.514256
297, 53, -0.000015
297, 54, 2.716893
297, 55, 3.164551
297, 56, 2.511465
297, 57, 2.948111
297, 58, 0.829374
297, 59, 1.691667
297, 60, 0.000000
297, 61, 1.402721
297, 62, 2.046885
297, 63, 1.722669
297, 64, 2.057648
297, 65, 3.452973
297, 66, 1.750670
297, 67, 2.514823
297, 68, 1.616038
297, 69, 2.722342
297, 70, 2.954899
297, 71, 2.583029
297, 72, 3.799350
297, 73, 3.210560
297, 74, 1.580833
297, 75, 1.934788
297, 76, 1.049166
297, 77, 1.420346
297, 78, 1.805377
297, 79, 2.797782
297, 80, 2.673759
297, 81, 1.800574
297, 82, -0.126332
297, 83, 1.218924
297, 84, 0.939994
297, 85, 2.945450
297, 86, 3.303780
297, 87, 2.334270
297, 88, 1.398646
297, 89, 0.544654
297, 90, 1.203634
297, 91, 1.401741
297, 92, 0.672629
297, 93, 2.675507
297, 94, 1.671716
297, 95, 0.925205
297, 96, 1.639946
297, 97, 4.306709
297, 98, 2.156255
297, 99, 1.159450
297, 100, 0.792004
297, 101, -0.031273
297, 102, 1.675544
297, 103, 0.000000
297, 104, 3.532218
297, 105, 2.749225
297, 106, 1.431670
297, 107, 1.875880
297, 108, 0.744162
297, 109, -0.016499
297, 110, 1.771988
297, 111, 0.823142
297, 112, 1.185186
297, 113, 3.551245
297, 114, 1.068332
297, 115, 1.819865
297, 116, 1.442306
297, 117, 2.225859
297, 118, 1.534671
297, 119, 1.334032
297, 120, 2.290500
297, 121, 3.695231
297, 122, 2.491351
297, 123, 0.346461
297, 124, 2.149924
297, 125, 4.286379
297, 126, 1.037486
297, 127, 0.838413
297, 128, -0.090005
297, 129, 0.074872
297, 130, 1.536904
297, 131, 1.749791
297, 132, 1.199875
297, 133, 0.903718
297, 134, 1.165754
297, 135, 0.744959
297, 136, 0.300207
297, 137, 1.659374
297, 138, 0.985482
297, 139, 0.937750
297, 140, 3.525595
297, 141, 2.066215
297, 142, 3.133668
297, 143, 1.924555
297, 144, 1.581656
297, 145, 1.469971
297, 146, 1.966183
297, 147, 3.774692
297, 148, 2.446036
297, 149, 3.525365
297, 150, 1.562608
297, 151, 1.922153
297, 152, 2.065562
297, 153, 0.000000
297, 154, 1.593774
297, 155, 2.281182
297, 156, -0.010000
297, 157, 3.007250
297, 158, 1.991819
297, 159, 1.197203
297, 160, 2.941678
297, 161, 2.032550
297, 162, 3.324442
297, 163, 2.514626
297, 164, 3.356841
297, 165, 2.994442
297, 166, 3.630344
297, 167, 1.409328
297, 168, 0.369980
297, 169, 1.761694
297, 170, 1.509260
297, 171, 2.822917
297, 172, 2.348057
297, 173, 2.719666
297, 174, 1.903825
297, 175, 1.067069
297, 176, 3.356692
297, 177, 2.483355
297, 178, 0.529260
297, 179, 3.042826
297, 180, 3.507209
297, 181, 0.965567
297, 182, 3.132624
297, 183, -0.040000
297, 184, 0.987180
297, 185, 1.880345
297, 186, 3.350136
297, 187, 0.000000
297, 188, 2.728714
297, 189, 3.026827
297, 190, 2.409982
297, 191, 0.717938
297, 192, 2.148805
297, 193, 2.743186
297, 194, 1.537426
297, 195, 1.192316
297, 196, 3.979715
297, 197, 2.305511
297, 198, 2.286131
297, 199, 1.452205
299, 0, 1.503664
299, 1, 1.547396
299, 2, 2.229987
299, 3, 1.150859
299, 4, -0.339888
299, 5, 1.965268
299, 6, 0.000000
299, 7, 1.244126
299, 8, 3.300297
299, 9, 1.717014
299, 10, 1.799201
299, 11, 2.271102
299, 12, 2.523120
299, 13, -0.003853
299, 14, 2.590333
299, 15, 2.406475
299, 16, 1.129258
299, 17, 3.229997
299, 18, 3.588437
299, 19, 2.600242
299, 20, 4.281316
299, 21, 0.436530
299, 22, 2.161510
299, 23, 1.270559
299, 24, 1.065771
299, 25, 2.046121
299, 26, 1.427606
299, 27, 0.812977
299, 28, 1.983051
299, 29, 1.884291
299, 30, 0.668950
299, 31, 2.594300
299, 32, -0.040000
299, 33, 2.791461
299, 34, 2.388719
299, 35, 2.606100
299, 36, 2.196418
299, 37, 1.668045
299, 38, 0.375477
299, 39, 1.573277
299, 40, 2.683111
299, 41, 1.712520
299, 42, 1.011686
299, 43, 1.442728
299, 44, 0.519650
299, 45, 1.417229
299, 46, 2.246572
299, 47, 1.415481
299, 48, 2.595040
299, 49, -0.160065
299, 50, 2.187935
299, 51, 0.700052
299, 52, 1.514256
299, 53, -0.000015
299, 54, 2.734898
299, 55, 3.165243
299, 56, 2.517267
299, 57, 2.948220
299, 58, 0.829374
299, 59, 1.691667
299, 60, 0.000000
299, 61, 1.402721
299, 62, 2.046885
299, 63, 1.722669
299, 64, 2.057648
299, 65, 3.444175
299, 66, 1.750670
299, 67, 2.514823
299, 68, 1.616038
299, 69, 2.722443
299, 70, 2.955204
299, 71, 2.583029
299, 72, 3.799358
299, 73, 3.208613
299, 74, 1.580833
299, 75, 1.934788
299, 76, 1.049166
299, 77, 1.420346
299, 78, 1.805377
299, 79, 2.797782
299, 80, 2.673809
299, 81, 1.807420
299, 82, -0.125519
299, 83, 1.218928
299, 84, 0.939994
299, 85, 2.945451
299, 86, 3.245765
299, 87, 2.334270
299, 88, 1.398646
299, 89, 0.544654
299, 90, 1.203635
299, 91, 1.447388
299, 92, 0.672629
299, 93, 2.633343
299, 94, 1.673734
299, 95, 0.935194
299, 96, 1.639916
299, 97, 4.307549
299, 98, 2.153662
299, 99, 1.159450
299, 100, 0.792004
299, 101, -0.031273
299, 102, 1.675544
299, 103, 0.000000
299, 104, 3.530810
299, 105, 2.741383
299, 106, 1.431670
299, 107, 1.873588
299, 108, 0.744162
299, 109, -0.016499
299, 110, 1.771988
299, 111, 0.825181
299, 112, 1.185186
299, 113, 3.512407
299, 114, 1.068332
299, 115, 1.821195
299, 116, 1.438571
299, 117, 2.225859
299, 118, 1.536141
299, 119, 1.334032
299, 120, 2.290499
299, 121, 3.693712
299, 122, 2.491351
299, 123, 0.346461
299, 124, 2.149924
299, 125, 4.289182
299, 126, 1.042639
299, 127, 0.838413
299, 128, -0.090005
299, 129, 0.074872
299, 130, 1.536905
299, 131, 1.749791
299, 132, 1.199875
299, 133, 0.903716
299, 134, 1.165754
299, 135, 0.744959
299, 136, 0.314599
299, 137, 1.657359
299, 138, 0.985482
299, 139, 0.937750
299, 140, 3.528518
299, 141, 2.066215
299, 142, 3.135135
299, 143, 1.924555
299, 144, 1.581656
299, 145, 1.469971
299, 146, 1.966183
299, 147, 3.755217
299, 148, 2.446036
299, 149, 3.525252
299, 150, 1.562608
299, 151, 1.918773
299, 152, 2.067549
299, 153, 0.000000
299, 154, 1.593774
299, 155, 2.281182
299, 156, -0.010000
299, 157, 3.007250
299, 158, 1.991819
299, 159, 1.197203
299, 160, 2.929992
299, 161, 2.010664
299, 162, 3.348971
299, 163, 2.514626
299, 164, 3.356842
299, 165, 2.994123
299, 166, 3.631349
299, 167, 1.409328
299, 168, 0.369980
299, 169, 1.761937
299, 170, 1.509260
299, 171, 2.821766
299, 172, 2.342401
299, 173, 2.716781
299, 174, 1.875620
299, 175, 1.067069
299, 176, 3.356691
299, 177, 2.488749
299, 178, 0.529260
299, 179, 3.041729
299, 180, 3.435759
299, 181, 0.965567
299, 182, 3.132624
299, 183, -0.040000
299, 184, 0.975220
299, 185, 1.880346
299, 186, 3.357281
299, 187, 0.000000
299, 188, 2.746585
299, 189, 3.060015
299, 190, 2.409982
299, 191, 0.717938
299, 192, 2.145706
299, 193, 2.743397
299, 194, 1.537426
299, 195, 1.192316
299, 196, 3.979648
299, 197, 2.305511
299, 198, 2.286097
299, 199, 1.452205
301, 0, 1.503664
301, 1, 1.547396
301, 2, 2.202531
301, 3, 1.150856
301, 4, -0.339888
301, 5, 1.964472
301, 6, 0.000000
301, 7, 1.244126
301, 8, 3.299353
301, 9, 1.717014
301, 10, 1.799200
301, 11, 2.271102
301, 12, 2.532809
301, 13, -0.003852
301, 14, 2.590319
301, 15, 2.455665
301, 16, 1.129258
301, 17, 3.224853
301, 18, 3.587059
301, 19, 2.610469
301, 20, 4.216138
301, 21, 0.436530
301, 22, 2.161510
301, 23, 1.270559
301, 24, 1.065771
301, 25, 2.046121
301, 26, 1.374115
301, 27, 0.812977
301, 28, 1.983176
301, 29, 1.899472
301, 30, 0.668950
301, 31, 2.602233
301, 32, -0.040000
301, 33, 2.790100
301, 34, 2.363109
301, 35, 2.606023
301, 36, 2.210907
301, 37, 1.742015
301, 38, 0.375477
301, 39, 1.569776
301, 40, 2.683111
301, 41, 1.712691
301, 42, 1.011686
301, 43, 1.442728
301, 44, 0.519650
301, 45, 1.431500
301, 46, 2.232465
301, 47, 1.415481
301, 48, 2.595084
301, 49, -0.160065
301, 50, 2.187935
301, 51, 0.700052
301, 52, 1.514256
301, 53, -0.000015
301, 54, 2.781650
301, 55, 3.165327
301, 56, 2.522914
301, 57, 2.948327
301, 58, 0.829374
301, 59, 1.691667
301, 60, 0.000000
301, 61, 1.402721
301, 62, 2.046886
301, 63, 1.722669
301, 64, 2.057648
301, 65, 3.449706
301, 66, 1.750670
301, 67, 2.514823
301, 68, 1.616038
301, 69, 2.722506
301, 70, 2.954500
301, 71, 2.583029
301, 72, 3.799378
301, 73, 3.211122
301, 74, 1.580833
301, 75, 1.934788
301, 76, 1.049166
301, 77, 1.420346
301, 78, 1.805377
301, 79, 2.797783
301, 80, 2.673261
301, 81, 1.807667
301, 82, -0.135822
301, 83, 1.218927
301, 84, 0.939994
301, 85, 2.945451
301, 86, 3.255176
301, 87, 2.334270
301, 88, 1.398646
301, 89, 0.544654
301, 90, 1.203633
301, 91, 1.471278
301, 92, 0.672629
301, 93, 2.659584
301, 94, 1.664969
301, 95, 0.936837
301, 96, 1.639968
301, 97, 4.260907
301, 98, 2.155514
301, 99, 1.159450
301, 100, 0.792004
301, 101, -0.031273
301, 102, 1.675544
301, 103, 0.000000
301, 104, 3.527738
301, 105, 2.727762
301, 106, 1.431670
301, 107, 1.888119
301, 108, 0.744162
301, 109, -0.016499
301, 110, 1.771988
301, 111, 0.827059
301, 112, 1.185186
301, 113, 3.550932
301, 114, 1.068332
301, 115, 1.830054
301, 116, 1.436123
301, 117, 2.225860
301, 118, 1.537736
301, 119, 1.334032
301, 120, 2.290500
301, 121, 3.704062
301, 122, 2.491351
301, 123, 0.346461
301, 124, 2.149924
301, 125, 4.280834
301, 126, 1.047562
301, 127, 0.838413
301, 128, -0.090005
301, 129, 0.074872
301, 130, 1.536905
301, 131, 1.749791
301, 132, 1.199875
301, 133, 0.903707
301, 134, 1.165754
301, 135, 0.744959
301, 136, 0.328345
301, 137, 1.655387
301, 138, 0.985482
301, 139, 0.937750
301, 140, 3.517961
301, 141, 2.066215
301, 142, 3.122611
301, 143, 1.924555
301, 144, 1.581656
301, 145, 1.469971
301, 146, 1.966183
301, 147, 3.773991
301, 148, 2.446034
301, 149, 3.525487
301, 150, 1.562608
301, 151, 1.919524
301, 152, 2.069381
301, 153, 0.000000
301, 154, 1.593774
301, 155, 2.281181
301, 156, -0.010000
301, 157, 3.007251
301, 158, 1.991819
301, 159, 1.160086
301, 160, 2.907462
301, 161, 2.064049
301, 162, 3.277706
301, 163, 2.514626
301, 164, 3.358791
301, 165, 2.995843
301, 166, 3.632751
301, 167, 1.409328
301, 168, 0.369980
301, 169, 1.760876
301, 170, 1.509260
301, 171, 2.821629
301, 172, 2.344500
301, 173, 2.708393
301, 174, 1.872323
301, 175, 1.067069
301, 176, 3.356691
301, 177, 2.496510
301, 178, 0.529260
301, 179, 3.042644
301, 180, 3.518152
301, 181, 0.965567
301, 182, 3.132624
301, 183, -0.040000
301, 184, 0.959587
301, 185, 1.880346
301, 186, 3.349710
301, 187, 0.000000
301, 188, 2.741862
301, 189, 2.972194
301, 190, 2.409982
301, 191, 0.717938
301, 192, 2.155790
301, 193, 2.742684
301, 194, 1.537424
301, 195, 1.192311
301, 196, 3.979664
301, 197, 2.307939
301, 198, 2.286060
301, 199, 1.452205
303, 0, 1.503664
303, 1, 1.547396
303, 2, 2.265700
303, 3, 1.150858
303, 4, -0.339888
303, 5, 1.964095
303, 6, 0.000000
303, 7, 1.244126
303, 8, 3.311229
303, 9, 1.717014
303, 10, 1.799201
303, 11, 2.271102
303, 12, 2.535921
303, 13, -0.003852
303, 14, 2.589848
303, 15, 2.439170
303, 16, 1.129258
303, 17, 3.228327
303, 18, 3.586423
303, 19, 2.607008
303, 20, 4.291052
303, 21, 0.436530
303, 22, 2.161510
303, 23, 1.270559
303, 24, 1.065771
303, 25, 2.046121
303, 26, 1.433006
303, 27, 0.812977
303, 28, 1.981215
303, 29, 1.899472
303, 30, 0.668950
303, 31, 2.604810
303, 32, -0.040000
303, 33, 2.789666
303, 34, 2.386227
303, 35, 2.605613
303, 36, 2.214681
303, 37, 1.502692
303, 38, 0.375477
303, 39, 1.569776
303, 40, 2.683111
303, 41, 1.712848
303, 42, 1.011686
303, 43, 1.442728
303, 44, 0.519650
303, 45, 1.430685
303, 46, 2.226277
303, 47, 1.415481
303, 48, 2.594966
303, 49, -0.160065
303, 50, 2.187935
303, 51, 0.700052
303, 52, 1.514256
303, 53, -0.000015
303, 54, 2.721699
303, 55, 3.164112
303, 56, 2.512639
303, 57, 2.948205
303, 58, 0.829374
303, 59, 1.691667
303, 60, 0.000000
303, 61, 1.402721
303, 62, 2.046886
303, 63, 1.722669
303, 64, 2.057648
303, 65, 3.460155
303, 66, 1.750670
303, 67, 2.514823
303, 68, 1.616038
303, 69, 2.722529
303, 70, 2.955223
303, 71, 2.589848
303, 72, 3.799409
303, 73, 3.212847
303, 74, 1.580833
303, 75, 1.934788
303, 76, 1.049166
303, 77, 1.420346
303, 78, 1.805377
303, 79, 2.797782
303, 80, 2.672418
303, 81, 1.745927
303, 82, -0.136415
303, 83, 1.218930
303, 84, 0.939994
303, 85, 2.945451
303, 86, 3.261882
303, 87, 2.349484
303, 88, 1.398646
303, 89, 0.544654
303, 90, 1.203634
303, 91, 1.466262
303, 92, 0.672629
303, 93, 2.659532
303, 94, 1.665782
303, 95, 0.940214
303, 96, 1.639942
303, 97, 4.304452
303, 98, 2.155351
303, 99, 1.159450
303, 100, 0.792004
303, 101, -0.031273
303, 102, 1.675544
303, 103, 0.000000
303, 104, 3.532794
303, 105, 2.788893
303, 106, 1.431670
303, 107, 1.862727
303, 108, 0.744162
303, 109, -0.016499
303, 110, 1.771988
303, 111, 0.828405
303, 112, 1.185186
303, 113, 3.553140
303, 114, 1.068332
303, 115, 1.839225
303, 116, 1.433747
303, 117, 2.225859
303, 118, 1.539135
303, 119, 1.334032
303, 120, 2.290500
303, 121, 3.598577
303, 122, 2.491351
303, 123, 0.346461
303, 124, 2.149924
303, 125, 4.266261
303, 126, 1.052408
303, 127, 0.838413
303, 128, -0.090005
303, 129, 0.074872
303, 130, 1.536904
303, 131, 1.749791
303, 132, 1.199875
303, 133, 0.903709
303, 134, 1.165754
303, 135, 0.744959
303, 136, 0.341477
303, 137, 1.653513
303, 138, 0.985482
303, 139, 0.937750
303, 140, 3.522367
303, 141, 2.066215
303, 142, 3.136337
303, 143, 1.924555
303, 144, 1.581656
303, 145, 1.469971
303, 146, 1.966183
303, 147, 3.746752
303, 148, 2.446034
303, 149, 3.525312
303, 150, 1.562608
303, 151, 1.918743
303, 152, 2.071071
303, 153, 0.000000
303, 154, 1.593774
303, 155, 2.281182
303, 156, -0.010000
303, 157, 3.007250
303, 158, 1.991819
303, 159, 1.155926
303, 160, 2.948910
303, 161, 1.963711
303, 162, 3.333296
303, 163, 2.514626
303, 164, 3.357390
303, 165, 2.995579
303, 166, 3.633190
303, 167, 1.409328
303, 168, 0.369980
303, 169, 1.760014
303, 170, 1.509260
303, 171, 2.821886
303, 172, 2.299182
303, 173, 2.710207
303, 174, 1.809768
303, 175, 1.067069
303, 176, 3.361212
303, 177, 2.488672
303, 178, 0.529260
303, 179, 3.043622
303, 180, 3.515968
303, 181, 0.965567
303, 182, 3.132624
303, 183, -0.040000
303, 184, 0.930191
303, 185, 1.880346
303, 186, 3.344752
303, 187, 0.000000
303, 188, 2.741854
303, 189, 3.000830
303, 190, 2.409982
303, 191, 0.717938
303, 192, 2.147267
303, 193, 2.742686
303, 194, 1.537426
303, 195, 1.192313
303, 196, 3.979354
303, 197, 2.309286
303, 198, 2.286036
303, 199, 1.452205
305, 0, 1.503664
305, 1, 1.547396
305, 2, 2.292017
305, 3, 1.150858
305, 4, -0.339888
305, 5, 1.964176
305, 6, 0.000000
305, 7, 1.244126
305, 8, 3.296426
305, 9, 1.717014
305, 10, 1.799201
305, 11, 2.271102
305, 12, 2.533869
305, 13, -0.003852
305, 14, 2.590020
305, 15, 2.445084
305, 16, 1.129258
305, 17, 3.221834
305, 18, 3.588382
305, 19, 2.593091
305, 20, 4.260304
305, 21, 0.436530
305, 22, 2.161510
305, 23, 1.270559
305, 24, 1.065771
305, 25, 2.046121
305, 26, 1.469967
305, 27, 0.812977
305, 28, 1.976650
305, 29, 1.899472
305, 30, 0.668950
305, 31, 2.603087
305, 32, -0.040000
305, 33, 2.788802
305, 34, 2.383034
305, 35, 2.605671
305, 36, 2.218089
305, 37, 1.582569
305, 38, 0.375477
305, 39, 1.569776
305, 40, 2.683111
305, 41, 1.712945
305, 42, 1.011686
305, 43, 1.442728
305, 44, 0.519650
305, 45, 1.429365
305, 46, 2.223245
305, 47, 1.415481
305, 48, 2.594805
305, 49, -0.160065
305, 50, 2.187935
305, 51, 0.700052
305, 52, 1.514256
305, 53, -0.000015
305, 54, 2.738701
305, 55, 3.166076
305, 56, 2.508952
305, 57, 2.948399
305, 58, 0.829374
305, 59, 1.691667
305, 60, 0.000000
305, 61, 1.402721
305, 62, 2.046885
305, 63, 1.722669
305, 64, 2.057648
305, 65, 3.466844
305, 66, 1.750670
305, 67, 2.514823
305, 68, 1.616038
305, 69, 2.722529
305, 70, 2.955190
305, 71, 2.583002
305, 72, 3.798794
305, 73, 3.212064
305, 74, 1.580833
305, 75, 1.934788
305, 76, 1.049166
305, 77, 1.420346
305, 78, 1.805377
305, 79, 2.797782
305, 80, 2.672258
305, 81, 1.764669
305, 82, -0.135287
305, 83, 1.218932
305, 84, 0.939994
305, 85, 2.945450
305, 86, 3.265100
305, 87, 2.349484
305, 88, 1.398646
305, 89, 0.544654
305, 90, 1.203632
305, 91, 1.460127
305, 92, 0.672629
305, 93, 2.662115
305, 94, 1.668815
305, 95, 0.935594
305, 96, 1.643690
305, 97, 4.287129
305, 98, 2.155501
305, 99, 1.159450
305, 100, 0.792004
305, 101, -0.031273
305, 102, 1.675544
305, 103, 0.000000
305, 104, 3.533312
305, 105, 2.756823
305, 106, 1.431670
305, 107, 1.884294
305, 108, 0.744162
305, 109, -0.016499
305, 110, 1.771988
305, 111, 0.829763
305, 112, 1.185186
305, 113, 3.554147
305, 114, 1.068332
305, 115, 1.845710
305, 116, 1.433747
305, 117, 2.225859
305, 118, 1.539073
305, 119, 1.334032
305, 120, 2.290500
305, 121, 3.660061
305, 122, 2.491351
305, 123, 0.346461
305, 124, 2.149924
305, 125, 4.285997
305, 126, 1.057417
305, 127, 0.838413
305, 128, -0.090005
305, 129, 0.074872
305, 130, 1.536905
305, 131, 1.749791
305, 132, 1.199875
305, 133, 0.903711
305, 134, 1.165754
305, 135, 0.744959
305, 136, 0.354026
305, 137, 1.651924
305, 138, 0.985482
305, 139, 0.937750
305, 140, 3.518334
305, 141, 2.066215
305, 142, 3.129655
305, 143, 1.924555
305, 144, 1.581656
305, 145, 1.469971
305, 146, 1.966183
305, 147, 3.727666
305, 148, 2.446034
305, 149, 3.525419
305, 150, 1.562608
305, 151, 1.918397
305, 152, 2.072630
305, 153, 0.000000
305, 154, 1.593774
305, 155, 2.281182
305, 156, -0.010000
305, 157, 3.010319
305, 158, 1.991819
305, 159, 1.155926
305, 160, 2.915538
305, 161, 2.050644
305, 162, 3.339128
305, 163, 2.514626
305, 164, 3.357055
305, 165, 2.995470
305, 166, 3.625982
305, 167, 1.409328
305, 168, 0.369980
305, 169, 1.759585
305, 170, 1.509260
305, 171, 2.821718
305, 172, 2.352342
305, 173, 2.708488
305, 174, 1.673557
305, 175, 1.067069
305, 176, 3.362061
305, 177, 2.490609
305, 178, 0.529260
305, 179, 3.043292
305, 180, 3.518190
305, 181, 0.965567
305, 182, 3.132624
305, 183, -0.040000
305, 184, 0.898507
305, 185, 1.880346
305, 186, 3.363322
305, 187, 0.000000
305, 188, 2.733659
305, 189, 2.979842
305, 190, 2.409982
305, 191, 0.717938
305, 192, 2.150811
305, 193, 2.743473
305, 194, 1.537426
305, 195, 1.192315
305, 196, 3.961972
305, 197, 2.308999
305, 198, 2.286016
305, 199, 1.452204
307, 0, 1.503664
307, 1, 1.547396
307, 2, 2.298335
307, 3, 1.150859
307, 4, -0.339888
307, 5, 1.964303
307, 6, 0.000000
307, 7, 1.244126
307, 8, 3.306291
307, 9, 1.717014
307, 10, 1.799201
307, 11, 2.271102
307, 12, 2.527819
307, 13, -0.003852
307, 14, 2.590023
307, 15, 2.414101
307, 16, 1.129258
307, 17, 3.208155
307, 18, 3.587725
307, 19, 2.593091
307, 20, 4.292888
307, 21, 0.436530
307, 22, 2.161510
307, 23, 1.270559
307, 24, 1.065771
307, 25, 2.046121
307, 26, 1.489370
307, 27, 0.812977
307, 28, 1.979181
307, 29, 1.899472
307, 30, 0.668950
307, 31, 2.574038
307, 32, -0.040000
307, 33, 2.787121
307, 34, 2.379369
307, 35, 2.605604
307, 36, 2.220726
307, 37, 1.689971
307, 38, 0.375477
307, 39, 1.569776
307, 40, 2.683111
307, 41, 1.713086
307, 42, 1.011686
307, 43, 1.442728
307, 44, 0.519650
307, 45, 1.429644
307, 46, 2.279769
307, 47, 1.415481
307, 48, 2.594990
307, 49, -0.160065
307, 50, 2.187935
307, 51, 0.700052
307, 52, 1.514256
307, 53, -0.000015
307, 54, 2.778279
307, 55, 3.165752
307, 56, 2.524745
307, 57, 2.948511
307, 58, 0.829374
307, 59, 1.691667
307, 60, 0.000000
307, 61, 1.402721
307, 62, 2.046885
307, 63, 1.722669
307, 64, 2.057648
307, 65, 3.466265
307, 66, 1.750670
307, 67, 2.514823
307, 68, 1.616038
307, 69, 2.722529
307, 70, 2.955157
307, 71, 2.583018
307, 72, 3.797841
307, 73, 3.212484
307, 74, 1.580833
307, 75, 1.934788
307, 76, 1.049166
307, 77, 1.420346
307, 78, 1.805377
307, 79, 2.797782
307, 80, 2.672184
307, 81, 1.756207
307, 82, -0.135060
307, 83, 1.218933
307, 84, 0.939994
307, 85, 2.945451
307, 86, 3.265687
307, 87, 2.361039
307, 88, 1.398646
307, 89, 0.544654
307, 90, 1.203631
307, 91, 1.458685
307, 92, 0.672629
307, 93, 2.653301
307, 94, 1.662108
307, 95, 0.946710
307, 96, 1.648455
307, 97, 4.304672
307, 98, 2.157159
307, 99, 1.159450
307, 100, 0.792004
307, 101, -0.031273
307, 102, 1.675544
307, 103, 0.000000
307, 104, 3.532295
307, 105, 2.749456
307, 106, 1.431670
307, 107, 1.898812
307, 108, 0.744162
307, 109, -0.016499
307, 110, 1.771988
307, 111, 0.831250
307, 112, 1.185186
307, 113, 3.555273
307, 114, 1.068332
307, 115, 1.849107
307, 116, 1.431552
307, 117, 2.225859
307, 118, 1.540587
307, 119, 1.334032
307, 120, 2.290500
307, 121, 3.677421
307, 122, 2.491351
307, 123, 0.346461
307, 124, 2.149924
307, 125, 4.290234
307, 126, 1.061978
307, 127, 0.838413
307, 128, -0.090005
307, 129, 0.074872
307, 130, 1.536904
307, 131, 1.749791
307, 132, 1.199875
307, 133, 0.903712
307, 134, 1.165754
307, 135, 0.744959
307, 136, 0.366018
307, 137, 1.650237
307, 138, 0.985482
307, 139, 0.937750
307, 140, 3.526013
307, 141, 2.066215
307, 142, 3.143086
307, 143, 1.924555
307, 144, 1.581656
307, 145, 1.469971
307, 146, 1.966183
307, 147, 3.688837
307, 148, 2.446034
307, 149, 3.524882
307, 150, 1.562608
307, 151, 1.923064
307, 152, 2.074068
307, 153, 0.000000
307, 154, 1.593774
307, 155, 2.281182
307, 156, -0.010000
307, 157, 3.007326
307, 158, 1.991819
307, 159, 1.168930
307, 160, 2.873496
307, 161, 2.050644
307, 162, 3.326363
307, 163, 2.514626
307, 164, 3.356843
307, 165, 2.995558
307, 166, 3.620750
307, 167, 1.409328
307, 168, 0.369980
307, 169, 1.759363
307, 170, 1.509260
307, 171, 2.821059
307, 172, 2.352485
307, 173, 2.710661
307, 174, 1.730352
307, 175, 1.067069
307, 176, 3.356692
307, 177, 2.494574
307, 178, 0.529260
307, 179, 3.030716
307, 180, 3.510455
307, 181, 0.965567
307, 182, 3.132624
307, 183, -0.040000
307, 184, 0.861866
307, 185, 1.880346
307, 186, 3.381788
307, 187, 0.000000
307, 188, 2.728137
307, 189, 3.009320
307, 190, 2.409982
307, 191, 0.717938
307, 192, 2.138750
307, 193, 2.742242
307, 194, 1.537426
307, 195, 1.192316
307, 196, 3.955504
307, 197, 2.308999
307, 198, 2.285982
307, 199, 1.452205
309, 0, 1.503664
309, 1, 1.547396
309, 2, 2.293492
309, 3, 1.150859
309, 4, -0.339888
309, 5, 1.965878
309, 6, 0.000000
309, 7, 1.244126
309, 8, 3.257903
309, 9, 1.717014
309, 10, 1.799201
309, 11, 2.271102
309, 12, 2.520342
309, 13, -0.003852
309, 14, 2.589540
309, 15, 2.453266
309, 16, 1.129258
309, 17, 3.230744
309, 18, 3.585910
309, 19, 2.593091
309, 20, 4.286317
309, 21, 0.436530
309, 22, 2.161510
309, 23, 1.270559
309, 24, 1.065771
309, 25, 2.046121
309, 26, 1.462724
309, 27, 0.812977
309, 28, 1.979692
309, 29, 1.899472
309, 30, 0.668950
309, 31, 2.567432
309, 32, -0.040000
309, 33, 2.787938
309, 34, 2.373443
309, 35, 2.605185
309, 36, 2.237511
309, 37, 1.681058
309, 38, 0.375477
309, 39, 1.569776
309, 40, 2.683111
309, 41, 1.713221
309, 42, 1.011686
309, 43, 1.442728
309, 44, 0.519650
309, 45, 1.428167
309, 46, 2.277026
309, 47, 1.415481
309, 48, 2.594960
309, 49, -0.160065
309, 50, 2.187935
309, 51, 0.700052
309, 52, 1.514256
309, 53, -0.000015
309, 54, 2.718900
309, 55, 3.164920
309, 56, 2.521966
309, 57, 2.948546
309, 58, 0.829374
309, 59, 1.691667
309, 60, 0.000000
309, 61, 1.402721
309, 62, 2.046885
309, 63, 1.722669
309, 64, 2.057648
309, 65, 3.433782
309, 66, 1.750670
309, 67, 2.514823
309, 68, 1.616038
309, 69, 2.722548
309, 70, 2.954911
309, 71, 2.585335
309, 72, 3.798330
309, 73, 3.209685
309, 74, 1.580833
309, 75, 1.934788
309, 76, 1.049166
309, 77, 1.420346
309, 78, 1.805377
309, 79, 2.797782
309, 80, 2.672259
309, 81, 1.748269
309, 82, -0.133846
309, 83, 1.218933
309, 84, 0.939994
309, 85, 2.945451
309, 86, 3.277017
309, 87, 2.355440
309, 88, 1.398646
309, 89, 0.544654
309, 90, 1.203632
309, 91, 1.444697
309, 92, 0.672629
309, 93, 2.660022
309, 94, 1.672911
309, 95, 0.942819
309, 96, 1.649596
309, 97, 4.304287
309, 98, 2.153965
309, 99, 1.159450
309, 100, 0.792004
309, 101, -0.031273
309, 102, 1.675544
309, 103, 0.000000
309, 104, 3.531191
309, 105, 2.743333
309, 106, 1.431670
309, 107, 1.918704
309, 108, 0.744162
309, 109, -0.016499
309, 110, 1.771988
309, 111, 0.832989
309, 112, 1.185186
309, 113, 3.554296
309, 114, 1.068332
309, 115, 1.850394
309, 116, 1.435280
309, 117, 2.225859
309, 118, 1.541619
309, 119, 1.334032
309, 120, 2.290499
309, 121, 3.650752
309, 122, 2.491351
309, 123, 0.346461
309, 124, 2.149924
309, 125, 4.284871
309, 126, 1.066127
309, 127, 0.838413
309, 128, -0.090005
309, 129, 0.074872
309, 130, 1.536905
309, 131, 1.749791
309, 132, 1.199875
309, 133, 0.903713
309, 134, 1.165754
309, 135, 0.744959
309, 136, 0.377480
309, 137, 1.648408
309, 138, 0.985482
309, 139, 0.937750
309, 140, 3.528375
309, 141, 2.066215
309, 142, 3.145363
309, 143, 1.924555
309, 144, 1.581656
309, 145, 1.469971
309, 146, 1.966183
309, 147, 3.772077
309, 148, 2.446034
309, 149, 3.525445
309, 150, 1.562608
309, 151, 1.918853
309, 152, 2.075394
309, 153, 0.000000
309, 154, 1.593774
309, 155, 2.281182
309, 156, -0.010000
309, 157, 3.007333
309, 158, 1.991819
309, 159, 1.119279
309, 160, 2.931038
309, 161, 2.060649
309, 162, 3.335020
309, 163, 2.514626
309, 164, 3.357567
309, 165, 2.994641
309, 166, 3.627865
309, 167, 1.409328
309, 168, 0.369980
309, 169, 1.759306
309, 170, 1.509260
309, 171, 2.822014
309, 172, 2.350725
309, 173, 2.709802
309, 174, 1.582160
309, 175, 1.067069
309, 176, 3.359062
309, 177, 2.493742
309, 178, 0.529260
309, 179, 3.034069
309, 180, 3.518271
309, 181, 0.965567
309, 182, 3.132624
309, 183, -0.040000
309, 184, 0.882546
309, 185, 1.880346
309, 186, 3.380922
309, 187, 0.000000
309, 188, 2.740960
309, 189, 3.028263
309, 190, 2.409982
309, 191, 0.717938
309, 192, 2.161124
309, 193, 2.743713
309, 194, 1.537426
309, 195, 1.192316
309, 196, 3.976594
309, 197, 2.313798
309, 198, 2.285942
309, 199, 1.452204
311, 0, 1.503664
311, 1, 1.547396
311, 2, 2.299469
311, 3, 1.150859
311, 4, -0.339888
311, 5, 1.965573
311, 6, 0.000000
311, 7, 1.244126
311, 8, 3.304737
311, 9, 1.717014
311, 10, 1.799200
311, 11, 2.271102
311, 12, 2.530582
311, 13, -0.003852
311, 14, 2.589999
311, 15, 2.504404
311, 16, 1.129258
311, 17, 3.226351
311, 18, 3.588219
311, 19, 2.593091
311, 20, 4.291741
311, 21, 0.436530
311, 22, 2.161510
311, 23, 1.270559
311, 24, 1.065771
311, 25, 2.046121
311, 26, 1.497374
311, 27, 0.812977
311, 28, 1.981079
311, 29, 1.899472
311, 30, 0.668950
311, 31, 2.576540
311, 32, -0.040000
311, 33, 2.787482
311, 34, 2.385447
311, 35, 2.605450
311, 36, 2.240901
311, 37, 1.736853
311, 38, 0.375477
311, 39, 1.569776
311, 40, 2.683111
311, 41, 1.713371
311, 42, 1.011686
311, 43, 1.442728
311, 44, 0.519650
311, 45, 1.426902
311, 46, 2.263566
311, 47, 1.415481
311, 48, 2.594833
311, 49, -0.160065
311, 50, 2.187935
311, 51, 0.700052
311, 52, 1.514256
311, 53, -0.000015
311, 54, 2.736930
311, 55, 3.165632
311, 56, 2.522709
311, 57, 2.948878
311, 58, 0.829374
311, 59, 1.691667
311, 60, 0.000000
311, 61, 1.402721
311, 62, 2.046886
311, 63, 1.722669
311, 64, 2.057648
311, 65, 3.484869
311, 66, 1.750670
311, 67, 2.514823
311, 68, 1.616038
311, 69, 2.722563
311, 70, 2.954968
311, 71, 2.583025
311, 72, 3.798564
311, 73, 3.212368
311, 74, 1.580833
311, 75, 1.934788
311, 76, 1.049166
311, 77, 1.420346
311, 78, 1.805377
311, 79, 2.797783
311, 80, 2.671692
311, 81, 1.767517
311, 82, -0.131756
311, 83, 1.218933
311, 84, 0.939994
311, 85, 2.945451
311, 86, 3.277028
311, 87, 2.334270
311, 88, 1.398646
311, 89, 0.544654
311, 90, 1.203630
311, 91, 1.439212
311, 92, 0.672629
311, 93, 2.655403
311, 94, 1.675179
311, 95, 0.943866
311, 96, 1.630592
311, 97, 4.305612
311, 98, 2.152274
311, 99, 1.159450
311, 100, 0.792004
311, 101, -0.031273
311, 102, 1.675544
311, 103, 0.000000
311, 104, 3.532220
311, 105, 2.749058
311, 106, 1.431670
311, 107, 1.919379
311, 108, 0.744162
311, 109, -0.016499
311, 110, 1.771988
311, 111, 0.834636
311, 112, 1.185186
311, 113, 3.554906
311, 114, 1.068332
311, 115, 1.850099
311, 116, 1.439065
311, 117, 2.225859
311, 118, 1.541126
311, 119, 1.334032
311, 120, 2.290500
311, 121, 3.673282
311, 122, 2.491351
311, 123, 0.346461
311, 124, 2.149923
311, 125, 4.289724
311, 126, 1.070314
311, 127, 0.838413
311, 128, -0.090005
311, 129, 0.074872
311, 130, 1.536905
311, 131, 1.749791
311, 132, 1.199875
311, 133, 0.903705
311, 134, 1.165754
311, 135, 0.744959
311, 136, 0.388438
311, 137, 1.646699
311, 138, 0.985482
311, 139, 0.937750
311, 140, 3.516881
311, 141, 2.066215
311, 142, 3.153622
311, 143, 1.924555
311, 144, 1.581656
311, 145, 1.469971
311, 146, 1.966183
311, 147, 3.772993
311, 148, 2.446033
311, 149, 3.525437
311, 150, 1.562608
311, 151, 1.907063
311, 152, 2.076617
311, 153, 0.000000
311, 154, 1.593774
311, 155, 2.281181
311, 156, -0.010000
311, 157, 3.007333
311, 158, 1.991819
311, 159, 1.119279
311, 160, 2.911424
311, 161, 1.950152
311, 162, 3.323661
311, 163, 2.514626
311, 164, 3.356844
311, 165, 2.995051
311, 166, 3.628790
311, 167, 1.409328
311, 168, 0.369980
311, 169, 1.759370
311, 170, 1.509260
311, 171, 2.821780
311, 172, 2.314044
311, 173, 2.712244
311, 174, 1.644267
311, 175, 1.067069
311, 176, 3.356692
311, 177, 2.480579
311, 178, 0.529260
311, 179, 3.044155
311, 180, 3.510245
311, 181, 0.965567
311, 182, 3.132624
311, 183, -0.040000
311, 184, 0.850020
311, 185, 1.880346
311, 186, 3.357135
311, 187, 0.000000
311, 188, 2.728286
311, 189, 2.923195
311, 190, 2.409982
311, 191, 0.717938
311, 192, 2.151624
311, 193, 2.744312
311, 194, 1.537425
311, 195, 1.192311
311, 196, 3.981651
311, 197, 2.306436
311, 198, 2.285907
311, 199, 1.452204
313, 0, 1.503664
313, 1, 1.547396
313, 2, 2.322517
313, 3, 1.150859
313, 4, -0.339888
313, 5, 1.967806
313, 6, 0.000000
313, 7, 1.244126
313, 8, 3.281975
313, 9, 1.717014
313, 10, 1.799201
313, 11, 2.271102
313, 12, 2.536336
313, 13, -0.003852
313, 14, 2.590107
313, 15, 2.459962
313, 16, 1.129258
313, 17, 3.208538
313, 18, 3.587429
313, 19, 2.593091
313, 20, 4.295928
313, 21, 0.436530
313, 22, 2.161510
313, 23, 1.270559
313, 24, 1.065771
313, 25, 2.046121
313, 26, 1.511165
313, 27, 0.812977
313, 28, 1.981947
313, 29, 1.901472
313, 30, 0.668950
313, 31, 2.581587
313, 32, -0.040000
313, 33, 2.787855
313, 34, 2.355125
313, 35, 2.605458
313, 36, 2.244017
313, 37, 1.772514
313, 38, 0.375477
313, 39, 1.569776
313, 40, 2.683111
313, 41, 1.713569
313, 42, 1.011686
313, 43, 1.442728
313, 44, 0.519650
313, 45, 1.428548
313, 46, 2.269121
313, 47, 1.415481
313, 48, 2.594749
313, 49, -0.160065
313, 50, 2.187935
313, 51, 0.700052
313, 52, 1.514256
313, 53, -0.000015
313, 54, 2.779489
313, 55, 3.166229
313, 56, 2.526673
313, 57, 2.949039
313, 58, 0.829374
313, 59, 1.691667
313, 60, 0.000000
313, 61, 1.402721
313, 62, 2.046886
313, 63, 1.722669
313, 64, 2.057648
313, 65, 3.437531
313, 66, 1.750670
313, 67, 2.514823
313, 68, 1.616038
313, 69, 2.722574
313, 70, 2.953404
313, 71, 2.584249
313, 72, 3.796171
313, 73, 3.213733
313, 74, 1.580833
313, 75, 1.934788
313, 76, 1.049166
313, 77, 1.420346
313, 78, 1.805377
313, 79, 2.797782
313, 80, 2.672507
313, 81, 1.775561
313, 82, -0.132841
313, 83, 1.218934
313, 84, 0.939994
313, 85, 2.945451
313, 86, 3.270756
313, 87, 2.334270
313, 88, 1.398646
313, 89, 0.544654
313, 90, 1.203631
313, 91, 1.447560
313, 92, 0.672629
313, 93, 2.661521
313, 94, 1.666154
313, 95, 0.939897
313, 96, 1.658135
313, 97, 4.306700
313, 98, 2.157312
313, 99, 1.159450
313, 100, 0.792004
313, 101, -0.031273
313, 102, 1.675544
313, 103, 0.000000
313, 104, 3.531206
313, 105, 2.743410
313, 106, 1.431670
313, 107, 1.937010
313, 108, 0.744162
313, 109, -0.016499
313, 110, 1.771988
313, 111, 0.835603
313, 112, 1.185186
313, 113, 3.553652
313, 114, 1.068332
313, 115, 1.848059
313, 116, 1.434730
313, 117, 2.225859
313, 118, 1.541184
313, 119, 1.334032
313, 120, 2.290500
313, 121, 3.603259
313, 122, 2.491351
313, 123, 0.346461
313, 124, 2.149923
313, 125, 4.271408
313, 126, 1.074023
313, 127, 0.838413
313, 128, -0.090005
313, 129, 0.074872
313, 130, 1.536905
313, 131, 1.749791
313, 132, 1.199875
313, 133, 0.903708
313, 134, 1.165754
313, 135, 0.744959
313, 136, 0.398916
313, 137, 1.644897
313, 138, 0.985482
313, 139, 0.937750
313, 140, 3.521574
313, 141, 2.066215
313, 142, 3.147451
313, 143, 1.924555
313, 144, 1.581656
313, 145, 1.469971
313, 146, 1.966183
313, 147, 3.775044
313, 148, 2.446034
313, 149, 3.524681
313, 150, 1.562608
313, 151, 1.915432
313, 152, 2.077746
313, 153, 0.000000
313, 154, 1.593774
313, 155, 2.281182
313, 156, -0.010000
313, 157, 3.007097
313, 158, 1.991819
313, 159, 1.119279
313, 160, 2.861941
313, 161, 2.030470
313, 162, 3.333317
313, 163, 2.510499
313, 164, 3.356845
313, 165, 2.994065
313, 166, 3.627896
313, 167, 1.409328
313, 168, 0.369980
313, 169, 1.759518
313, 170, 1.509260
313, 171, 2.822196
313, 172, 2.349382
313, 173, 2.712228
313, 174, 1.591447
313, 175, 1.067069
313, 176, 3.359693
313, 177, 2.491779
313, 178, 0.529260
313, 179, 3.041731
313, 180, 3.518022
313, 181, 0.965567
313, 182, 3.132624
313, 183, -0.040000
313, 184, 0.816141
313, 185, 1.880346
313, 186, 3.356963
313, 187, 0.000000
313, 188, 2.727320
313, 189, 2.964428
313, 190, 2.409982
313, 191, 0.717938
313, 192, 2.135831
313, 193, 2.742517
313, 194, 1.537426
313, 195, 1.192313
313, 196, 3.978360
313, 197, 2.315602
313, 198, 2.285846
313, 199, 1.452204
315, 0, 1.503664
315, 1, 1.547396
315, 2, 2.279746
315, 3, 1.150859
315, 4, -0.339888
315, 5, 1.970838
315, 6, 0.000000
315, 7, 1.244126
315, 8, 3.295136
315, 9, 1.717014
315, 10, 1.799201
315, 11, 2.271102
315, 12, 2.525816
315, 13, -0.003852
315, 14, 2.590125
315, 15, 2.433354
315, 16, 1.129258
315, 17, 3.227457
315, 18, 3.586967
315, 19, 2.593091
315, 20, 4.295879
315, 21, 0.436530
315, 22, 2.161510
315, 23, 1.270559
315, 24, 1.065771
315, 25, 2.046121
315, 26, 1.308068
315, 27, 0.812977
315, 28, 1.982041
315, 29, 1.901561
315, 30, 0.668950
315, 31, 2.572321
315, 32, -0.040000
315, 33, 2.787701
315, 34, 2.389087
315, 35, 2.605401
315, 36, 2.256238
315, 37, 1.650529
315, 38, 0.375477
315, 39, 1.569776
315, 40, 2.683111
315, 41, 1.713789
315, 42, 1.011686
315, 43, 1.442728
315, 44, 0.519650
315, 45, 1.428633
315, 46, 2.248005
315, 47, 1.415481
315, 48, 2.595588
315, 49, -0.160065
315, 50, 2.187935
315, 51, 0.700052
315, 52, 1.514256
315, 53, -0.000015
315, 54, 2.725685
315, 55, 3.166595
315, 56, 2.520516
315, 57, 2.949154
315, 58, 0.829374
315, 59, 1.691667
315, 60, 0.000000
315, 61, 1.402721
315, 62, 2.046886
315, 63, 1.722669
315, 64, 2.057648
315, 65, 3.445961
315, 66, 1.750670
315, 67, 2.514823
315, 68, 1.616038
315, 69, 2.722574
315, 70, 2.955021
315, 71, 2.583027
315, 72, 3.799058
315, 73, 3.210558
315, 74, 1.580833
315, 75, 1.934788
315, 76, 1.049166
315, 77, 1.420346
315, 78, 1.805377
315, 79, 2.797782
315, 80, 2.673433
315, 81, 1.790165
315, 82, -0.132822
315, 83, 1.218934
315, 84, 0.939994
315, 85, 2.945451
315, 86, 3.268361
315, 87, 2.334270
315, 88, 1.398646
315, 89, 0.544654
315, 90, 1.203632
315, 91, 1.447246
315, 92, 0.672629
315, 93, 2.663036
315, 94, 1.666077
315, 95, 0.940131
315, 96, 1.664908
315, 97, 4.307049
315, 98, 2.158186
315, 99, 1.159450
315, 100, 0.792004
315, 101, -0.031273
315, 102, 1.675544
315, 103, 0.000000
315, 104, 3.532207
315, 105, 2.749061
315, 106, 1.431670
315, 107, 1.953722
315, 108, 0.744162
315, 109, -0.016499
315, 110, 1.771988
315, 111, 0.836686
315, 112, 1.185186
315, 113, 3.553904
315, 114, 1.068332
315, 115, 1.847463
315, 116, 1.430637
315, 117, 2.225859
315, 118, 1.541560
315, 119, 1.334032
315, 120, 2.290500
315, 121, 3.659328
315, 122, 2.491351
315, 123, 0.346461
315, 124, 2.149924
315, 125, 4.286452
315, 126, 1.077715
315, 127, 0.838413
315, 128, -0.090005
315, 129, 0.074872
315, 130, 1.536905
315, 131, 1.749791
315, 132, 1.199875
315, 133, 0.903710
315, 134, 1.165754
315, 135, 0.744959
315, 136, 0.408936
315, 137, 1.643188
315, 138, 0.985482
315, 139, 0.937750
315, 140, 3.527667
315, 141, 2.066215
315, 142, 3.151426
315, 143, 1.924555
315, 144, 1.581656
315, 145, 1.469971
315, 146, 1.966183
315, 147, 3.756657
315, 148, 2.446034
315, 149, 3.525487
315, 150, 1.562608
315, 151, 1.916584
315, 152, 2.078787
315, 153, 0.000000
315, 154, 1.593774
315, 155, 2.281182
315, 156, -0.010000
315, 157, 3.007149
315, 158, 1.991819
315, 159, 1.081268
315, 160, 2.921734
315, 161, 2.060206
315, 162, 3.308908
315, 163, 2.510499
315, 164, 3.356845
315, 165, 2.994142
315, 166, 3.632189
315, 167, 1.409328
315, 168, 0.369980
315, 169, 1.759432
315, 170, 1.509260
315, 171, 2.816721
315, 172, 2.347140
315, 173, 2.714183
315, 174, 1.623899
315, 175, 1.067069
315, 176, 3.356692
315, 177, 2.489552
315, 178, 0.529260
315, 179, 3.044687
315, 180, 3.508584
315, 181, 0.965567
315, 182, 3.132624
315, 183, -0.040000
315, 184, 0.817462
315, 185, 1.880346
315, 186, 3.368896
315, 187, 0.000000
315, 188, 2.729287
315, 189, 3.001899
315, 190, 2.409982
315, 191, 0.717938
315, 192, 2.155742
315, 193, 2.743865
315, 194, 1.537426
315, 195, 1.192315
315, 196, 3.980256
315, 197, 2.308879
315, 198, 2.285789
315, 199, 1.452204
317, 0, 1.503664
317, 1, 1.547396
317, 2, 2.270742
317, 3, 1.150860
317, 4, -0.339888
317, 5, 1.967208
317, 6, 0.000000
317, 7, 1.244126
317, 8, 3.283466
317, 9, 1.717014
317, 10, 1.799201
317, 11, 2.271102
317, 12, 2.522198
317, 13, -0.003852
317, 14, 2.590115
317, 15, 2.465113
317, 16, 1.129258
317, 17, 3.208432
317, 18, 3.586947
317, 19, 2.606118
317, 20, 4.295704
317, 21, 0.436530
317, 22, 2.161510
317, 23, 1.270559
317, 24, 1.065771
317, 25, 2.046121
317, 26, 1.348729
317, 27, 0.812977
317, 28, 1.982550
317, 29, 1.901463
317, 30, 0.668950
317, 31, 2.567638
317, 32, -0.040000
317, 33, 2.787490
317, 34, 2.390995
317, 35, 2.605327
317, 36, 2.261833
317, 37, 1.720457
317, 38, 0.375477
317, 39, 1.569776
317, 40, 2.683111
317, 41, 1.713993
317, 42, 1.011686
317, 43, 1.442728
317, 44, 0.519650
317, 45, 1.428539
317, 46, 2.247448
317, 47, 1.415481
317, 48, 2.595691
317, 49, -0.160065
317, 50, 2.187935
317, 51, 0.700052
317, 52, 1.514256
317, 53, -0.000015
317, 54, 2.781898
317, 55, 3.167592
317, 56, 2.525878
317, 57, 2.949257
317, 58, 0.829374
317, 59, 1.691667
317, 60, 0.000000
317, 61, 1.402721
317, 62, 2.046885
317, 63, 1.722669
317, 64, 2.057648
317, 65, 3.479726
317, 66, 1.750670
317, 67, 2.514823
317, 68, 1.616038
317, 69, 2.722591
317, 70, 2.954818
317, 71, 2.583028
317, 72, 3.797576
317, 73, 3.208833
317, 74, 1.580833
317, 75, 1.934788
317, 76, 1.049166
317, 77, 1.420346
317, 78, 1.805377
317, 79, 2.797782
317, 80, 2.672731
317, 81, 1.821060
317, 82, -0.132637
317, 83, 1.218934
317, 84, 0.939994
317, 85, 2.945451
317, 86, 3.271159
317, 87, 2.334270
317, 88, 1.398646
317, 89, 0.544654
317, 90, 1.203635
317, 91, 1.443914
317, 92, 0.672629
317, 93, 2.682097
317, 94, 1.660830
317, 95, 0.918456
317, 96, 1.655495
317, 97, 4.306105
317, 98, 2.142074
317, 99, 1.159450
317, 100, 0.792004
317, 101, -0.031273
317, 102, 1.675544
317, 103, 0.000000
317, 104, 3.531080
317, 105, 2.742781
317, 106, 1.431670
317, 107, 1.925044
317, 108, 0.744162
317, 109, -0.016499
317, 110, 1.771988
317, 111, 0.838273
317, 112, 1.185186
317, 113, 3.539892
317, 114, 1.068332
317, 115, 1.841413
317, 116, 1.428414
317, 117, 2.225859
317, 118, 1.546257
317, 119, 1.334032
317, 120, 2.290500
317, 121, 3.599432
317, 122, 2.491351
317, 123, 0.346461
317, 124, 2.149924
317, 125, 4.264332
317, 126, 1.081467
317, 127, 0.838413
317, 128, -0.090005
317, 129, 0.074872
317, 130, 1.536905
317, 131, 1.749791
317, 132, 1.199875
317, 133, 0.903711
317, 134, 1.165754
317, 135, 0.744959
317, 136, 0.418520
317, 137, 1.641597
317, 138, 0.985482
317, 139, 0.937750
317, 140, 3.530363
317, 141, 2.066215
317, 142, 3.155219
317, 143, 1.927172
317, 144, 1.581656
317, 145, 1.469971
317, 146, 1.966183
317, 147, 3.735779
317, 148, 2.446034
317, 149, 3.525291
317, 150, 1.562608
317, 151, 1.925087
317, 152, 2.079747
317, 153, 0.000000
317, 154, 1.593774
317, 155, 2.281182
317, 156, -0.010000
317, 157, 3.007405
317, 158, 1.991819
317, 159, 1.081268
317, 160, 2.869224
317, 161, 1.968168
317, 162, 3.309485
317, 163, 2.510499
317, 164, 3.356846
317, 165, 2.995086
317, 166, 3.626694
317, 167, 1.409328
317, 168, 0.369980
317, 169, 1.759332
317, 170, 1.509260
317, 171, 2.818782
317, 172, 2.320181
317, 173, 2.717444
317, 174, 1.668656
317, 175, 1.067069
317, 176, 3.356691
317, 177, 2.498816
317, 178, 0.529260
317, 179, 3.039114
317, 180, 3.486788
317, 181, 0.965567
317, 182, 3.132624
317, 183, -0.040000
317, 184, 0.800243
317, 185, 1.880346
317, 186, 3.335630
317, 187, 0.000000
317, 188, 2.722194
317, 189, 3.025195
317, 190, 2.409982
317, 191, 0.717938
317, 192, 2.146685
317, 193, 2.739527
317, 194, 1.537426
317, 195, 1.192322
317, 196, 3.970292
317, 197, 2.308879
317, 198, 2.285737
317, 199, 1.452205
319, 0, 1.503664
319, 1, 1.547396
319, 2, 2.245642
319, 3, 1.150860
319, 4, -0.339888
319, 5, 1.967134
319, 6, 0.000000
319, 7, 1.244126
319, 8, 3.288758
319, 9, 1.717014
319, 10, 1.799201
319, 11, 2.271102
319, 12, 2.460201
319, 13, -0.003852
319, 14, 2.590104
319, 15, 2.499168
319, 16, 1.129258
319, 17, 3.230116
319, 18, 3.585313
319, 19, 2.595022
319, 20, 4.287697
319, 21, 0.436530
319, 22, 2.161510
319, 23, 1.270559
319, 24, 1.065771
319, 25, 2.046121
319, 26, 1.355796
319, 27, 0.812977
319, 28, 1.982867
319, 29, 1.898783
319, 30, 0.668950
319, 31, 2.578085
319, 32, -0.040000
319, 33, 2.776105
319, 34, 2.382995
319, 35, 2.605247
319, 36, 2.268878
319, 37, 1.729045
319, 38, 0.375477
319, 39, 1.569776
319, 40, 2.683111
319, 41, 1.714212
319, 42, 1.011686
319, 43, 1.442728
319, 44, 0.519650
319, 45, 1.425980
319, 46, 2.242816
319, 47, 1.415481
319, 48, 2.595322
319, 49, -0.160065
319, 50, 2.187935
319, 51, 0.700052
319, 52, 1.514256
319, 53, -0.000015
319, 54, 2.714032
319, 55, 3.167858
319, 56, 2.520092
319, 57, 2.949356
319, 58, 0.829374
319, 59, 1.691667
319, 60, 0.000000
319, 61, 1.402721
319, 62, 2.046885
319, 63, 1.722669
319, 64, 2.057648
319, 65, 3.466273
319, 66, 1.750670
319, 67, 2.514823
319, 68, 1.616038
319, 69, 2.722603
319, 70, 2.954527
319, 71, 2.583029
319, 72, 3.795642
319, 73, 3.211981
319, 74, 1.580833
319, 75, 1.934788
319, 76, 1.049166
319, 77, 1.420346
319, 78, 1.805377
319, 79, 2.797782
319, 80, 2.672436
319, 81, 1.790166
319, 82, -0.131686
319, 83, 1.218934
319, 84, 0.939994
319, 85, 2.945451
319, 86, 3.281137
319, 87, 2.334270
319, 88, 1.398646
319, 89, 0.544654
319, 90, 1.203638
319, 91, 1.431938
319, 92, 0.672629
319, 93, 2.685364
319, 94, 1.662288
319, 95, 0.890646
319, 96, 1.655884
319, 97, 4.304578
319, 98, 2.152824
319, 99, 1.159450
319, 100, 0.792004
319, 101, -0.031273
319, 102, 1.675544
319, 103, 0.000000
319, 104, 3.532197
319, 105, 2.749048
319, 106, 1.431670
319, 107, 1.943673
319, 108, 0.744162
319, 109, -0.016499
319, 110, 1.771988
319, 111, 0.841505
319, 112, 1.185186
319, 113, 3.555429
319, 114, 1.068332
319, 115, 1.834617
319, 116, 1.428414
319, 117, 2.225859
319, 118, 1.547540
319, 119, 1.334032
319, 120, 2.290500
319, 121, 3.698241
319, 122, 2.491351
319, 123, 0.346461
319, 124, 2.149924
319, 125, 4.282150
319, 126, 1.085093
319, 127, 0.838413
319, 128, -0.090005
319, 129, 0.074872
319, 130, 1.536905
319, 131, 1.749791
319, 132, 1.199875
319, 133, 0.903712
319, 134, 1.165754
319, 135, 0.744959
319, 136, 0.427687
319, 137, 1.640040
319, 138, 0.985482
319, 139, 0.937750
319, 140, 3.522210
319, 141, 2.066215
319, 142, 3.155722
319, 143, 1.927914
319, 144, 1.581656
319, 145, 1.469971
319, 146, 1.966183
319, 147, 3.766903
319, 148, 2.446034
319, 149, 3.525456
319, 150, 1.562608
319, 151, 1.930313
319, 152, 2.080633
319, 153, 0.000000
319, 154, 1.593774
319, 155, 2.281182
319, 156, -0.010000
319, 157, 3.007405
319, 158, 1.991819
319, 159, 1.076850
319, 160, 2.928096
319, 161, 2.045098
319, 162, 3.310572
319, 163, 2.510499
319, 164, 3.356847
319, 165, 2.994325
319, 166, 3.632523
319, 167, 1.409328
319, 168, 0.369980
319, 169, 1.759454
319, 170, 1.509260
319, 171, 2.819933
319, 172, 2.347944
319, 173, 2.719399
319, 174, 1.683757
319, 175, 1.067069
319, 176, 3.356692
319, 177, 2.503580
319, 178, 0.529260
319, 179, 3.054057
319, 180, 3.514599
319, 181, 0.965567
319, 182, 3.132624
319, 183, -0.040000
319, 184, 0.733130
319, 185, 1.880346
319, 186, 3.324361
319, 187, 0.000000
319, 188, 2.727987
319, 189, 3.047478
319, 190, 2.409982
319, 191, 0.717938
319, 192, 2.152691
319, 193, 2.738315
319, 194, 1.537427
319, 195, -0.228728
319, 196, 3.980717
319, 197, 2.308879
319, 198, 2.285695
319, 199, 1.452205
321, 0, 1.503664
321, 1, 1.547396
321, 2, 2.214754
321, 3, 1.150860
321, 4, -0.339888
321, 5, 1.968748
321, 6, 0.000000
321, 7, 1.244126
321, 8, 3.305119
321, 9, 1.720810
321, 10, 1.799200
321, 11, 2.271102
321, 12, 2.483573
321, 13, -0.003852
321, 14, 2.590088
321, 15, 2.407912
321, 16, 1.129258
321, 17, 3.217510
321, 18, 3.588028
321, 19, 2.593091
321, 20, 4.296817
321, 21, 0.436530
321, 22, 2.161510
321, 23, 1.270559
321, 24, 1.065771
321, 25, 2.046121
321, 26, 1.387291
321, 27, 0.812977
321, 28, 1.978019
321, 29, 1.896450
321, 30, 0.668950
321, 31, 2.595511
321, 32, -0.040000
321, 33, 2.777106
321, 34, 2.351583
321, 35, 2.605165
321, 36, 2.272991
321, 37, 1.709272
321, 38, 0.375477
321, 39, 1.569776
321, 40, 2.683111
321, 41, 1.714377
321, 42, 1.011686
321, 43, 1.442728
321, 44, 0.519650
321, 45, 1.423393
321, 46, 2.241989
321, 47, 1.415481
321, 48, 2.594851
321, 49, -0.160065
321, 50, 2.187935
321, 51, 0.700052
321, 52, 1.514256
321, 53, -0.000015
321, 54, 2.734939
321, 55, 3.167126
321, 56, 2.523393
321, 57, 2.949452
321, 58, 0.829374
321, 59, 1.691667
321, 60, 0.000000
321, 61, 1.402721
321, 62, 2.046885
321, 63, 1.722669
321, 64, 2.057648
321, 65, 3.455139
321, 66, 1.750670
321, 67, 2.514823
321, 68, 1.616038
321, 69, 2.722605
321, 70, 2.952813
321, 71, 2.593734
321, 72, 3.799045
321, 73, 3.219434
321, 74, 1.580833
321, 75, 1.934788
321, 76, 1.049166
321, 77, 1.420346
321, 78, 1.805377
321, 79, 2.797783
321, 80, 2.672450
321, 81, 1.786818
321, 82, -0.131059
321, 83, 1.218931
321, 84, 0.939994
321, 85, 2.945451
321, 86, 3.293264
321, 87, 2.334270
321, 88, 1.398646
321, 89, 0.544654
321, 90, 1.203635
321, 91, 1.418674
321, 92, 0.672629
321, 93, 2.680859
321, 94, 1.669207
321, 95, 0.879791
321, 96, 1.649874
321, 97, 4.307100
321, 98, 2.158604
321, 99, 1.159450
321, 100, 0.792004
321, 101, -0.031273
321, 102, 1.675544
321, 103, 0.000000
321, 104, 3.530977
321, 105, 2.742253
321, 106, 1.431670
321, 107, 1.927991
321, 108, 0.744162
321, 109, -0.016499
321, 110, 1.771988
321, 111, 0.845870
321, 112, 1.185186
321, 113, 3.554659
321, 114, 1.068332
321, 115, 1.829909
321, 116, 1.428414
321, 117, 2.225859
321, 118, 1.546602
321, 119, 1.334032
321, 120, 2.290500
321, 121, 3.449321
321, 122, 2.491351
321, 123, 0.346461
321, 124, 2.149923
321, 125, 4.223944
321, 126, 1.088617
321, 127, 0.838413
321, 128, -0.090005
321, 129, 0.074872
321, 130, 1.536905
321, 131, 1.749791
321, 132, 1.199875
321, 133, 0.903709
321, 134, 1.165754
321, 135, 0.744959
321, 136, 0.436458
321, 137, 1.638525
321, 138, 0.985482
321, 139, 0.946824
321, 140, 3.519421
321, 141, 2.066215
321, 142, 3.149282
321, 143, 1.927437
321, 144, 1.581656
321, 145, 1.469971
321, 146, 1.966183
321, 147, 3.736882
321, 148, 2.446034
321, 149, 3.525247
321, 150, 1.562608
321, 151, 1.930259
321, 152, 2.081450
321, 153, 0.000000
321, 154, 1.593774
321, 155, 2.281181
321, 156, -0.010000
321, 157, 3.011151
321, 158, 1.991819
321, 159, 1.077056
321, 160, 2.890202
321, 161, 2.053295
321, 162, 3.339588
321, 163, 2.514380
321, 164, 3.356847
321, 165, 2.993449
321, 166, 3.628003
321, 167, 1.409328
321, 168, 0.369980
321, 169, 1.759596
321, 170, 1.509260
321, 171, 2.820626
321, 172, 2.351127
321, 173, 2.715113
321, 174, 1.744084
321, 175, 1.067069
321, 176, 3.369865
321, 177, 2.500957
321, 178, 0.529260
321, 179, 3.053715
321, 180, 3.516261
321, 181, 0.965567
321, 182, 3.132624
321, 183, -0.040000
321, 184, 0.715613
321, 185, 1.880346
321, 186, 3.364095
321, 187, 0.000000
321, 188, 2.722448
321, 189, 3.027572
321, 190, 2.409982
321, 191, 0.717938
321, 192, 2.142454
321, 193, 2.739335
321, 194, 1.537425
321, 195, -0.228727
321, 196, 3.974063
321, 197, 2.315567
321, 198, 2.285670
321, 199, 1.452205
323, 0, 1.503664
323, 1, 1.547396
323, 2, 2.217351
323, 3, 1.150860
323, 4, -0.339888
323, 5, 1.971762
323, 6, 0.000000
323, 7, 1.244126
323, 8, 3.326872
323, 9, 1.720810
323, 10, 1.799201
323, 11, 2.271102
323, 12, 2.502039
323, 13, -0.003852
323, 14, 2.590075
323, 15, 2.442734
323, 16, 1.129258
323, 17, 3.226960
323, 18, 3.587081
323, 19, 2.593091
323, 20, 4.296445
323, 21, 0.436530
323, 22, 2.161510
323, 23, 1.270559
323, 24, 1.065771
323, 25, 2.046121
323, 26, 1.461869
323, 27, 0.812977
323, 28, 1.971868
323, 29, 1.894326
323, 30, 0.668950
323, 31, 2.609156
323, 32, -0.040000
323, 33, 2.780203
323, 34, 2.355142
323, 35, 2.605085
323, 36, 2.277245
323, 37, 1.465086
323, 38, 0.375477
323, 39, 1.569776
323, 40, 2.683111
323, 41, 1.714559
323, 42, 1.011686
323, 43, 1.442728
323, 44, 0.519650
323, 45, 1.421379
323, 46, 2.230537
323, 47, 1.415481
323, 48, 2.594403
323, 49, -0.160065
323, 50, 2.187935
323, 51, 0.700052
323, 52, 1.514256
323, 53, -0.000015
323, 54, 2.781869
323, 55, 3.164736
323, 56, 2.513517
323, 57, 2.949550
323, 58, 0.829374
323, 59, 1.691667
323, 60, 0.000000
323, 61, 1.402721
323, 62, 2.046885
323, 63, 1.722669
323, 64, 2.057648
323, 65, 3.461677
323, 66, 1.750670
323, 67, 2.514823
323, 68, 1.616038
323, 69, 2.722605
323, 70, 2.952549
323, 71, 2.589752
323, 72, 3.799223
323, 73, 3.223269
323, 74, 1.580833
323, 75, 1.934788
323, 76, 1.049166
323, 77, 1.420346
323, 78, 1.805377
323, 79, 2.797782
323, 80, 2.673191
323, 81, 1.760313
323, 82, -0.129519
323, 83, 1.218933
323, 84, 0.939994
323, 85, 2.945451
323, 86, 3.300545
323, 87, 2.334270
323, 88, 1.398646
323, 89, 0.544654
323, 90, 1.203633
323, 91, 1.407717
323, 92, 0.672629
323, 93, 2.678756
323, 94, 1.662785
323, 95, 0.874734
323, 96, 1.648320
323, 97, 4.306159
323, 98, 2.161954
323, 99, 1.159450
323, 100, 0.792004
323, 101, -0.031273
323, 102, 1.675544
323, 103, 0.000000
323, 104, 3.533345
323, 105, 2.757185
323, 106, 1.431670
323, 107, 1.937998
323, 108, 0.744162
323, 109, -0.016499
323, 110, 1.771988
323, 111, 0.848733
323, 112, 1.185186
323, 113, 3.554084
323, 114, 1.068332
323, 115, 1.835541
323, 116, 1.428414
323, 117, 2.225859
323, 118, 1.544831
323, 119, 1.334032
323, 120, 2.290500
323, 121, 3.508469
323, 122, 2.491351
323, 123, 0.346461
323, 124, 2.149923
323, 125, 4.243402
323, 126, 1.092036
323, 127, 0.838413
323, 128, -0.090005
323, 129, 0.074872
323, 130, 1.536905
323, 131, 1.749791
323, 132, 1.199875
323, 133, 0.903711
323, 134, 1.165754
323, 135, 0.744959
323, 136, 0.511637
323, 137, 1.637045
323, 138, 0.985482
323, 139, 0.950249
323, 140, 3.511772
323, 141, 2.066215
323, 142, 3.153928
323, 143, 1.926754
323, 144, 1.581656
323, 145, 1.469971
323, 146, 1.966183
323, 147, 3.765697
323, 148, 2.446034
323, 149, 3.525507
323, 150, 1.562608
323, 151, 1.928892
323, 152, 2.057687
323, 153, 0.000000
323, 154, 1.593774
323, 155, 2.281182
323, 156, -0.010000
323, 157, 3.007401
323, 158, 1.991819
323, 159, 1.071481
323, 160, 2.947519
323, 161, 2.053295
323, 162, 3.346829
323, 163, 2.516669
323, 164, 3.356847
323, 165, 2.992670
323, 166, 3.633628
323, 167, 1.409328
323, 168, 0.369980
323, 169, 1.759596
323, 170, 1.509260
323, 171, 2.822254
323, 172, 2.352141
323, 173, 2.710041
323, 174, 1.778350
323, 175, 1.067069
323, 176, 3.365961
323, 177, 2.496669
323, 178, 0.529260
323, 179, 3.051464
323, 180, 3.516537
323, 181, 0.965567
323, 182, 3.132624
323, 183, -0.040000
323, 184, 0.714158
323, 185, 1.880346
323, 186, 3.359089
323, 187, 0.000000
323, 188, 2.726293
323, 189, 3.049827
323, 190, 2.409982
323, 191, 0.717938
323, 192, 2.162094
323, 193, 2.739395
323, 194, 1.537426
323, 195, -0.228729
323, 196, 3.983194
323, 197, 2.320207
323, 198, 2.285625
323, 199, 1.452204
325, 0, 1.503664
325, 1, 1.547396
325, 2, 2.219487
325, 3, 1.150860
325, 4, -0.339888
325, 5, 1.974507
325, 6, 0.000000
325, 7, 1.244126
325, 8, 3.333139
325, 9, 1.720810
325, 10, 1.799201
325, 11, 2.271102
325, 12, 2.513508
325, 13, -0.003852
325, 14, 2.590060
325, 15, 2.433481
325, 16, 1.129258
325, 17, 3.228554
325, 18, 3.586458
325, 19, 2.593091
325, 20, 4.276748
325, 21, 0.436530
325, 22, 2.161510
325, 23, 1.270559
325, 24, 1.065771
325, 25, 2.046121
325, 26, 1.510530
325, 27, 0.812977
325, 28, 1.972950
325, 29, 1.892808
325, 30, 0.668950
325, 31, 2.617081
325, 32, -0.040000
325, 33, 2.784361
325, 34, 2.344286
325, 35, 2.605005
325, 36, 2.280189
325, 37, 1.524158
325, 38, 0.375477
325, 39, 1.569776
325, 40, 2.683111
325, 41, 1.714739
325, 42, 1.011686
325, 43, 1.442728
325, 44, 0.519650
325, 45, 1.419943
325, 46, 2.256978
325, 47, 1.415481
325, 48, 2.594029
325, 49, -0.160065
325, 50, 2.187935
325, 51, 0.700052
325, 52, 1.514256
325, 53, -0.000015
325, 54, 2.722456
325, 55, 3.162578
325, 56, 2.509022
325, 57, 2.949646
325, 58, 0.829374
325, 59, 1.691667
325, 60, 0.000000
325, 61, 1.402721
325, 62, 2.046885
325, 63, 1.722669
325, 64, 2.057648
325, 65, 3.465114
325, 66, 1.750670
325, 67, 2.514823
325, 68, 1.616038
325, 69, 2.722605
325, 70, 2.951561
325, 71, 2.584637
325, 72, 3.798044
325, 73, 3.225348
325, 74, 1.580833
325, 75, 1.934788
325, 76, 1.049166
325, 77, 1.420346
325, 78, 1.805377
325, 79, 2.797782
325, 80, 2.673631
325, 81, 1.743702
325, 82, -0.128406
325, 83, 1.218933
325, 84, 0.939994
325, 85, 2.945451
325, 86, 3.302429
325, 87, 2.334270
325, 88, 1.398646
325, 89, 0.544654
325, 90, 1.203632
325, 91, 1.402988
325, 92, 0.672629
325, 93, 2.686036
325, 94, 1.672219
325, 95, 0.863991
325, 96, 1.649925
325, 97, 4.293989
325, 98, 2.164680
325, 99, 1.159450
325, 100, 0.792004
325, 101, -0.031273
325, 102, 1.675544
325, 103, 0.000000
325, 104, 3.527344
325, 105, 2.725963
325, 106, 1.431670
325, 107, 1.944586
325, 108, 0.744162
325, 109, -0.016499
325, 110, 1.771988
325, 111, 0.850708
325, 112, 1.185186
325, 113, 3.552295
325, 114, 1.068332
325, 115, 1.844668
325, 116, 1.428414
325, 117, 2.225859
325, 118, 1.541937
325, 119, 1.334032
325, 120, 2.290500
325, 121, 3.543856
325, 122, 2.491351
325, 123, 0.346461
325, 124, 2.149924
325, 125, 4.254872
325, 126, 1.095391
325, 127, 0.838413
325, 128, -0.090005
325, 129, 0.074872
325, 130, 1.536905
325, 131, 1.749791
325, 132, 1.199875
325, 133, 0.903712
325, 134, 1.165754
325, 135, 0.744959
325, 136, 0.580945
325, 137, 1.635616
325, 138, 0.985482
325, 139, 0.948503
325, 140, 3.513178
325, 141, 2.066215
325, 142, 3.157903
325, 143, 1.924555
325, 144, 1.581656
325, 145, 1.469971
325, 146, 1.966183
325, 147, 3.756887
325, 148, 2.446034
325, 149, 3.525214
325, 150, 1.562608
325, 151, 1.927567
325, 152, 2.062893
325, 153, 0.000000
325, 154, 1.593774
325, 155, 2.281182
325, 156, -0.010000
325, 157, 3.007405
325, 158, 1.991819
325, 159, 1.071481
325, 160, 2.949260
325, 161, 2.053295
325, 162, 3.347310
325, 163, 2.517535
325, 164, 3.356847
325, 165, 2.992120
325, 166, 3.619954
325, 167, 1.409328
325, 168, 0.369980
325, 169, 1.759596
325, 170, 1.509260
325, 171, 2.823831
325, 172, 2.352611
325, 173, 2.706548
325, 174, 1.823136
325, 175, 1.067069
325, 176, 3.360982
325, 177, 2.499015
325, 178, 0.529260
325, 179, 3.044906
325, 180, 3.509305
325, 181, 0.965567
325, 182, 3.132624
325, 183, -0.040000
325, 184, 0.714158
325, 185, 1.880346
325, 186, 3.368430
325, 187, 0.000000
325, 188, 2.729244
325, 189, 2.991825
325, 190, 2.409982
325, 191, 0.717938
325, 192, 2.144816
325, 193, 2.739436
325, 194, 1.537426
325, 195, -0.228730
325, 196, 3.982498
325, 197, 2.323025
325, 198, 2.285584
325, 199, 1.452204
327, 0, 1.503664
327, 1, 1.547396
327, 2, 2.219482
327, 3, 1.150860
327, 4, -0.339888
327, 5, 1.976357
327, 6, 0.000000
327, 7, 1.244126
327, 8, 3.345710
327, 9, 1.717014
327, 10, 1.799201
327, 11, 2.271102
327, 12, 2.521571
327, 13, -0.003852
327, 14, 2.590044
327, 15, 2.426020
327, 16, 1.129258
327, 17, 3.221598
327, 18, 3.588394
327, 19, 2.593091
327, 20, 4.270980
327, 21, 0.436530
327, 22, 2.161510
327, 23, 1.270559
327, 24, 1.065771
327, 25, 2.046121
327, 26, 1.507477
327, 27, 0.812977
327, 28, 1.975497
327, 29, 1.893294
327, 30, 0.668950
327, 31, 2.622238
327, 32, -0.040000
327, 33, 2.789373
327, 34, 2.364152
327, 35, 2.604924
327, 36, 2.280844
327, 37, 1.600846
327, 38, 0.375477
327, 39, 1.569776
327, 40, 2.683111
327, 41, 1.714913
327, 42, 1.011686
327, 43, 1.442728
327, 44, 0.519650
327, 45, 1.420429
327, 46, 2.262708
327, 47, 1.415481
327, 48, 2.593872
327, 49, -0.160065
327, 50, 2.187935
327, 51, 0.700052
327, 52, 1.514256
327, 53, -0.000015
327, 54, 2.738842
327, 55, 3.160782
327, 56, 2.508422
327, 57, 2.949741
327, 58, 0.829374
327, 59, 1.691667
327, 60, 0.000000
327, 61, 1.402721
327, 62, 2.046885
327, 63, 1.722669
327, 64, 2.057648
327, 65, 3.478523
327, 66, 1.750670
327, 67, 2.514823
327, 68, 1.616038
327, 69, 2.722605
327, 70, 2.953990
327, 71, 2.584653
327, 72, 3.798201
327, 73, 3.226608
327, 74, 1.580833
327, 75, 1.934788
327, 76, 1.049166
327, 77, 1.420346
327, 78, 1.805377
327, 79, 2.797782
327, 80, 2.673666
327, 81, 1.746348
327, 82, -0.128630
327, 83, 1.218934
327, 84, 0.939994
327, 85, 2.945451
327, 86, 3.296233
327, 87, 2.334270
327, 88, 1.398646
327, 89, 0.544654
327, 90, 1.203631
327, 91, 1.409310
327, 92, 0.672629
327, 93, 2.628595
327, 94, 1.672854
327, 95, 0.863225
327, 96, 1.650935
327, 97, 4.291995
327, 98, 2.166772
327, 99, 1.159450
327, 100, 0.792004
327, 101, -0.031273
327, 102, 1.675544
327, 103, 0.000000
327, 104, 3.532921
327, 105, 2.787869
327, 106, 1.431670
327, 107, 1.970472
327, 108, 0.744162
327, 109, -0.016499
327, 110, 1.771988
327, 111, 0.851954
327, 112, 1.185186
327, 113, 3.554352
327, 114, 1.068332
327, 115, 1.852913
327, 116, 1.425485
327, 117, 2.225859
327, 118, 1.539081
327, 119, 1.334032
327, 120, 2.290500
327, 121, 3.598111
327, 122, 2.491351
327, 123, 0.346461
327, 124, 2.149924
327, 125, 4.269297
327, 126, 1.098699
327, 127, 0.838413
327, 128, -0.090005
327, 129, 0.074872
327, 130, 1.536905
327, 131, 1.749791
327, 132, 1.199875
327, 133, 0.903713
327, 134, 1.165754
327, 135, 0.744959
327, 136, 0.624103
327, 137, 1.634240
327, 138, 0.985482
327, 139, 0.948503
327, 140, 3.511763
327, 141, 2.066215
327, 142, 3.137958
327, 143, 1.924555
327, 144, 1.581656
327, 145, 1.469971
327, 146, 1.966183
327, 147, 3.741214
327, 148, 2.446034
327, 149, 3.525481
327, 150, 1.562608
327, 151, 1.926048
327, 152, 2.065028
327, 153, 0.000000
327, 154, 1.593774
327, 155, 2.281182
327, 156, -0.010000
327, 157, 3.007406
327, 158, 1.991819
327, 159, 1.081139
327, 160, 2.914412
327, 161, 2.046262
327, 162, 3.339252
327, 163, 2.514498
327, 164, 3.356848
327, 165, 2.992322
327, 166, 3.614281
327, 167, 1.409328
327, 168, 0.369980
327, 169, 1.760005
327, 170, 1.509260
327, 171, 2.825086
327, 172, 2.352082
327, 173, 2.705957
327, 174, 1.813736
327, 175, 1.067069
327, 176, 3.360982
327, 177, 2.506721
327, 178, 0.529260
327, 179, 3.041932
327, 180, 3.516258
327, 181, 0.965567
327, 182, 3.132624
327, 183, -0.040000
327, 184, 0.714158
327, 185, 1.880346
327, 186, 3.372089
327, 187, 0.000000
327, 188, 2.742176
327, 189, 2.998559
327, 190, 2.409982
327, 191, 0.717938
327, 192, 2.158539
327, 193, 2.739466
327, 194, 1.537426
327, 195, -0.228731
327, 196, 3.979247
327, 197, 2.330835
327, 198, 2.285546
327, 199, 1.452204
329, 0, 1.503664
329, 1, 1.547396
329, 2, 2.196837
329, 3, 1.150860
329, 4, -0.339888
329, 5, 1.976025
329, 6, 0.000000
329, 7, 1.244126
329, 8, 3.324222
329, 9, 1.717014
329, 10, 1.799201
329, 11, 2.271102
329, 12, 2.518772
329, 13, -0.003852
329, 14, 2.590019
329, 15, 2.393929
329, 16, 1.129258
329, 17, 3.203608
329, 18, 3.583446
329, 19, 2.593091
329, 20, 4.296679
329, 21, 0.436530
329, 22, 2.161510
329, 23, 1.270559
329, 24, 1.065771
329, 25, 2.046121
329, 26, 1.403273
329, 27, 0.812977
329, 28, 1.978460
329, 29, 1.895157
329, 30, 0.668950
329, 31, 2.618474
329, 32, -0.040000
329, 33, 2.795843
329, 34, 2.348703
329, 35, 2.604836
329, 36, 2.280371
329, 37, 1.671756
329, 38, 0.375477
329, 39, 1.569776
329, 40, 2.683111
329, 41, 1.715060
329, 42, 1.011686
329, 43, 1.442728
329, 44, 0.519650
329, 45, 1.422102
329, 46, 2.275946
329, 47, 1.415481
329, 48, 2.593711
329, 49, -0.160065
329, 50, 2.187935
329, 51, 0.700052
329, 52, 1.514256
329, 53, -0.000015
329, 54, 2.703929
329, 55, 3.161775
329, 56, 2.513254
329, 57, 2.949826
329, 58, 0.829374
329, 59, 1.691667
329, 60, 0.000000
329, 61, 1.402721
329, 62, 2.046885
329, 63, 1.722669
329, 64, 2.057648
329, 65, 3.471030
329, 66, 1.750670
329, 67, 2.514823
329, 68, 1.616038
329, 69, 2.722605
329, 70, 2.952652
329, 71, 2.583014
329, 72, 3.799452
329, 73, 3.225811
329, 74, 1.580833
329, 75, 1.934788
329, 76, 1.049166
329, 77, 1.420346
329, 78, 1.805377
329, 79, 2.797782
329, 80, 2.673229
329, 81, 1.753938
329, 82, -0.129808
329, 83, 1.218934
329, 84, 0.939994
329, 85, 2.945451
329, 86, 3.289418
329, 87, 2.334270
329, 88, 1.398646
329, 89, 0.544654
329, 90, 1.203630
329, 91, 1.418697
329, 92, 0.672629
329, 93, 2.647421
329, 94, 1.665478
329, 95, 0.907601
329, 96, 1.651570
329, 97, 4.307362
329, 98, 2.165468
329, 99, 1.159450
329, 100, 0.792004
329, 101, -0.031273
329, 102, 1.675544
329, 103, 0.000000
329, 104, 3.533307
329, 105, 2.786088
329, 106, 1.431670
329, 107, 1.970456
329, 108, 0.744162
329, 109, -0.016499
329, 110, 1.771988
329, 111, 0.853085
329, 112, 1.185186
329, 113, 3.552924
329, 114, 1.068332
329, 115, 1.858139
329, 116, 1.426254
329, 117, 2.225859
329, 118, 1.535153
329, 119, 1.334032
329, 120, 2.290500
329, 121, 3.628439
329, 122, 2.491351
329, 123, 0.346461
329, 124, 2.149924
329, 125, 4.279227
329, 126, 1.101855
329, 127, 0.838413
329, 128, -0.090005
329, 129, 0.074872
329, 130, 1.536904
329, 131, 1.749791
329, 132, 1.199875
329, 133, 0.903713
329, 134, 1.165754
329, 135, 0.744959
329, 136, 0.651234
329, 137, 1.632869
329, 138, 0.985482
329, 139, 0.948503
329, 140, 3.514278
329, 141, 2.066215
329, 142, 3.142918
329, 143, 1.924555
329, 144, 1.581656
329, 145, 1.469971
329, 146, 1.966183
329, 147, 3.772109
329, 148, 2.446034
329, 149, 3.525457
329, 150, 1.562608
329, 151, 1.922232
329, 152, 2.065904
329, 153, 0.000000
329, 154, 1.593774
329, 155, 2.281182
329, 156, -0.010000
329, 157, 3.007407
329, 158, 1.991819
329, 159, 1.079912
329, 160, 2.867013
329, 161, 2.062325
329, 162, 3.331118
329, 163, 2.514498
329, 164, 3.356848
329, 165, 2.993004
329, 166, 3.629225
329, 167, 1.409328
329, 168, 0.369980
329, 169, 1.760488
329, 170, 1.509260
329, 171, 2.802960
329, 172, 2.347825
329, 173, 2.707448
329, 174, 1.818573
329, 175, 1.067069
329, 176, 3.356692
329, 177, 2.493352
329, 178, 0.529260
329, 179, 3.043622
329, 180, 3.518406
329, 181, 0.965567
329, 182, 3.132624
329, 183, -0.040000
329, 184, 0.714158
329, 185, 1.880346
329, 186, 3.356230
329, 187, 0.000000
329, 188, 2.736054
329, 189, 3.022993
329, 190, 2.409982
329, 191, 0.717938
329, 192, 2.160475
329, 193, 2.741985
329, 194, 1.537427
329, 195, -0.228731
329, 196, 3.982010
329, 197, 2.315745
329, 198, 2.285506
329, 199, 1.452204
331, 0, 1.503664
331, 1, 1.547396
331, 2, 2.206866
331, 3, 1.150857
331, 4, -0.339888
331, 5, 1.975991
331, 6, 0.000000
331, 7, 1.244126
331, 8, 3.320648
331, 9, 1.717014
331, 10, 1.799200
331, 11, 2.271102
331, 12, 2.524247
331, 13, -0.003852
331, 14, 2.590011
331, 15, 2.417339
331, 16, 1.129258
331, 17, 3.230861
331, 18, 3.587413
331, 19, 2.593091
331, 20, 4.258492
331, 21, 0.436530
331, 22, 2.161510
331, 23, 1.270559
331, 24, 1.065771
331, 25, 2.046121
331, 26, 1.442544
331, 27, 0.812977
331, 28, 1.978997
331, 29, 1.894309
331, 30, 0.668950
331, 31, 2.621610
331, 32, -0.040000
331, 33, 2.796989
331, 34, 2.359065
331, 35, 2.604762
331, 36, 2.280973
331, 37, 1.718907
331, 38, 0.375477
331, 39, 1.569776
331, 40, 2.683111
331, 41, 1.715230
331, 42, 1.011686
331, 43, 1.442728
331, 44, 0.519650
331, 45, 1.421313
331, 46, 2.246898
331, 47, 1.415481
331, 48, 2.595294
331, 49, -0.160065
331, 50, 2.187935
331, 51, 0.700052
331, 52, 1.514256
331, 53, -0.000015
331, 54, 2.729579
331, 55, 3.165235
331, 56, 2.516251
331, 57, 2.949923
331, 58, 0.829374
331, 59, 1.691667
331, 60, 0.000000
331, 61, 1.402721
331, 62, 2.046885
331, 63, 1.722669
331, 64, 2.057648
331, 65, 3.470882
331, 66, 1.750670
331, 67, 2.514823
331, 68, 1.616038
331, 69, 2.722605
331, 70, 2.953630
331, 71, 2.585178
331, 72, 3.799406
331, 73, 3.226475
331, 74, 1.580833
331, 75, 1.934788
331, 76, 1.049166
331, 77, 1.420346
331, 78, 1.805377
331, 79, 2.797783
331, 80, 2.672825
331, 81, 1.790747
331, 82, -0.129134
331, 83, 1.218934
331, 84, 0.939994
331, 85, 2.945451
331, 86, 3.300759
331, 87, 2.334270
331, 88, 1.398646
331, 89, 0.544654
331, 90, 1.203629
331, 91, 1.414074
331, 92, 0.672629
331, 93, 2.662711
331, 94, 1.673301
331, 95, 0.916166
331, 96, 1.653123
331, 97, 4.299100
331, 98, 2.162268
331, 99, 1.159450
331, 100, 0.792004
331, 101, -0.031273
331, 102, 1.675544
331, 103, 0.000000
331, 104, 3.532854
331, 105, 2.789025
331, 106, 1.431670
331, 107, 1.963517
331, 108, 0.744162
331, 109, -0.016499
331, 110, 1.771988
331, 111, 0.854160
331, 112, 1.185186
331, 113, 3.553905
331, 114, 1.068332
331, 115, 1.861182
331, 116, 1.425418
331, 117, 2.225859
331, 118, 1.555297
331, 119, 1.334032
331, 120, 2.290500
331, 121, 3.667612
331, 122, 2.491351
331, 123, 0.346461
331, 124, 2.149923
331, 125, 4.282598
331, 126, 1.104988
331, 127, 0.838413
331, 128, -0.090005
331, 129, 0.074872
331, 130, 1.536904
331, 131, 1.749791
331, 132, 1.199875
331, 133, 0.903705
331, 134, 1.165754
331, 135, 0.744959
331, 136, 0.660780
331, 137, 1.631556
331, 138, 0.985482
331, 139, 0.948503
331, 140, 3.512967
331, 141, 2.066215
331, 142, 3.139625
331, 143, 1.935612
331, 144, 1.581656
331, 145, 1.469971
331, 146, 1.966183
331, 147, 3.774664
331, 148, 2.446033
331, 149, 3.525473
331, 150, 1.562608
331, 151, 1.917568
331, 152, 2.067525
331, 153, 0.000000
331, 154, 1.593774
331, 155, 2.281181
331, 156, -0.010000
331, 157, 3.007407
331, 158, 1.991819
331, 159, 1.071481
331, 160, 2.934921
331, 161, 2.049851
331, 162, 3.346339
331, 163, 2.514498
331, 164, 3.356849
331, 165, 2.992696
331, 166, 3.632922
331, 167, 1.409328
331, 168, 0.369980
331, 169, 1.760693
331, 170, 1.509260
331, 171, 2.814373
331, 172, 2.351668
331, 173, 2.705797
331, 174, 1.867837
331, 175, 1.067069
331, 176, 3.358901
331, 177, 2.489499
331, 178, 0.529260
331, 179, 3.048579
331, 180, 3.512043
331, 181, 0.965567
331, 182, 3.132624
331, 183, -0.040000
331, 184, 0.714158
331, 185, 1.880346
331, 186, 3.349072
331, 187, 0.000000
331, 188, 2.738546
331, 189, 3.043458
331, 190, 2.409982
331, 191, 0.717938
331, 192, 2.153900
331, 193, 2.742724
331, 194, 1.537422
331, 195, -0.228728
331, 196, 3.979718
331, 197, 2.306725
331, 198, 2.285473
331, 199, 1.452205
333, 0, 1.503664
333, 1, 1.547396
333, 2, 2.247625
333, 3, 1.150858
333, 4, -0.339888
333, 5, 1.969540
333, 6, 0.000000
333, 7, 1.244126
333, 8, 3.333408
333, 9, 1.717014
333, 10, 1.799201
333, 11, 2.271102
333, 12, 2.524082
333, 13, -0.003852
333, 14, 2.589996
333, 15, 2.181681
333, 16, 1.129258
333, 17, 3.220458
333, 18, 3.587406
333, 19, 2.593091
333, 20, 4.287128
333, 21, 0.436530
333, 22, 2.161510
333, 23, 1.270559
333, 24, 1.065771
333, 25, 2.046121
333, 26, 1.332839
333, 27, 0.812977
333, 28, 1.978856
333, 29, 1.900640
333, 30, 0.668950
333, 31, 2.620610
333, 32, -0.040000
333, 33, 2.794621
333, 34, 2.391810
333, 35, 2.604682
333, 36, 2.281425
333, 37, 1.745991
333, 38, 0.375477
333, 39, 1.568695
333, 40, 2.683111
333, 41, 1.715364
333, 42, 1.011686
333, 43, 1.442728
333, 44, 0.519650
333, 45, 1.427392
333, 46, 2.230872
333, 47, 1.415481
333, 48, 2.595052
333, 49, -0.160065
333, 50, 2.187935
333, 51, 0.700052
333, 52, 1.514256
333, 53, -0.000015
333, 54, 2.779038
333, 55, 3.165717
333, 56, 2.524848
333, 57, 2.950017
333, 58, 0.829374
333, 59, 1.691667
333, 60, 0.000000
333, 61, 1.402721
333, 62, 2.046885
333, 63, 1.722669
333, 64, 2.057648
333, 65, 3.470037
333, 66, 1.750670
333, 67, 2.514823
333, 68, 1.616038
333, 69, 2.722605
333, 70, 2.955156
333, 71, 2.585179
333, 72, 3.799153
333, 73, 3.225944
333, 74, 1.580833
333, 75, 1.934788
333, 76, 1.049166
333, 77, 1.420346
333, 78, 1.805377
333, 79, 2.797782
333, 80, 2.671540
333, 81, 1.806694
333, 82, -0.133452
333, 83, 1.218934
333, 84, 0.939994
333, 85, 2.945451
333, 86, 3.252784
333, 87, 2.346164
333, 88, 1.398646
333, 89, 0.544654
333, 90, 1.203629
333, 91, 1.469435
333, 92, 0.672629
333, 93, 2.643049
333, 94, 1.665722
333, 95, 0.930243
333, 96, 1.652947
333, 97, 4.305193
333, 98, 2.160282
333, 99, 1.159450
333, 100, 0.792004
333, 101, -0.031273
333, 102, 1.675544
333, 103, 0.000000
333, 104, 3.533298
333, 105, 2.786840
333, 106, 1.431670
333, 107, 1.934909
333, 108, 0.744162
333, 109, -0.016499
333, 110, 1.771988
333, 111, 0.854968
333, 112, 1.185186
333, 113, 3.542889
333, 114, 1.068332
333, 115, 1.866177
333, 116, 1.425418
333, 117, 2.225859
333, 118, 1.556235
333, 119, 1.334032
333, 120, 2.290500
333, 121, 3.656236
333, 122, 2.491351
333, 123, 0.346461
333, 124, 2.149923
333, 125, 4.285856
333, 126, 1.108054
333, 127, 0.838413
333, 128, -0.090005
333, 129, 0.074872
333, 130, 1.536905
333, 131, 1.749791
333, 132, 1.199875
333, 133, 0.903708
333, 134, 1.165754
333, 135, 0.744959
333, 136, 0.660780
333, 137, 1.630279
333, 138, 0.985482
333, 139, 0.948503
333, 140, 3.513775
333, 141, 2.066215
333, 142, 3.152576
333, 143, 1.936167
333, 144, 1.581656
333, 145, 1.469971
333, 146, 1.966183
333, 147, 3.747012
333, 148, 2.446034
333, 149, 3.523961
333, 150, 1.562608
333, 151, 1.915996
333, 152, 2.067525
333, 153, 0.000000
333, 154, 1.593774
333, 155, 2.281182
333, 156, -0.010000
333, 157, 3.007407
333, 158, 1.991819
333, 159, 1.071481
333, 160, 2.895327
333, 161, 1.959207
333, 162, 3.361765
333, 163, 2.514498
333, 164, 3.356849
333, 165, 2.996451
333, 166, 3.629493
333, 167, 1.409328
333, 168, 0.369980
333, 169, 1.760645
333, 170, 1.509260
333, 171, 2.816966
333, 172, 2.306162
333, 173, 2.700330
333, 174, 1.809690
333, 175, 1.067069
333, 176, 3.358901
333, 177, 2.486224
333, 178, 0.529260
333, 179, 3.050841
333, 180, 3.478630
333, 181, 0.965567
333, 182, 3.132624
333, 183, -0.040000
333, 184, 0.714158
333, 185, 1.880346
333, 186, 3.365052
333, 187, 0.000000
333, 188, 2.739399
333, 189, 3.088923
333, 190, 2.409982
333, 191, 0.717938
333, 192, 2.127335
333, 193, 2.742752
333, 194, 1.537422
333, 195, -0.228730
333, 196, 3.978917
333, 197, 2.306725
333, 198, 2.285432
333, 199, 1.452205
335, 0, 1.503664
335, 1, 1.547396
335, 2, 2.272626
335, 3, 1.150858
335, 4, -0.339888
335, 5, 1.964440
335, 6, 0.000000
335, 7, 1.244126
335, 8, 3.312884
335, 9, 1.717014
335, 10, 1.799201
335, 11, 2.271102
335, 12, 2.524713
335, 13, -0.003852
335, 14, 2.588450
335, 15, 2.278569
335, 16, 1.129258
335, 17, 3.224165
335, 18, 3.586147
335, 19, 2.593091
335, 20, 4.268218
335, 21, 0.436530
335, 22, 2.161510
335, 23, 1.270559
335, 24, 1.065771
335, 25, 2.046121
335, 26, 1.360102
335, 27, 0.812977
335, 28, 1.979765
335, 29, 1.904011
335, 30, 0.668950
335, 31, 2.619800
335, 32, -0.040000
335, 33, 2.792619
335, 34, 2.353734
335, 35, 2.603494
335, 36, 2.281194
335, 37, 1.438309
335, 38, 0.375477
335, 39, 1.568695
335, 40, 2.683111
335, 41, 1.715538
335, 42, 1.011686
335, 43, 1.442728
335, 44, 0.519650
335, 45, 1.430622
335, 46, 2.259401
335, 47, 1.415481
335, 48, 2.594410
335, 49, -0.160065
335, 50, 2.187935
335, 51, 0.700052
335, 52, 1.514256
335, 53, -0.000015
335, 54, 2.720540
335, 55, 3.166292
335, 56, 2.514403
335, 57, 2.949356
335, 58, 0.829374
335, 59, 1.691667
335, 60, 0.000000
335, 61, 1.402721
335, 62, 2.046886
335, 63, 1.722669
335, 64, 2.057648
335, 65, 3.463238
335, 66, 1.750670
335, 67, 2.514823
335, 68, 1.616038
335, 69, 2.722608
335, 70, 2.953468
335, 71, 2.583020
335, 72, 3.797293
335, 73, 3.225477
335, 74, 1.580833
335, 75, 1.934788
335, 76, 1.049166
335, 77, 1.420346
335, 78, 1.805377
335, 79, 2.797782
335, 80, 2.669977
335, 81, 1.789158
335, 82, -0.135711
335, 83, 1.218934
335, 84, 0.939994
335, 85, 2.945451
335, 86, 3.246555
335, 87, 2.341045
335, 88, 1.398646
335, 89, 0.544654
335, 90, 1.203631
335, 91, 1.480618
335, 92, 0.672629
335, 93, 2.659396
335, 94, 1.674646
335, 95, 0.933179
335, 96, 1.652439
335, 97, 4.300675
335, 98, 2.159917
335, 99, 1.159450
335, 100, 0.792004
335, 101, -0.031273
335, 102, 1.675544
335, 103, 0.000000
335, 104, 3.532843
335, 105, 2.789072
335, 106, 1.431670
335, 107, 1.929786
335, 108, 0.744162
335, 109, -0.016499
335, 110, 1.771988
335, 111, 0.855964
335, 112, 1.185186
335, 113, 3.555803
335, 114, 1.068332
335, 115, 1.873856
335, 116, 1.425418
335, 117, 2.225859
335, 118, 1.553348
335, 119, 1.334032
335, 120, 2.290500
335, 121, 3.673787
335, 122, 2.491351
335, 123, 0.346461
335, 124, 2.149924
335, 125, 4.289607
335, 126, 1.110975
335, 127, 0.838413
335, 128, -0.090005
335, 129, 0.074872
335, 130, 1.536905
335, 131, 1.749791
335, 132, 1.199875
335, 133, 0.903710
335, 134, 1.165754
335, 135, 0.744959
335, 136, 0.660780
335, 137, 1.629003
335, 138, 0.985482
335, 139, 0.948503
335, 140, 3.510338
335, 141, 2.066215
335, 142, 3.153108
335, 143, 1.934632
335, 144, 1.581656
335, 145, 1.469971
335, 146, 1.966183
335, 147, 3.775019
335, 148, 2.446034
335, 149, 3.525424
335, 150, 1.562608
335, 151, 1.918020
335, 152, 2.067525
335, 153, 0.000000
335, 154, 1.593774
335, 155, 2.281182
335, 156, -0.010000
335, 157, 3.007406
335, 158, 1.991819
335, 159, 1.071481
335, 160, 2.946776
335, 161, 2.046350
335, 162, 3.353138
335, 163, 2.514498
335, 164, 3.359563
335, 165, 2.997172
335, 166, 3.617419
335, 167, 1.409328
335, 168, 0.369980
335, 169, 1.760006
335, 170, 1.509260
335, 171, 2.819010
335, 172, 2.348482
335, 173, 2.699885
335, 174, 1.675381
335, 175, 1.067069
335, 176, 3.356692
335, 177, 2.494739
335, 178, 0.529260
335, 179, 3.042909
335, 180, 3.514499
335, 181, 0.965567
335, 182, 3.132624
335, 183, -0.040000
335, 184, 0.714158
335, 185, 1.880346
335, 186, 3.370416
335, 187, 0.000000
335, 188, 2.729836
335, 189, 3.118509
335, 190, 2.409982
335, 191, 0.717938
335, 192, 2.151034
335, 193, 2.742161
335, 194, 1.537422
335, 195, -0.228731
335, 196, 3.979464
335, 197, 2.306725
335, 198, 2.285400
335, 199, 1.452205
337, 0, 1.503664
337, 1, 1.547396
337, 2, 2.275499
337, 3, 1.150859
337, 4, -0.339888
337, 5, 1.961746
337, 6, 0.000000
337, 7, 1.244126
337, 8, 3.334117
337, 9, 1.717014
337, 10, 1.799201
337, 11, 2.271102
337, 12, 2.523139
337, 13, -0.003852
337, 14, 2.588795
337, 15, 2.278180
337, 16, 1.129258
337, 17, 3.228527
337, 18, 3.588422
337, 19, 2.593091
337, 20, 4.280706
337, 21, 0.436530
337, 22, 2.161510
337, 23, 1.270559
337, 24, 1.065771
337, 25, 2.046121
337, 26, 1.417956
337, 27, 0.812977
337, 28, 1.981119
337, 29, 1.905149
337, 30, 0.668950
337, 31, 2.617163
337, 32, -0.040000
337, 33, 2.776329
337, 34, 2.384122
337, 35, 2.603684
337, 36, 2.282375
337, 37, 1.511988
337, 38, 0.375477
337, 39, 1.568695
337, 40, 2.683111
337, 41, 1.715478
337, 42, 1.011686
337, 43, 1.442728
337, 44, 0.519650
337, 45, 1.431740
337, 46, 2.275831
337, 47, 1.415481
337, 48, 2.593920
337, 49, -0.160065
337, 50, 2.187935
337, 51, 0.700052
337, 52, 1.514256
337, 53, -0.000015
337, 54, 2.737309
337, 55, 3.165915
337, 56, 2.509596
337, 57, 2.949618
337, 58, 0.829374
337, 59, 1.691667
337, 60, 0.000000
337, 61, 1.402721
337, 62, 2.046885
337, 63, 1.722669
337, 64, 2.057648
337, 65, 3.459342
337, 66, 1.750670
337, 67, 2.514823
337, 68, 1.616038
337, 69, 2.722613
337, 70, 2.955020
337, 71, 2.585601
337, 72, 3.799176
337, 73, 3.224478
337, 74, 1.580833
337, 75, 1.934788
337, 76, 1.049166
337, 77, 1.420346
337, 78, 1.805377
337, 79, 2.797782
337, 80, 2.669624
337, 81, 1.792016
337, 82, -0.136395
337, 83, 1.218934
337, 84, 0.939994
337, 85, 2.945451
337, 86, 3.259083
337, 87, 2.334270
337, 88, 1.398646
337, 89, 0.544654
337, 90, 1.203632
337, 91, 1.470396
337, 92, 0.672629
337, 93, 2.664737
337, 94, 1.674862
337, 95, 0.928221
337, 96, 1.652407
337, 97, 4.307393
337, 98, 2.158822
337, 99, 1.159450
337, 100, 0.792004
337, 101, -0.031273
337, 102, 1.675544
337, 103, 0.000000
337, 104, 3.533308
337, 105, 2.786787
337, 106, 1.431670
337, 107, 1.941802
337, 108, 0.744162
337, 109, -0.016499
337, 110, 1.771988
337, 111, 0.856750
337, 112, 1.185186
337, 113, 3.511470
337, 114, 1.068332
337, 115, 1.880566
337, 116, 1.425418
337, 117, 2.225859
337, 118, 1.549596
337, 119, 1.334032
337, 120, 2.290500
337, 121, 3.649731
337, 122, 2.491351
337, 123, 0.346461
337, 124, 2.149924
337, 125, 4.285003
337, 126, 1.115535
337, 127, 0.838413
337, 128, -0.090005
337, 129, 0.074872
337, 130, 1.536905
337, 131, 1.749791
337, 132, 1.199875
337, 133, 0.903711
337, 134, 1.165754
337, 135, 0.744959
337, 136, 0.660780
337, 137, 1.628471
337, 138, 0.985482
337, 139, 0.948503
337, 140, 3.510037
337, 141, 2.066215
337, 142, 3.123041
337, 143, 1.932621
337, 144, 1.581656
337, 145, 1.469971
337, 146, 1.966183
337, 147, 3.776875
337, 148, 2.446034
337, 149, 3.524829
337, 150, 1.562608
337, 151, 1.916986
337, 152, 2.067525
337, 153, 0.000000
337, 154, 1.593774
337, 155, 2.281182
337, 156, -0.010000
337, 157, 3.007407
337, 158, 1.991819
337, 159, 1.071481
337, 160, 2.948990
337, 161, 2.052761
337, 162, 3.361321
337, 163, 2.512980
337, 164, 3.356822
337, 165, 2.996575
337, 166, 3.627593
337, 167, 1.409328
337, 168, 0.369980
337, 169, 1.759367
337, 170, 1.509260
337, 171, 2.821826
337, 172, 2.351741
337, 173, 2.696935
337, 174, 1.764288
337, 175, 1.067069
337, 176, 3.356692
337, 177, 2.485612
337, 178, 0.529260
337, 179, 3.042123
337, 180, 3.460107
337, 181, 0.965567
337, 182, 3.132624
337, 183, -0.040000
337, 184, 0.714158
337, 185, 1.880346
337, 186, 3.370277
337, 187, 0.000000
337, 188, 2.717208
337, 189, 3.098825
337, 190, 2.409982
337, 191, 0.717938
337, 192, 2.137953
337, 193, 2.742663
337, 194, 1.537421
337, 195, -0.228731
337, 196, 3.978480
337, 197, 2.314027
337, 198, 2.285526
337, 199, 1.452204
339, 0, 1.503664
339, 1, 1.547396
339, 2, 2.337311
339, 3, 1.150859
339, 4, -0.339888
339, 5, 1.961974
339, 6, 0.000000
339, 7, 1.244126
339, 8, 3.351491
339, 9, 1.717014
339, 10, 1.799201
339, 11, 2.271102
339, 12, 2.546563
339, 13, -0.003852
339, 14, 2.589653
339, 15, 2.304305
339, 16, 1.129258
339, 17, 3.229853
339, 18, 3.585957
339, 19, 2.593091
339, 20, 4.231920
339, 21, 0.436530
339, 22, 2.161510
339, 23, 1.270559
339, 24, 1.065771
339, 25, 2.046121
339, 26, 1.446881
339, 27, 0.812977
339, 28, 1.981970
339, 29, 1.904169
339, 30, 0.668950
339, 31, 2.639150
339, 32, -0.040000
339, 33, 2.780357
339, 34, 2.375707
339, 35, 2.604234
339, 36, 2.284859
339, 37, 1.594732
339, 38, 0.375477
339, 39, 1.568695
339, 40, 2.683111
339, 41, 1.715424
339, 42, 1.011686
339, 43, 1.442728
339, 44, 0.519650
339, 45, 1.430803
339, 46, 2.255585
339, 47, 1.415481
339, 48, 2.593481
339, 49, -0.160065
339, 50, 2.187935
339, 51, 0.700052
339, 52, 1.514256
339, 53, -0.000015
339, 54, 2.711537
339, 55, 3.164435
339, 56, 2.512834
339, 57, 2.950133
339, 58, 0.829374
339, 59, 1.691667
339, 60, 0.000000
339, 61, 1.402721
339, 62, 2.046885
339, 63, 1.722669
339, 64, 2.057648
339, 65, 3.453526
339, 66, 1.750670
339, 67, 2.514823
339, 68, 1.616038
339, 69, 2.722616
339, 70, 2.954473
339, 71, 2.583027
339, 72, 3.799062
339, 73, 3.231719
339, 74, 1.580833
339, 75, 1.934788
339, 76, 1.049166
339, 77, 1.420346
339, 78, 1.805377
339, 79, 2.797782
339, 80, 2.670287
339, 81, 1.767706
339, 82, -0.135558
339, 83, 1.218934
339, 84, 0.939994
339, 85, 2.945451
339, 86, 3.258970
339, 87, 2.334270
339, 88, 1.398646
339, 89, 0.544654
339, 90, 1.203633
339, 91, 1.464977
339, 92, 0.672629
339, 93, 2.675163
339, 94, 1.678034
339, 95, 0.909875
339, 96, 1.652371
339, 97, 4.270107
339, 98, 2.142826
339, 99, 1.159450
339, 100, 0.792004
339, 101, -0.031273
339, 102, 1.675544
339, 103, 0.000000
339, 104, 3.532831
339, 105, 2.789123
339, 106, 1.431670
339, 107, 1.934340
339, 108, 0.744162
339, 109, -0.016499
339, 110, 1.771988
339, 111, 0.856941
339, 112, 1.185186
339, 113, 3.543840
339, 114, 1.068332
339, 115, 1.886186
339, 116, 1.425418
339, 117, 2.225859
339, 118, 1.543986
339, 119, 1.334032
339, 120, 2.290499
339, 121, 3.695434
339, 122, 2.491351
339, 123, 0.346461
339, 124, 2.149924
339, 125, 4.282401
339, 126, 1.118009
339, 127, 0.838413
339, 128, -0.090005
339, 129, 0.074872
339, 130, 1.536905
339, 131, 1.749791
339, 132, 1.199875
339, 133, 0.903712
339, 134, 1.165754
339, 135, 0.744959
339, 136, 0.660780
339, 137, 1.627099
339, 138, 0.985482
339, 139, 0.948503
339, 140, 3.498704
339, 141, 2.066215
339, 142, 3.132372
339, 143, 1.929591
339, 144, 1.581656
339, 145, 1.469971
339, 146, 1.966183
339, 147, 3.759321
339, 148, 2.446034
339, 149, 3.525457
339, 150, 1.562608
339, 151, 1.918448
339, 152, 2.028298
339, 153, 0.000000
339, 154, 1.593774
339, 155, 2.281182
339, 156, -0.010000
339, 157, 3.007407
339, 158, 1.991819
339, 159, 1.071481
339, 160, 2.935463
339, 161, 2.052761
339, 162, 3.347706
339, 163, 2.512980
339, 164, 3.356848
339, 165, 2.996210
339, 166, 3.631051
339, 167, 1.409328
339, 168, 0.369980
339, 169, 1.759012
339, 170, 1.509260
339, 171, 2.823267
339, 172, 2.352032
339, 173, 2.698525
339, 174, 1.673290
339, 175, 1.067069
339, 176, 3.356691
339, 177, 2.482008
339, 178, 0.529260
339, 179, 3.042561
339, 180, 3.488752
339, 181, 0.965567
339, 182, 3.132624
339, 183, -0.040000
339, 184, 0.714158
339, 185, 1.880346
339, 186, 3.370222
339, 187, 0.000000
339, 188, 2.729180
339, 189, 3.044354
339, 190, 2.409982
339, 191, 0.717938
339, 192, 2.160456
339, 193, 2.743439
339, 194, 1.537422
339, 195, -0.228731
339, 196, 3.979959
339, 197, 2.314027
339, 198, 2.285493
339, 199, 1.452204
341, 0, 1.503664
341, 1, 1.547396
341, 2, 2.381284
341, 3, 1.150856
341, 4, -0.339888
341, 5, 1.962161
341, 6, 0.000000
341, 7, 1.244126
341, 8, 3.373293
341, 9, 1.717014
341, 10, 1.799200
341, 11, 2.271102
341, 12, 2.558616
341, 13, -0.003852
341, 14, 2.589833
341, 15, 2.393319
341, 16, 1.129258
341, 17, 3.231420
341, 18, 3.588497
341, 19, 2.593091
341, 20, 4.290204
341, 21, 0.436530
341, 22, 2.161510
341, 23, 1.270559
341, 24, 1.065771
341, 25, 2.046121
341, 26, 1.456762
341, 27, 0.812977
341, 28, 1.982501
341, 29, 1.904015
341, 30, 0.668950
341, 31, 2.645351
341, 32, -0.040000
341, 33, 2.784268
341, 34, 2.388194
341, 35, 2.604331
341, 36, 2.295268
341, 37, 1.628027
341, 38, 0.375477
341, 39, 1.568695
341, 40, 2.683111
341, 41, 1.715491
341, 42, 1.011686
341, 43, 1.442728
341, 44, 0.519650
341, 45, 1.430653
341, 46, 2.237331
341, 47, 1.415481
341, 48, 2.593626
341, 49, -0.160065
341, 50, 2.187935
341, 51, 0.700052
341, 52, 1.514256
341, 53, -0.000015
341, 54, 2.730546
341, 55, 3.164004
341, 56, 2.512994
341, 57, 2.950341
341, 58, 0.829374
341, 59, 1.691667
341, 60, 0.000000
341, 61, 1.402721
341, 62, 2.046886
341, 63, 1.722669
341, 64, 2.057648
341, 65, 3.477336
341, 66, 1.750670
341, 67, 2.514823
341, 68, 1.616038
341, 69, 2.722615
341, 70, 2.954959
341, 71, 2.584254
341, 72, 3.799203
341, 73, 3.233215
341, 74, 1.580833
341, 75, 1.934788
341, 76, 1.049166
341, 77, 1.420346
341, 78, 1.805377
341, 79, 2.797783
341, 80, 2.670616
341, 81, 1.777211
341, 82, -0.135318
341, 83, 1.218934
341, 84, 0.939994
341, 85, 2.945451
341, 86, 3.264736
341, 87, 2.334270
341, 88, 1.398646
341, 89, 0.544654
341, 90, 1.203631
341, 91, 1.458643
341, 92, 0.672629
341, 93, 2.635335
341, 94, 1.679029
341, 95, 0.892533
341, 96, 1.652854
341, 97, 4.306409
341, 98, 2.130191
341, 99, 1.159450
341, 100, 0.792004
341, 101, -0.031273
341, 102, 1.675544
341, 103, 0.000000
341, 104, 3.533321
341, 105, 2.786720
341, 106, 1.431670
341, 107, 1.929345
341, 108, 0.639675
341, 109, -0.016499
341, 110, 1.771988
341, 111, 0.856351
341, 112, 1.185186
341, 113, 3.555169
341, 114, 1.068332
341, 115, 1.889238
341, 116, 1.425418
341, 117, 2.225859
341, 118, 1.540785
341, 119, 1.334032
341, 120, 2.295587
341, 121, 3.648220
341, 122, 2.491351
341, 123, 0.346461
341, 124, 2.149923
341, 125, 4.284593
341, 126, 1.120078
341, 127, 0.838413
341, 128, -0.090005
341, 129, 0.074872
341, 130, 1.536904
341, 131, 1.749791
341, 132, 1.199875
341, 133, 0.903705
341, 134, 1.165754
341, 135, 0.744959
341, 136, 0.660780
341, 137, 1.625619
341, 138, 0.985482
341, 139, 0.937750
341, 140, 3.487821
341, 141, 2.066215
341, 142, 3.087932
341, 143, 1.927873
341, 144, 1.581656
341, 145, 1.469971
341, 146, 1.966183
341, 147, 3.754574
341, 148, 2.446034
341, 149, 3.525473
341, 150, 1.562608
341, 151, 1.920101
341, 152, 1.990811
341, 153, 0.000000
341, 154, 1.593774
341, 155, 2.281181
341, 156, -0.010000
341, 157, 3.007407
341, 158, 1.991819
341, 159, 1.071481
341, 160, 2.946123
341, 161, 2.052761
341, 162, 3.354516
341, 163, 2.512779
341, 164, 3.356850
341, 165, 2.995837
341, 166, 3.626057
341, 167, 1.409328
341, 168, 0.369980
341, 169, 1.758862
341, 170, 1.509260
341, 171, 2.823541
341, 172, 2.352206
341, 173, 2.697715
341, 174, 1.716152
341, 175, 1.067069
341, 176, 3.357956
341, 177, 2.482509
341, 178, 0.529260
341, 179, 3.045356
341, 180, 3.515959
341, 181, 0.965567
341, 182, 3.132624
341, 183, -0.040000
341, 184, 0.714158
341, 185, 1.880346
341, 186, 3.364914
341, 187, 0.000000
341, 188, 2.738844
341, 189, 2.987746
341, 190, 2.409982
341, 191, 0.717938
341, 192, 2.153967
341, 193, 2.744794
341, 194, 1.537419
341, 195, -0.234578
341, 196, 3.978364
341, 197, 2.310048
341, 198, 2.285401
341, 199, 1.452204
343, 0, 1.503664
343, 1, 1.547396
343, 2, 2.368026
343, 3, 1.150858
343, 4, -0.339888
343, 5, 1.963077
343, 6, 0.000000
343, 7, 1.244126
343, 8, 3.401675
343, 9, 1.717014
343, 10, 1.799201
343, 11, 2.271102
343, 12, 2.576718
343, 13, -0.003852
343, 14, 2.589877
343, 15, 2.377061
343, 16, 1.129258
343, 17, 3.229024
343, 18, 3.588655
343, 19, 2.596393
343, 20, 4.284745
343, 21, 0.436530
343, 22, 2.161510
343, 23, 1.270559
343, 24, 1.065771
343, 25, 2.046121
343, 26, 1.341646
343, 27, 0.812977
343, 28, 1.982385
343, 29, 1.903145
343, 30, 0.668950
343, 31, 2.662887
343, 32, -0.040000
343, 33, 2.786556
343, 34, 2.385659
343, 35, 2.604295
343, 36, 2.291273
343, 37, 1.495744
343, 38, 0.375477
343, 39, 1.568695
343, 40, 2.683111
343, 41, 1.715725
343, 42, 1.011686
343, 43, 1.442728
343, 44, 0.519650
343, 45, 1.429812
343, 46, 2.261683
343, 47, 1.415481
343, 48, 2.593865
343, 49, -0.160065
343, 50, 2.187935
343, 51, 0.700052
343, 52, 1.514256
343, 53, -0.000015
343, 54, 2.741965
343, 55, 3.163040
343, 56, 2.510794
343, 57, 2.950460
343, 58, 0.829374
343, 59, 1.691667
343, 60, 0.000000
343, 61, 1.402721
343, 62, 2.046886
343, 63, 1.722669
343, 64, 2.057648
343, 65, 3.481710
343, 66, 1.750670
343, 67, 2.514823
343, 68, 1.616038
343, 69, 2.722615
343, 70, 2.954907
343, 71, 2.583028
343, 72, 3.799160
343, 73, 3.239017
343, 74, 1.580833
343, 75, 1.934788
343, 76, 1.049166
343, 77, 1.420346
343, 78, 1.805377
343, 79, 2.797782
343, 80, 2.671218
343, 81, 1.808338
343, 82, -0.134571
343, 83, 1.218934
343, 84, 0.939994
343, 85, 2.945451
343, 86, 3.268672
343, 87, 2.334270
343, 88, 1.398646
343, 89, 0.544654
343, 90, 1.203630
343, 91, 1.452798
343, 92, 0.672629
343, 93, 2.658259
343, 94, 1.677038
343, 95, 0.912274
343, 96, 1.652778
343, 97, 4.307101
343, 98, 2.131631
343, 99, 1.159450
343, 100, 0.792004
343, 101, -0.031273
343, 102, 1.675544
343, 103, 0.000000
343, 104, 3.532817
343, 105, 2.789183
343, 106, 1.431670
343, 107, 1.935315
343, 108, 0.639675
343, 109, -0.016499
343, 110, 1.771988
343, 111, 0.854791
343, 112, 1.185186
343, 113, 3.553891
343, 114, 1.068332
343, 115, 1.891919
343, 116, 1.425418
343, 117, 2.225859
343, 118, 1.538425
343, 119, 1.334032
343, 120, 2.295898
343, 121, 3.593740
343, 122, 2.491351
343, 123, 0.346461
343, 124, 2.149923
343, 125, 4.269398
343, 126, 1.122377
343, 127, 0.838413
343, 128, -0.090005
343, 129, 0.074872
343, 130, 1.536904
343, 131, 1.749791
343, 132, 1.199875
343, 133, 0.903708
343, 134, 1.165754
343, 135, 0.744959
343, 136, 0.660780
343, 137, 1.624300
343, 138, 0.985482
343, 139, 0.937750
343, 140, 3.471626
343, 141, 2.066215
343, 142, 3.091077
343, 143, 1.926615
343, 144, 1.581656
343, 145, 1.469971
343, 146, 1.966183
343, 147, 3.774115
343, 148, 2.446034
343, 149, 3.523937
343, 150, 1.562608
343, 151, 1.920262
343, 152, 1.953264
343, 153, 0.000000
343, 154, 1.593774
343, 155, 2.281182
343, 156, -0.010000
343, 157, 3.008416
343, 158, 1.991819
343, 159, 1.071481
343, 160, 2.950029
343, 161, 2.063638
343, 162, 3.359370
343, 163, 2.512162
343, 164, 3.356851
343, 165, 2.995512
343, 166, 3.623169
343, 167, 1.409328
343, 168, 0.369980
343, 169, 1.758813
343, 170, 1.509260
343, 171, 2.823808
343, 172, 2.346346
343, 173, 2.696765
343, 174, 1.732738
343, 175, 1.067069
343, 176, 3.357605
343, 177, 2.480017
343, 178, 0.529260
343, 179, 3.042325
343, 180, 3.518276
343, 181, 0.965567
343, 182, 3.132624
343, 183, -0.040000
343, 184, 0.714158
343, 185, 1.880346
343, 186, 3.364595
343, 187, 0.000000
343, 188, 2.731822
343, 189, 3.023855
343, 190, 2.409982
343, 191, 0.717938
343, 192, 2.127080
343, 193, 2.744803
343, 194, 1.537420
343, 195, -0.242778
343, 196, 3.980977
343, 197, 2.315073
343, 198, 2.285330
343, 199, 1.452204
345, 0, 1.503664
345, 1, 1.547396
345, 2, 2.360869
345, 3, 1.150858
345, 4, -0.339888
345, 5, 1.963855
345, 6, 0.000000
345, 7, 1.244126
345, 8, 3.414237
345, 9, 1.717014
345, 10, 1.799201
345, 11, 2.271102
345, 12, 2.586794
345, 13, -0.003852
345, 14, 2.589877
345, 15, 2.406307
345, 16, 1.129258
345, 17, 3.202376
345, 18, 3.586562
345, 19, 2.607605
345, 20, 4.272038
345, 21, 0.436530
345, 22, 2.161510
345, 23, 1.270559
345, 24, 1.065771
345, 25, 2.046121
345, 26, 1.372571
345, 27, 0.812977
345, 28, 1.982762
345, 29, 1.902330
345, 30, 0.668950
345, 31, 2.669337
345, 32, -0.040000
345, 33, 2.789169
345, 34, 2.393864
345, 35, 2.604227
345, 36, 2.290262
345, 37, 1.582453
345, 38, 0.375477
345, 39, 1.568695
345, 40, 2.683111
345, 41, 1.715968
345, 42, 1.011686
345, 43, 1.442728
345, 44, 0.519650
345, 45, 1.429026
345, 46, 2.263993
345, 47, 1.415481
345, 48, 2.593990
345, 49, -0.160065
345, 50, 2.187935
345, 51, 0.700052
345, 52, 1.514256
345, 53, -0.000015
345, 54, 2.722434
345, 55, 3.161852
345, 56, 2.522682
345, 57, 2.950556
345, 58, 0.829374
345, 59, 1.691667
345, 60, 0.000000
345, 61, 1.402721
345, 62, 2.046885
345, 63, 1.722669
345, 64, 2.057648
345, 65, 3.462915
345, 66, 1.750670
345, 67, 2.514823
345, 68, 1.616038
345, 69, 2.722615
345, 70, 2.955126
345, 71, 2.583028
345, 72, 3.799050
345, 73, 3.240894
345, 74, 1.580833
345, 75, 1.934788
345, 76, 1.049166
345, 77, 1.420346
345, 78, 1.805377
345, 79, 2.797782
345, 80, 2.671659
345, 81, 1.821673
345, 82, -0.132833
345, 83, 1.218934
345, 84, 0.939994
345, 85, 2.945451
345, 86, 3.269055
345, 87, 2.356757
345, 88, 1.398646
345, 89, 0.544654
345, 90, 1.203630
345, 91, 1.447814
345, 92, 0.672629
345, 93, 2.686847
345, 94, 1.663278
345, 95, 0.890549
345, 96, 1.651252
345, 97, 4.302161
345, 98, 2.141038
345, 99, 1.159450
345, 100, 0.792004
345, 101, -0.031273
345, 102, 1.675544
345, 103, 0.000000
345, 104, 3.533319
345, 105, 2.786729
345, 106, 1.431670
345, 107, 1.951727
345, 108, 0.639675
345, 109, -0.016499
345, 110, 1.771988
345, 111, 0.839749
345, 112, 1.185186
345, 113, 3.552245
345, 114, 1.068332
345, 115, 1.895958
345, 116, 1.425418
345, 117, 2.225859
345, 118, 1.536378
345, 119, 1.334032
345, 120, 2.296009
345, 121, 3.649633
345, 122, 2.491351
345, 123, 0.346461
345, 124, 2.149924
345, 125, 4.284031
345, 126, 1.124804
345, 127, 0.838413
345, 128, -0.090005
345, 129, 0.074872
345, 130, 1.536905
345, 131, 1.749791
345, 132, 1.199875
345, 133, 0.903710
345, 134, 1.165754
345, 135, 0.744959
345, 136, 0.660780
345, 137, 1.623093
345, 138, 0.985482
345, 139, 0.937750
345, 140, 3.481074
345, 141, 2.066215
345, 142, 3.096822
345, 143, 1.924555
345, 144, 1.581656
345, 145, 1.469971
345, 146, 1.966183
345, 147, 3.743235
345, 148, 2.446034
345, 149, 3.525421
345, 150, 1.562608
345, 151, 1.926577
345, 152, 1.929483
345, 153, 0.000000
345, 154, 1.593774
345, 155, 2.281182
345, 156, -0.010000
345, 157, 3.007406
345, 158, 1.991819
345, 159, 1.071481
345, 160, 2.879456
345, 161, 2.012886
345, 162, 3.326877
345, 163, 2.512162
345, 164, 3.356852
345, 165, 2.995206
345, 166, 3.626832
345, 167, 1.409328
345, 168, 0.369980
345, 169, 1.758877
345, 170, 1.509260
345, 171, 2.824318
345, 172, 2.341110
345, 173, 2.699033
345, 174, 1.772742
345, 175, 1.067069
345, 176, 3.357605
345, 177, 2.489331
345, 178, 0.529260
345, 179, 3.044002
345, 180, 3.508876
345, 181, 0.965567
345, 182, 3.132624
345, 183, -0.040000
345, 184, 0.714158
345, 185, 1.880346
345, 186, 3.372067
345, 187, 0.000000
345, 188, 2.732314
345, 189, 3.054405
345, 190, 2.409982
345, 191, 0.717938
345, 192, 2.150892
345, 193, 2.742409
345, 194, 1.537421
345, 195, -0.247754
345, 196, 3.979054
345, 197, 2.313079
345, 198, 2.285273
345, 199, 1.452204
347, 0, 1.503664
347, 1, 1.547396
347, 2, 2.386336
347, 3, 1.150859
347, 4, -0.339888
347, 5, 1.963334
347, 6, 0.000000
347, 7, 1.244126
347, 8, 3.386588
347, 9, 1.717014
347, 10, 1.799201
347, 11, 2.271102
347, 12, 2.580526
347, 13, -0.003852
347, 14, 2.589864
347, 15, 2.402037
347, 16, 1.129258
347, 17, 3.229983
347, 18, 3.588425
347, 19, 2.593091
347, 20, 4.290321
347, 21, 0.436530
347, 22, 2.161510
347, 23, 1.270559
347, 24, 1.065771
347, 25, 2.046121
347, 26, 1.327633
347, 27, 0.812977
347, 28, 1.982998
347, 29, 1.901766
347, 30, 0.668950
347, 31, 2.664119
347, 32, -0.040000
347, 33, 2.789605
347, 34, 2.386595
347, 35, 2.604151
347, 36, 2.289049
347, 37, 1.624327
347, 38, 0.375477
347, 39, 1.568695
347, 40, 2.683111
347, 41, 1.716172
347, 42, 1.011686
347, 43, 1.442728
347, 44, 0.519650
347, 45, 1.428483
347, 46, 2.266955
347, 47, 1.415481
347, 48, 2.594089
347, 49, -0.160065
347, 50, 2.187935
347, 51, 0.700052
347, 52, 1.514256
347, 53, -0.000015
347, 54, 2.739181
347, 55, 3.162587
347, 56, 2.516773
347, 57, 2.950646
347, 58, 0.829374
347, 59, 1.691667
347, 60, 0.000000
347, 61, 1.402721
347, 62, 2.046885
347, 63, 1.722669
347, 64, 2.057648
347, 65, 3.466208
347, 66, 1.750670
347, 67, 2.514823
347, 68, 1.616038
347, 69, 2.722615
347, 70, 2.955100
347, 71, 2.583028
347, 72, 3.799291
347, 73, 3.239352
347, 74, 1.580833
347, 75, 1.934788
347, 76, 1.049166
347, 77, 1.420346
347, 78, 1.805377
347, 79, 2.797782
347, 80, 2.671788
347, 81, 1.798353
347, 82, -0.132321
347, 83, 1.218934
347, 84, 0.939994
347, 85, 2.945451
347, 86, 3.260845
347, 87, 2.334270
347, 88, 1.398646
347, 89, 0.544654
347, 90, 1.203630
347, 91, 1.453718
347, 92, 0.672629
347, 93, 2.681027
347, 94, 1.667068
347, 95, 0.878390
347, 96, 1.651770
347, 97, 4.304514
347, 98, 2.140562
347, 99, 1.159450
347, 100, 0.792004
347, 101, -0.031273
347, 102, 1.675544
347, 103, 0.000000
347, 104, 3.532819
347, 105, 2.789175
347, 106, 1.431670
347, 107, 1.942896
347, 108, 0.639675
347, 109, -0.016499
347, 110, 1.771988
347, 111, 0.837637
347, 112, 1.185186
347, 113, 3.555740
347, 114, 1.068332
347, 115, 1.891468
347, 116, 1.426821
347, 117, 2.225859
347, 118, 1.534477
347, 119, 1.334032
347, 120, 2.296048
347, 121, 3.678755
347, 122, 2.491351
347, 123, 0.346461
347, 124, 2.149924
347, 125, 4.290281
347, 126, 1.127308
347, 127, 0.838413
347, 128, -0.090005
347, 129, 0.074872
347, 130, 1.536905
347, 131, 1.749791
347, 132, 1.199875
347, 133, 0.903711
347, 134, 1.165754
347, 135, 0.744959
347, 136, 0.660780
347, 137, 1.621970
347, 138, 0.985482
347, 139, 0.937750
347, 140, 3.488741
347, 141, 2.066215
347, 142, 3.128459
347, 143, 1.924555
347, 144, 1.581656
347, 145, 1.469971
347, 146, 1.966183
347, 147, 3.774010
347, 148, 2.446034
347, 149, 3.524863
347, 150, 1.562608
347, 151, 1.924858
347, 152, 1.929639
347, 153, 0.000000
347, 154, 1.593774
347, 155, 2.281182
347, 156, -0.010000
347, 157, 3.007406
347, 158, 1.991819
347, 159, 1.071481
347, 160, 2.949156
347, 161, 2.048727
347, 162, 3.334068
347, 163, 2.512162
347, 164, 3.356851
347, 165, 2.995833
347, 166, 3.627628
347, 167, 1.409328
347, 168, 0.369980
347, 169, 1.758989
347, 170, 1.509260
347, 171, 2.804497
347, 172, 2.348289
347, 173, 2.702689
347, 174, 1.591657
347, 175, 1.067069
347, 176, 3.356692
347, 177, 2.487744
347, 178, 0.529260
347, 179, 3.045043
347, 180, 3.516229
347, 181, 0.965567
347, 182, 3.132624
347, 183, -0.040000
347, 184, 0.714158
347, 185, 1.880346
347, 186, 3.367269
347, 187, 0.000000
347, 188, 2.728367
347, 189, 2.927782
347, 190, 2.409982
347, 191, 0.717938
347, 192, 2.138462
347, 193, 2.741944
347, 194, 1.537421
347, 195, -0.250734
347, 196, 3.981608
347, 197, 2.305511
347, 198, 2.285222
347, 199, 1.452204
349, 0, 1.503664
349, 1, 1.547396
349, 2, 2.353318
349, 3, 1.150859
349, 4, -0.339888
349, 5, 1.959174
349, 6, 0.000000
349, 7, 1.244126
349, 8, 3.396836
349, 9, 1.717014
349, 10, 1.799201
349, 11, 2.271102
349, 12, 2.573872
349, 13, -0.003852
349, 14, 2.589850
349, 15, 2.454055
349, 16, 1.129258
349, 17, 3.229990
349, 18, 3.587803
349, 19, 2.593091
349, 20, 4.291134
349, 21, 0.436530
349, 22, 2.161510
349, 23, 1.270559
349, 24, 1.065771
349, 25, 2.046121
349, 26, 1.366821
349, 27, 0.812977
349, 28, 1.983144
349, 29, 1.904116
349, 30, 0.668950
349, 31, 2.656705
349, 32, -0.040000
349, 33, 2.793298
349, 34, 2.367683
349, 35, 2.604076
349, 36, 2.290349
349, 37, 1.683530
349, 38, 0.375477
349, 39, 1.568695
349, 40, 2.683111
349, 41, 1.716382
349, 42, 1.011686
349, 43, 1.442728
349, 44, 0.519650
349, 45, 1.430751
349, 46, 2.252526
349, 47, 1.415481
349, 48, 2.596231
349, 49, -0.160065
349, 50, 2.187935
349, 51, 0.700052
349, 52, 1.514256
349, 53, -0.000015
349, 54, 2.777077
349, 55, 3.165835
349, 56, 2.520076
349, 57, 2.950734
349, 58, 0.829374
349, 59, 1.691667
349, 60, 0.000000
349, 61, 1.402721
349, 62, 2.046885
349, 63, 1.722669
349, 64, 2.057648
349, 65, 3.469566
349, 66, 1.750670
349, 67, 2.514823
349, 68, 1.616038
349, 69, 2.722616
349, 70, 2.954703
349, 71, 2.583029
349, 72, 3.799404
349, 73, 3.237203
349, 74, 1.580833
349, 75, 1.934788
349, 76, 1.049166
349, 77, 1.420346
349, 78, 1.805377
349, 79, 2.797782
349, 80, 2.670783
349, 81, 1.793342
349, 82, -0.137754
349, 83, 1.218934
349, 84, 0.939994
349, 85, 2.945451
349, 86, 3.249190
349, 87, 2.343998
349, 88, 1.398646
349, 89, 0.544654
349, 90, 1.203631
349, 91, 1.477864
349, 92, 0.672629
349, 93, 2.648093
349, 94, 1.667114
349, 95, 0.919495
349, 96, 1.653426
349, 97, 4.306742
349, 98, 2.143299
349, 99, 1.159450
349, 100, 0.792004
349, 101, -0.031273
349, 102, 1.675544
349, 103, 0.000000
349, 104, 3.533329
349, 105, 2.786668
349, 106, 1.431670
349, 107, 1.950101
349, 108, 0.639675
349, 109, -0.016499
349, 110, 1.771988
349, 111, 0.836259
349, 112, 1.185186
349, 113, 3.555334
349, 114, 1.068332
349, 115, 1.886862
349, 116, 1.425204
349, 117, 2.225859
349, 118, 1.552451
349, 119, 1.334032
349, 120, 2.296062
349, 121, 3.658073
349, 122, 2.491351
349, 123, 0.346461
349, 124, 2.149924
349, 125, 4.286156
349, 126, 1.129735
349, 127, 0.838413
349, 128, -0.090005
349, 129, 0.074872
349, 130, 1.536905
349, 131, 1.749791
349, 132, 1.199875
349, 133, 0.903712
349, 134, 1.165754
349, 135, 0.744959
349, 136, 0.660780
349, 137, 1.620865
349, 138, 0.985482
349, 139, 0.937750
349, 140, 3.489341
349, 141, 2.066215
349, 142, 3.136246
349, 143, 1.934418
349, 144, 1.581656
349, 145, 1.469971
349, 146, 1.966183
349, 147, 3.753845
349, 148, 2.446034
349, 149, 3.525450
349, 150, 1.562608
349, 151, 1.924343
349, 152, 1.929639
349, 153, 0.000000
349, 154, 1.593774
349, 155, 2.281182
349, 156, -0.010000
349, 157, 3.007406
349, 158, 1.991819
349, 159, 1.071481
349, 160, 2.926204
349, 161, 2.053814
349, 162, 3.345774
349, 163, 2.512162
349, 164, 3.356852
349, 165, 2.997542
349, 166, 3.631312
349, 167, 1.409328
349, 168, 0.369980
349, 169, 1.758910
349, 170, 1.509260
349, 171, 2.814070
349, 172, 2.350799
349, 173, 2.702510
349, 174, 1.629799
349, 175, 1.067069
349, 176, 3.360418
349, 177, 2.493968
349, 178, 0.529260
349, 179, 3.043472
349, 180, 3.509034
349, 181, 0.965567
349, 182, 3.132624
349, 183, -0.040000
349, 184, 0.714158
349, 185, 1.880345
349, 186, 3.357566
349, 187, 0.000000
349, 188, 2.730753
349, 189, 2.960305
349, 190, 2.409982
349, 191, 0.717938
349, 192, 2.160883
349, 193, 2.743742
349, 194, 1.537421
349, 195, -0.252504
349, 196, 3.981328
349, 197, 2.311267
349, 198, 2.285178
349, 199, 1.452204
351, 0, 1.503664
351, 1, 1.547396
351, 2, 2.332040
351, 3, 1.150856
351, 4, -0.339888
351, 5, 1.956418
351, 6, 0.000000
351, 7, 1.244126
351, 8, 3.378846
351, 9, 1.717014
351, 10, 1.799200
351, 11, 2.271102
351, 12, 2.571576
351, 13, -0.003852
351, 14, 2.589832
351, 15, 2.469556
351, 16, 1.129258
351, 17, 3.229049
351, 18, 3.587701
351, 19, 2.593091
351, 20, 4.282966
351, 21, 0.436530
351, 22, 2.161510
351, 23, 1.270559
351, 24, 1.065771
351, 25, 2.046121
351, 26, 1.373578
351, 27, 0.812977
351, 28, 1.983229
351, 29, 1.904594
351, 30, 0.668950
351, 31, 2.653116
351, 32, -0.040000
351, 33, 2.771937
351, 34, 2.397498
351, 35, 2.603997
351, 36, 2.289065
351, 37, 1.488388
351, 38, 0.375477
351, 39, 1.568695
351, 40, 2.683111
351, 41, 1.716582
351, 42, 1.011686
351, 43, 1.442728
351, 44, 0.519650
351, 45, 1.431216
351, 46, 2.239594
351, 47, 1.415481
351, 48, 2.595390
351, 49, -0.160065
351, 50, 2.187935
351, 51, 0.700052
351, 52, 1.514256
351, 53, -0.000015
351, 54, 2.729892
351, 55, 3.168216
351, 56, 2.510287
351, 57, 2.950820
351, 58, 0.829374
351, 59, 1.691667
351, 60, 0.000000
351, 61, 1.402721
351, 62, 2.046886
351, 63, 1.722669
351, 64, 2.057648
351, 65, 3.472648
351, 66, 1.750670
351, 67, 2.514823
351, 68, 1.616038
351, 69, 2.722616
351, 70, 2.954884
351, 71, 2.583029
351, 72, 3.799376
351, 73, 3.236021
351, 74, 1.580833
351, 75, 1.934788
351, 76, 1.049166
351, 77, 1.420346
351, 78, 1.805377
351, 79, 2.797783
351, 80, 2.670197
351, 81, 1.794422
351, 82, -0.137956
351, 83, 1.218931
351, 84, 0.939994
351, 85, 2.945451
351, 86, 3.249412
351, 87, 2.344702
351, 88, 1.398646
351, 89, 0.544654
351, 90, 1.203629
351, 91, 1.477745
351, 92, 0.672629
351, 93, 2.654849
351, 94, 1.672503
351, 95, 0.931415
351, 96, 1.653132
351, 97, 4.304471
351, 98, 2.146649
351, 99, 1.159450
351, 100, 0.792004
351, 101, -0.031273
351, 102, 1.675544
351, 103, 0.000000
351, 104, 3.532808
351, 105, 2.789223
351, 106, 1.431670
351, 107, 1.938807
351, 108, 0.639675
351, 109, -0.016499
351, 110, 1.771988
351, 111, 0.835170
351, 112, 1.185186
351, 113, 3.556256
351, 114, 1.068332
351, 115, 1.884447
351, 116, 1.425204
351, 117, 2.225859
351, 118, 1.552655
351, 119, 1.334032
351, 120, 2.296067
351, 121, 3.599149
351, 122, 2.491351
351, 123, 0.346461
351, 124, 2.149923
351, 125, 4.268325
351, 126, 1.132259
351, 127, 0.838413
351, 128, -0.090005
351, 129, 0.074872
351, 130, 1.536904
351, 131, 1.749791
351, 132, 1.199875
351, 133, 0.903705
351, 134, 1.165754
351, 135, 0.744959
351, 136, 0.660780
351, 137, 1.619892
351, 138, 0.985482
351, 139, 0.937750
351, 140, 3.494610
351, 141, 2.066215
351, 142, 3.140744
351, 143, 1.935353
351, 144, 1.581656
351, 145, 1.469971
351, 146, 1.966183
351, 147, 3.754235
351, 148, 2.446033
351, 149, 3.525453
351, 150, 1.562608
351, 151, 1.923579
351, 152, 1.917521
351, 153, 0.000000
351, 154, 1.593774
351, 155, 2.281181
351, 156, -0.010000
351, 157, 3.010007
351, 158, 1.991819
351, 159, 1.071481
351, 160, 2.944919
351, 161, 2.053814
351, 162, 3.352972
351, 163, 2.512162
351, 164, 3.356852
351, 165, 2.997716
351, 166, 3.632899
351, 167, 1.409328
351, 168, 0.369980
351, 169, 1.758758
351, 170, 1.509260
351, 171, 2.817989
351, 172, 2.351090
351, 173, 2.701412
351, 174, 1.654192
351, 175, 1.067069
351, 176, 3.361069
351, 177, 2.484388
351, 178, 0.529260
351, 179, 3.045789
351, 180, 3.513399
351, 181, 0.965567
351, 182, 3.132624
351, 183, -0.040000
351, 184, 0.714158
351, 185, 1.880346
351, 186, 3.357902
351, 187, 0.000000
351, 188, 2.733477
351, 189, 2.985350
351, 190, 2.409982
351, 191, 0.717938
351, 192, 2.152474
351, 193, 2.742052
351, 194, 1.537419
351, 195, -0.253547
351, 196, 3.979447
351, 197, 2.311267
351, 198, 2.285143
351, 199, 1.452205
353, 0, 1.503985
353, 1, 1.547396
353, 2, 2.302752
353, 3, 1.192858
353, 4, -0.339888
353, 5, 1.994559
353, 6, 0.000000
353, 7, 1.244126
353, 8, 3.540938
353, 9, 1.717014
353, 10, 1.799201
353, 11, 2.431082
353, 12, 2.711649
353, 13, -0.003852
353, 14, 2.589817
353, 15, 2.510207
353, 16, 1.168128
353, 17, 3.229815
353, 18, 3.588702
353, 19, 2.593091
353, 20, 4.292844
353, 21, 0.436530
353, 22, 2.178479
353, 23, 1.270559
353, 24, 1.065771
353, 25, 2.046121
353, 26, 1.512970
353, 27, 0.842982
353, 28, 1.983289
353, 29, 1.904530
353, 30, 0.668950
353, 31, 2.649910
353, 32, -0.040000
353, 33, 2.937114
353, 34, 2.390642
353, 35, 2.603920
353, 36, 2.288166
353, 37, 1.622212
353, 38, 0.375477
353, 39, 1.568695
353, 40, 2.698987
353, 41, 1.716760
353, 42, 1.011686
353, 43, 1.442728
353, 44, 0.519650
353, 45, 1.431155
353, 46, 2.414673
353, 47, 1.415481
353, 48, 2.785576
353, 49, -0.160065
353, 50, 2.187935
353, 51, 0.700052
353, 52, 1.514256
353, 53, -0.000015
353, 54, 2.742738
353, 55, 3.167810
353, 56, 2.514794
353, 57, 2.950907
353, 58, 0.829374
353, 59, 1.691667
353, 60, 0.000000
353, 61, 1.402721
353, 62, 2.046886
353, 63, 1.722669
353, 64, 2.057648
353, 65, 3.458421
353, 66, 1.750670
353, 67, 2.514823
353, 68, 1.616038
353, 69, 2.722616
353, 70, 2.954297
353, 71, 2.583030
353, 72, 3.799142
353, 73, 3.232816
353, 74, 1.580833
353, 75, 1.934788
353, 76, 1.049166
353, 77, 1.420346
353, 78, 1.805377
353, 79, 2.797782
353, 80, 2.670089
353, 81, 1.761693
353, 82, -0.136858
353, 83, 1.218933
353, 84, 0.939994
353, 85, 2.945451
353, 86, 3.252086
353, 87, 2.334270
353, 88, 1.398646
353, 89, 0.544654
353, 90, 1.203629
353, 91, 1.472157
353, 92, 0.672629
353, 93, 2.670126
353, 94, 1.672593
353, 95, 0.929143
353, 96, 1.648353
353, 97, 4.306406
353, 98, 2.153964
353, 99, 1.159450
353, 100, 0.792004
353, 101, -0.031273
353, 102, 1.675544
353, 103, 0.000000
353, 104, 3.533326
353, 105, 2.786686
353, 106, 1.431670
353, 107, 1.952539
353, 108, 0.639675
353, 109, -0.016499
353, 110, 1.771988
353, 111, 0.834521
353, 112, 1.185186
353, 113, 3.555209
353, 114, 1.068332
353, 115, 1.886064
353, 116, 1.425204
353, 117, 2.225859
353, 118, 1.549021
353, 119, 1.334032
353, 120, 2.296069
353, 121, 3.656119
353, 122, 2.491351
353, 123, 0.346461
353, 124, 2.149923
353, 125, 4.285979
353, 126, 1.134620
353, 127, 0.838413
353, 128, -0.090005
353, 129, 0.074872
353, 130, 1.536904
353, 131, 1.749791
353, 132, 1.199875
353, 133, 0.903708
353, 134, 1.165754
353, 135, 0.744959
353, 136, 0.660780
353, 137, 1.618883
353, 138, 0.985482
353, 139, 0.937750
353, 140, 3.490569
353, 141, 2.066215
353, 142, 3.150623
353, 143, 1.933206
353, 144, 1.581656
353, 145, 1.469971
353, 146, 1.966183
353, 147, 3.688995
353, 148, 2.446034
353, 149, 3.524440
353, 150, 1.562608
353, 151, 1.925606
353, 152, 1.917521
353, 153, 0.000000
353, 154, 1.593774
353, 155, 2.281182
353, 156, -0.010000
353, 157, 3.007401
353, 158, 1.991819
353, 159, 1.071481
353, 160, 2.928703
353, 161, 2.053814
353, 162, 3.356133
353, 163, 2.512162
353, 164, 3.356853
353, 165, 2.997697
353, 166, 3.632566
353, 167, 1.409328
353, 168, 0.369980
353, 169, 1.758635
353, 170, 1.509260
353, 171, 2.819927
353, 172, 2.351188
353, 173, 2.699041
353, 174, 1.649650
353, 175, 1.067069
353, 176, 3.360435
353, 177, 2.503924
353, 178, 0.529260
353, 179, 3.046900
353, 180, 3.511580
353, 181, 0.965567
353, 182, 3.132624
353, 183, -0.040000
353, 184, 0.714158
353, 185, 1.880346
353, 186, 3.358811
353, 187, 0.000000
353, 188, 2.724932
353, 189, 2.907899
353, 190, 2.409982
353, 191, 0.717938
353, 192, 2.132713
353, 193, 2.738763
353, 194, 1.537423
353, 195, -0.254164
353, 196, 3.956404
353, 197, 2.307827
353, 198, 2.285109
353, 199, 1.452204
355, 0, 1.503664
355, 1, 1.547396
355, 2, 2.293719
355, 3, 1.150858
355, 4, -0.339888
355, 5, 1.953813
355, 6, 0.000000
355, 7, 1.244126
355, 8, 3.346990
355, 9, 1.717014
355, 10, 1.799201
355, 11, 2.271102
355, 12, 2.567596
355, 13, -0.003852
355, 14, 2.589801
355, 15, 2.536884
355, 16, 1.129258
355, 17, 3.229499
355, 18, 3.585355
355, 19, 2.593091
355, 20, 4.292958
355, 21, 0.436530
355, 22, 2.161510
355, 23, 1.270559
355, 24, 1.065771
355, 25, 2.046121
355, 26, 1.479160
355, 27, 0.812977
355, 28, 1.983329
355, 29, 1.904881
355, 30, 0.668950
355, 31, 2.646839
355, 32, -0.040000
355, 33, 2.776237
355, 34, 2.342880
355, 35, 2.603843
355, 36, 2.290849
355, 37, 1.523737
355, 38, 0.375477
355, 39, 1.568695
355, 40, 2.683111
355, 41, 1.716921
355, 42, 1.011686
355, 43, 1.442728
355, 44, 0.519650
355, 45, 1.431496
355, 46, 2.219434
355, 47, 1.415481
355, 48, 2.594174
355, 49, -0.160065
355, 50, 2.187935
355, 51, 0.700052
355, 52, 1.514256
355, 53, -0.000015
355, 54, 2.715692
355, 55, 3.168543
355, 56, 2.512151
355, 57, 2.950993
355, 58, 0.829374
355, 59, 1.691667
355, 60, 0.000000
355, 61, 1.402721
355, 62, 2.046885
355, 63, 1.722669
355, 64, 2.057648
355, 65, 3.469742
355, 66, 1.750670
355, 67, 2.514823
355, 68, 1.616038
355, 69, 2.722618
355, 70, 2.951923
355, 71, 2.583698
355, 72, 3.799190
355, 73, 3.231867
355, 74, 1.580833
355, 75, 1.934788
355, 76, 1.049166
355, 77, 1.420346
355, 78, 1.805377
355, 79, 2.797782
355, 80, 2.670195
355, 81, 1.768853
355, 82, -0.136719
355, 83, 1.218933
355, 84, 0.939994
355, 85, 2.945451
355, 86, 3.256021
355, 87, 2.334270
355, 88, 1.398646
355, 89, 0.544654
355, 90, 1.203629
355, 91, 1.467732
355, 92, 0.672629
355, 93, 2.675142
355, 94, 1.675286
355, 95, 0.913944
355, 96, 1.649945
355, 97, 4.305336
355, 98, 2.155833
355, 99, 1.159450
355, 100, 0.792004
355, 101, -0.031273
355, 102, 1.675544
355, 103, 0.000000
355, 104, 3.532810
355, 105, 2.789215
355, 106, 1.431670
355, 107, 1.923950
355, 108, 0.639675
355, 109, -0.016499
355, 110, 1.771988
355, 111, 0.833692
355, 112, 1.185186
355, 113, 3.555507
355, 114, 1.068332
355, 115, 1.881527
355, 116, 1.425204
355, 117, 2.225859
355, 118, 1.546335
355, 119, 1.334032
355, 120, 2.296069
355, 121, 3.701319
355, 122, 2.491351
355, 123, 0.346461
355, 124, 2.149924
355, 125, 4.284873
355, 126, 1.136805
355, 127, 0.838413
355, 128, -0.090005
355, 129, 0.074872
355, 130, 1.536905
355, 131, 1.749791
355, 132, 1.199875
355, 133, 0.903710
355, 134, 1.165754
355, 135, 0.744959
355, 136, 0.660780
355, 137, 1.617808
355, 138, 0.985482
355, 139, 0.937750
355, 140, 3.495309
355, 141, 2.066215
355, 142, 3.152605
355, 143, 1.931776
355, 144, 1.581656
355, 145, 1.469971
355, 146, 1.966183
355, 147, 3.772446
355, 148, 2.446034
355, 149, 3.525474
355, 150, 1.562608
355, 151, 1.925039
355, 152, 1.917521
355, 153, 0.000000
355, 154, 1.593774
355, 155, 2.281182
355, 156, -0.010000
355, 157, 3.007404
355, 158, 1.991819
355, 159, 1.071481
355, 160, 2.940277
355, 161, 2.038201
355, 162, 3.271868
355, 163, 2.512162
355, 164, 3.356853
355, 165, 2.997832
355, 166, 3.630409
355, 167, 1.409328
355, 168, 0.369980
355, 169, 1.758552
355, 170, 1.509260
355, 171, 2.821089
355, 172, 2.350681
355, 173, 2.707992
355, 174, 1.663506
355, 175, 1.067069
355, 176, 3.357388
355, 177, 2.490942
355, 178, 0.529260
355, 179, 3.044567
355, 180, 3.512352
355, 181, 0.965567
355, 182, 3.132624
355, 183, -0.040000
355, 184, 0.714158
355, 185, 1.880346
355, 186, 3.356411
355, 187, 0.000000
355, 188, 2.738867
355, 189, 2.936796
355, 190, 2.409982
355, 191, 0.717938
355, 192, 2.154028
355, 193, 2.742827
355, 194, 1.537425
355, 195, -0.254528
355, 196, 3.977216
355, 197, 2.307827
355, 198, 2.285077
355, 199, 1.452204
357, 0, 1.503664
357, 1, 1.547396
357, 2, 2.253678
357, 3, 1.150859
357, 4, -0.339888
357, 5, 1.955656
357, 6, 0.000000
357, 7, 1.244126
357, 8, 3.386083
357, 9, 1.717014
357, 10, 1.799201
357, 11, 2.271102
357, 12, 2.566422
357, 13, -0.003852
357, 14, 2.589775
357, 15, 2.578249
357, 16, 1.129258
357, 17, 3.230996
357, 18, 3.588041
357, 19, 2.593091
357, 20, 4.273727
357, 21, 0.436530
357, 22, 2.161510
357, 23, 1.270559
357, 24, 1.065771
357, 25, 2.046121
357, 26, 1.365615
357, 27, 0.812977
357, 28, 1.978407
357, 29, 1.904029
357, 30, 0.668950
357, 31, 2.644526
357, 32, -0.040000
357, 33, 2.746642
357, 34, 2.397750
357, 35, 2.603760
357, 36, 2.290508
357, 37, 1.688705
357, 38, 0.375477
357, 39, 1.568695
357, 40, 2.683111
357, 41, 1.717075
357, 42, 1.011686
357, 43, 1.442728
357, 44, 0.519650
357, 45, 1.425338
357, 46, 2.216633
357, 47, 1.415481
357, 48, 2.595338
357, 49, -0.160065
357, 50, 2.187935
357, 51, 0.700052
357, 52, 1.514256
357, 53, -0.000015
357, 54, 2.735142
357, 55, 3.168684
357, 56, 2.511594
357, 57, 2.951068
357, 58, 0.829374
357, 59, 1.691667
357, 60, 0.000000
357, 61, 1.402721
357, 62, 2.046885
357, 63, 1.722669
357, 64, 2.057648
357, 65, 3.469047
357, 66, 1.750670
357, 67, 2.514823
357, 68, 1.616038
357, 69, 2.722618
357, 70, 2.954986
357, 71, 2.593044
357, 72, 3.799412
357, 73, 3.230124
357, 74, 1.580833
357, 75, 1.934788
357, 76, 1.049166
357, 77, 1.420346
357, 78, 1.805377
357, 79, 2.797782
357, 80, 2.670553
357, 81, 1.769999
357, 82, -0.130631
357, 83, 1.218934
357, 84, 0.939994
357, 85, 2.945451
357, 86, 3.288049
357, 87, 2.346838
357, 88, 1.398646
357, 89, 0.544654
357, 90, 1.203630
357, 91, 1.421580
357, 92, 0.672629
357, 93, 2.652043
357, 94, 1.676022
357, 95, 0.936207
357, 96, 1.650948
357, 97, 4.304216
357, 98, 2.153774
357, 99, 1.159450
357, 100, 0.792004
357, 101, -0.031273
357, 102, 1.675544
357, 103, 0.000000
357, 104, 3.533325
357, 105, 2.786695
357, 106, 1.431670
357, 107, 1.924286
357, 108, 0.639675
357, 109, -0.016499
357, 110, 1.771988
357, 111, 0.833135
357, 112, 1.185186
357, 113, 3.555552
357, 114, 1.068332
357, 115, 1.870510
357, 116, 1.425204
357, 117, 2.225859
357, 118, 1.551954
357, 119, 1.334032
357, 120, 2.296069
357, 121, 3.665034
357, 122, 2.491351
357, 123, 0.346461
357, 124, 2.149924
357, 125, 4.284337
357, 126, 1.139113
357, 127, 0.838413
357, 128, 0.512934
357, 129, 0.074872
357, 130, 1.536904
357, 131, 1.749791
357, 132, 1.199875
357, 133, 0.903711
357, 134, 1.165754
357, 135, 0.744959
357, 136, 0.660780
357, 137, 1.616874
357, 138, 0.985482
357, 139, 0.937750
357, 140, 3.495512
357, 141, 2.066215
357, 142, 3.155677
357, 143, 1.932172
357, 144, 1.581656
357, 145, 1.469971
357, 146, 1.966183
357, 147, 3.716722
357, 148, 2.446034
357, 149, 3.523914
357, 150, 1.562608
357, 151, 1.920539
357, 152, 1.923241
357, 153, 0.000000
357, 154, 1.593774
357, 155, 2.281182
357, 156, -0.010000
357, 157, 3.007405
357, 158, 1.991819
357, 159, 1.071481
357, 160, 2.931326
357, 161, 1.969817
357, 162, 3.318665
357, 163, 2.512162
357, 164, 3.356853
357, 165, 2.995825
357, 166, 3.633632
357, 167, 1.409328
357, 168, 0.369980
357, 169, 1.758526
357, 170, 1.509260
357, 171, 2.821455
357, 172, 2.299244
357, 173, 2.711633
357, 174, 1.682783
357, 175, 1.067069
357, 176, 3.357388
357, 177, 2.485965
357, 178, 0.529260
357, 179, 3.045379
357, 180, 3.515373
357, 181, 0.965567
357, 182, 3.132624
357, 183, -0.040000
357, 184, 0.714158
357, 185, 1.880346
357, 186, 3.356970
357, 187, 0.000000
357, 188, 2.726407
357, 189, 2.867551
357, 190, 2.409982
357, 191, 0.717938
357, 192, 2.126846
357, 193, 2.742936
357, 194, 1.537423
357, 195, -0.254741
357, 196, 3.965911
357, 197, 2.307827
357, 198, 2.285041
357, 199, 1.452204
359, 0, 1.503664
359, 1, 1.547396
359, 2, 2.270978
359, 3, 1.150859
359, 4, -0.339888
359, 5, 1.961040
359, 6, 0.000000
359, 7, 1.244126
359, 8, 3.395191
359, 9, 1.717014
359, 10, 1.799201
359, 11, 2.271102
359, 12, 2.566981
359, 13, -0.003852
359, 14, 2.589767
359, 15, 2.451291
359, 16, 1.129258
359, 17, 3.226196
359, 18, 3.587106
359, 19, 2.608010
359, 20, 4.285935
359, 21, 0.436530
359, 22, 2.161510
359, 23, 1.270559
359, 24, 1.065771
359, 25, 2.046121
359, 26, 1.427664
359, 27, 0.812977
359, 28, 1.976553
359, 29, 1.904029
359, 30, 0.668950
359, 31, 2.643725
359, 32, -0.040000
359, 33, 2.754203
359, 34, 2.386882
359, 35, 2.603691
359, 36, 2.290078
359, 37, 1.733898
359, 38, 0.375477
359, 39, 1.568695
359, 40, 2.683111
359, 41, 1.717220
359, 42, 1.011686
359, 43, 1.442728
359, 44, 0.519650
359, 45, 1.419909
359, 46, 2.232936
359, 47, 1.415481
359, 48, 2.594100
359, 49, -0.160065
359, 50, 2.187935
359, 51, 0.700052
359, 52, 1.514256
359, 53, -0.000015
359, 54, 2.779780
359, 55, 3.168407
359, 56, 2.522526
359, 57, 2.951156
359, 58, 0.829374
359, 59, 1.691667
359, 60, 0.000000
359, 61, 1.402721
359, 62, 2.046885
359, 63, 1.722669
359, 64, 2.057648
359, 65, 3.461574
359, 66, 1.750670
359, 67, 2.514823
359, 68, 1.616038
359, 69, 2.722618
359, 70, 2.955212
359, 71, 2.583001
359, 72, 3.798999
359, 73, 3.229857
359, 74, 1.580833
359, 75, 1.934788
359, 76, 1.049166
359, 77, 1.420346
359, 78, 1.805377
359, 79, 2.797782
359, 80, 2.672559
359, 81, 1.791878
359, 82, -0.126672
359, 83, 1.218934
359, 84, 0.939994
359, 85, 2.945451
359, 86, 3.293407
359, 87, 2.343070
359, 88, 1.398646
359, 89, 0.544654
359, 90, 1.203629
359, 91, 1.404267
359, 92, 0.672629
359, 93, 2.662210
359, 94, 1.673759
359, 95, 0.933873
359, 96, 1.651579
359, 97, 4.305732
359, 98, 2.153345
359, 99, 1.159450
359, 100, 0.792004
359, 101, -0.031273
359, 102, 1.675544
359, 103, 0.000000
359, 104, 3.532812
359, 105, 2.789206
359, 106, 1.431670
359, 107, 1.919659
359, 108, 0.639675
359, 109, -0.016499
359, 110, 1.771988
359, 111, 0.832409
359, 112, 1.185186
359, 113, 3.510373
359, 114, 1.068332
359, 115, 1.860157
359, 116, 1.425204
359, 117, 2.225859
359, 118, 1.545278
359, 119, 1.334032
359, 120, 2.296070
359, 121, 3.606680
359, 122, 2.491351
359, 123, 0.346461
359, 124, 2.149924
359, 125, 4.270581
359, 126, 1.141253
359, 127, 0.838413
359, 128, 0.514403
359, 129, 0.074872
359, 130, 1.536904
359, 131, 1.749791
359, 132, 1.199875
359, 133, 0.903712
359, 134, 1.165754
359, 135, 0.744959
359, 136, 0.660780
359, 137, 1.615864
359, 138, 0.985482
359, 139, 0.937750
359, 140, 3.497187
359, 141, 2.066215
359, 142, 3.141830
359, 143, 1.927425
359, 144, 1.581656
359, 145, 1.469971
359, 146, 1.966183
359, 147, 3.684786
359, 148, 2.446034
359, 149, 3.525418
359, 150, 1.562608
359, 151, 1.919058
359, 152, 1.923241
359, 153, 0.000000
359, 154, 1.593774
359, 155, 2.281182
359, 156, -0.010000
359, 157, 3.010722
359, 158, 1.991819
359, 159, 1.071481
359, 160, 2.908671
359, 161, 2.051931
359, 162, 3.328298
359, 163, 2.512162
359, 164, 3.356854
359, 165, 2.994145
359, 166, 3.630987
359, 167, 1.409328
359, 168, 0.369980
359, 169, 1.759338
359, 170, 1.509260
359, 171, 2.823092
359, 172, 2.351724
359, 173, 2.712775
359, 174, 1.759517
359, 175, 1.067069
359, 176, 3.358509
359, 177, 2.488069
359, 178, 0.529260
359, 179, 3.043115
359, 180, 3.449165
359, 181, 0.965567
359, 182, 3.132624
359, 183, -0.040000
359, 184, 0.714158
359, 185, 1.880346
359, 186, 3.371495
359, 187, 0.000000
359, 188, 2.725788
359, 189, 2.936347
359, 190, 2.409982
359, 191, 0.717938
359, 192, 2.150760
359, 193, 2.743549
359, 194, 1.537423
359, 195, -0.254866
359, 196, 3.956508
359, 197, 2.314434
359, 198, 2.285010
359, 199, 1.452204
361, 0, 1.503664
361, 1, 1.547395
361, 2, 2.232717
361, 3, 1.150858
361, 4, -0.339888
361, 5, 1.964380
361, 6, 0.000000
361, 7, 1.244126
361, 8, 3.331144
361, 9, 1.717014
361, 10, 1.799200
361, 11, 2.271102
361, 12, 2.561127
361, 13, -0.003852
361, 14, 2.589742
361, 15, 2.430516
361, 16, 1.129258
361, 17, 3.229504
361, 18, 3.586491
361, 19, 2.599962
361, 20, 4.285958
361, 21, 0.436530
361, 22, 2.161510
361, 23, 1.270559
361, 24, 1.065771
361, 25, 2.046121
361, 26, 1.469066
361, 27, 0.812977
361, 28, 1.977991
361, 29, 1.903890
361, 30, 0.668950
361, 31, 2.637620
361, 32, -0.040000
361, 33, 2.760678
361, 34, 2.395347
361, 35, 2.603610
361, 36, 2.291206
361, 37, 1.492468
361, 38, 0.375477
361, 39, 1.568695
361, 40, 2.683111
361, 41, 1.717340
361, 42, 1.011686
361, 43, 1.442728
361, 44, 0.519650
361, 45, 1.417230
361, 46, 2.255304
361, 47, 1.415481
361, 48, 2.593954
361, 49, -0.160065
361, 50, 2.187935
361, 51, 0.700052
361, 52, 1.514256
361, 53, -0.000015
361, 54, 2.722488
361, 55, 3.167892
361, 56, 2.518929
361, 57, 2.951235
361, 58, 0.829374
361, 59, 1.691667
361, 60, 0.000000
361, 61, 1.402721
361, 62, 2.046886
361, 63, 1.722669
361, 64, 2.057648
361, 65, 3.464063
361, 66, 1.750670
361, 67, 2.514823
361, 68, 1.616038
361, 69, 2.722618
361, 70, 2.954993
361, 71, 2.583011
361, 72, 3.799251
361, 73, 3.228411
361, 74, 1.580833
361, 75, 1.934788
361, 76, 1.049166
361, 77, 1.420346
361, 78, 1.805377
361, 79, 2.797783
361, 80, 2.673542
361, 81, 1.769224
361, 82, -0.124608
361, 83, 1.218931
361, 84, 0.939994
361, 85, 2.945451
361, 86, 3.296218
361, 87, 2.334270
361, 88, 1.398646
361, 89, 0.544654
361, 90, 1.203628
361, 91, 1.396060
361, 92, 0.672629
361, 93, 2.677520
361, 94, 1.669449
361, 95, 0.912060
361, 96, 1.647103
361, 97, 4.307417
361, 98, 2.155131
361, 99, 1.159450
361, 100, 0.792004
361, 101, -0.031273
361, 102, 1.675544
361, 103, 0.000000
361, 104, 3.533338
361, 105, 2.786622
361, 106, 1.431670
361, 107, 1.942170
361, 108, 0.639675
361, 109, -0.016499
361, 110, 1.771988
361, 111, 0.831871
361, 112, 1.185186
361, 113, 3.553800
361, 114, 1.068332
361, 115, 1.853657
361, 116, 1.425204
361, 117, 2.225859
361, 118, 1.541821
361, 119, 1.334032
361, 120, 2.296069
361, 121, 3.658094
361, 122, 2.491351
361, 123, 0.346461
361, 124, 2.149923
361, 125, 4.286316
361, 126, 1.143365
361, 127, 0.838413
361, 128, 0.514965
361, 129, 0.074872
361, 130, 1.536905
361, 131, 1.749791
361, 132, 1.199875
361, 133, 0.903709
361, 134, 1.165754
361, 135, 0.744959
361, 136, 0.660780
361, 137, 1.614884
361, 138, 0.985482
361, 139, 0.937750
361, 140, 3.501208
361, 141, 2.066215
361, 142, 3.141227
361, 143, 1.924555
361, 144, 1.581656
361, 145, 1.469971
361, 146, 1.966183
361, 147, 3.771504
361, 148, 2.446034
361, 149, 3.524893
361, 150, 1.562608
361, 151, 1.919750
361, 152, 1.923241
361, 153, 0.000000
361, 154, 1.593774
361, 155, 2.281181
361, 156, -0.010000
361, 157, 3.007398
361, 158, 1.991819
361, 159, 1.071481
361, 160, 2.947741
361, 161, 2.051931
361, 162, 3.324408
361, 163, 2.512162
361, 164, 3.356854
361, 165, 2.993638
361, 166, 3.628864
361, 167, 1.409328
361, 168, 0.369980
361, 169, 1.760372
361, 170, 1.509260
361, 171, 2.823764
361, 172, 2.352396
361, 173, 2.713368
361, 174, 1.787664
361, 175, 1.067069
361, 176, 3.358509
361, 177, 2.484135
361, 178, 0.529260
361, 179, 3.038208
361, 180, 3.516649
361, 181, 0.965567
361, 182, 3.132624
361, 183, -0.040000
361, 184, 0.714158
361, 185, 1.880346
361, 186, 3.369087
361, 187, 0.000000
361, 188, 2.740864
361, 189, 2.977792
361, 190, 2.409982
361, 191, 0.717938
361, 192, 2.138932
361, 193, 2.743844
361, 194, 1.537420
361, 195, -0.254937
361, 196, 3.977209
361, 197, 2.308019
361, 198, 2.284976
361, 199, 1.452205
363, 0, 1.503664
363, 1, 1.547395
363, 2, 2.247432
363, 3, 1.150858
363, 4, -0.339888
363, 5, 1.965981
363, 6, 0.000000
363, 7, 1.244126
363, 8, 3.376923
363, 9, 1.717014
363, 10, 1.799201
363, 11, 2.271102
363, 12, 2.554901
363, 13, -0.003852
363, 14, 2.589730
363, 15, 2.380124
363, 16, 1.129258
363, 17, 3.214168
363, 18, 3.588404
363, 19, 2.593091
363, 20, 4.289018
363, 21, 0.436530
363, 22, 2.161510
363, 23, 1.270559
363, 24, 1.065771
363, 25, 2.046121
363, 26, 1.486556
363, 27, 0.812977
363, 28, 1.980022
363, 29, 1.904235
363, 30, 0.668950
363, 31, 2.631302
363, 32, -0.040000
363, 33, 2.767526
363, 34, 2.385567
363, 35, 2.603538
363, 36, 2.290600
363, 37, 1.633098
363, 38, 0.375477
363, 39, 1.568695
363, 40, 2.683111
363, 41, 1.717489
363, 42, 1.011686
363, 43, 1.442728
363, 44, 0.519650
363, 45, 1.417622
363, 46, 2.240735
363, 47, 1.415481
363, 48, 2.595808
363, 49, -0.160065
363, 50, 2.187935
363, 51, 0.700052
363, 52, 1.514256
363, 53, -0.000015
363, 54, 2.738966
363, 55, 3.169519
363, 56, 2.521823
363, 57, 2.951318
363, 58, 0.829374
363, 59, 1.691667
363, 60, 0.000000
363, 61, 1.402721
363, 62, 2.046886
363, 63, 1.722669
363, 64, 2.057648
363, 65, 3.472446
363, 66, 1.750670
363, 67, 2.514823
363, 68, 1.616038
363, 69, 2.722619
363, 70, 2.954967
363, 71, 2.583022
363, 72, 3.799453
363, 73, 3.226957
363, 74, 1.580833
363, 75, 1.934788
363, 76, 1.049166
363, 77, 1.420346
363, 78, 1.805377
363, 79, 2.797782
363, 80, 2.673654
363, 81, 1.752845
363, 82, -0.124486
363, 83, 1.218932
363, 84, 0.939994
363, 85, 2.945451
363, 86, 3.295243
363, 87, 2.334270
363, 88, 1.398646
363, 89, 0.544654
363, 90, 1.203629
363, 91, 1.396559
363, 92, 0.672629
363, 93, 2.643734
363, 94, 1.671051
363, 95, 0.942192
363, 96, 1.657366
363, 97, 4.307734
363, 98, 2.131945
363, 99, 1.159450
363, 100, 0.792004
363, 101, -0.031273
363, 102, 1.675544
363, 103, 0.000000
363, 104, 3.532797
363, 105, 2.789273
363, 106, 1.431670
363, 107, 1.937182
363, 108, 0.639675
363, 109, -0.016499
363, 110, 1.771988
363, 111, 0.831760
363, 112, 1.185186
363, 113, 3.555279
363, 114, 1.068332
363, 115, 1.845271
363, 116, 1.427192
363, 117, 2.225859
363, 118, 1.544209
363, 119, 1.334032
363, 120, 2.296070
363, 121, 3.700117
363, 122, 2.491351
363, 123, 0.346461
363, 124, 2.149923
363, 125, 4.282113
363, 126, 1.145521
363, 127, 0.838413
363, 128, 0.517864
363, 129, 0.074872
363, 130, 1.536905
363, 131, 1.749791
363, 132, 1.199875
363, 133, 0.903711
363, 134, 1.165754
363, 135, 0.744959
363, 136, 0.660780
363, 137, 1.613963
363, 138, 0.985482
363, 139, 0.937750
363, 140, 3.507530
363, 141, 2.066215
363, 142, 3.142812
363, 143, 1.926465
363, 144, 1.581656
363, 145, 1.469971
363, 146, 1.966183
363, 147, 3.727888
363, 148, 2.446034
363, 149, 3.525443
363, 150, 1.562608
363, 151, 1.921805
363, 152, 1.930269
363, 153, 0.000000
363, 154, 1.593774
363, 155, 2.281182
363, 156, -0.010000
363, 157, 3.007402
363, 158, 1.991819
363, 159, 1.071481
363, 160, 2.889365
363, 161, 2.051931
363, 162, 3.304319
363, 163, 2.512162
363, 164, 3.356854
363, 165, 2.993784
363, 166, 3.631800
363, 167, 1.409328
363, 168, 0.369980
363, 169, 1.761123
363, 170, 1.509260
363, 171, 2.817583
363, 172, 2.352413
363, 173, 2.717949
363, 174, 1.823285
363, 175, 1.067069
363, 176, 3.356692
363, 177, 2.488596
363, 178, 0.529260
363, 179, 3.041109
363, 180, 3.511734
363, 181, 0.965567
363, 182, 3.132624
363, 183, -0.040000
363, 184, 0.714158
363, 185, 1.880346
363, 186, 3.358881
363, 187, 0.000000
363, 188, 2.728144
363, 189, 3.030141
363, 190, 2.409982
363, 191, 0.717938
363, 192, 2.161277
363, 193, 2.744450
363, 194, 1.537421
363, 195, -0.254981
363, 196, 3.975268
363, 197, 2.308019
363, 198, 2.284946
363, 199, 1.452205
365, 0, 1.503664
365, 1, 1.547395
365, 2, 2.260538
365, 3, 1.150859
365, 4, -0.339888
365, 5, 1.967602
365, 6, 0.000000
365, 7, 1.244126
365, 8, 3.318024
365, 9, 1.717014
365, 10, 1.799201
365, 11, 2.271102
365, 12, 2.546615
365, 13, -0.003852
365, 14, 2.589471
365, 15, 2.459223
365, 16, 1.129258
365, 17, 3.229273
365, 18, 3.583524
365, 19, 2.609380
365, 20, 4.249929
365, 21, 0.436530
365, 22, 2.161510
365, 23, 1.270559
365, 24, 1.065771
365, 25, 2.046121
365, 26, 1.506448
365, 27, 0.812977
365, 28, 1.980582
365, 29, 1.903211
365, 30, 0.668950
365, 31, 2.623350
365, 32, -0.040000
365, 33, 2.750720
365, 34, 2.346617
365, 35, 2.603289
365, 36, 2.289850
365, 37, 1.485138
365, 38, 0.375477
365, 39, 1.568695
365, 40, 2.683111
365, 41, 1.717633
365, 42, 1.011686
365, 43, 1.442728
365, 44, 0.519650
365, 45, 1.416572
365, 46, 2.230821
365, 47, 1.415481
365, 48, 2.595776
365, 49, -0.160065
365, 50, 2.187935
365, 51, 0.700052
365, 52, 1.514256
365, 53, -0.000015
365, 54, 2.704034
365, 55, 3.169569
365, 56, 2.520099
365, 57, 2.951392
365, 58, 0.829374
365, 59, 1.691667
365, 60, 0.000000
365, 61, 1.402721
365, 62, 2.046886
365, 63, 1.722669
365, 64, 2.057648
365, 65, 3.473326
365, 66, 1.750670
365, 67, 2.514823
365, 68, 1.616038
365, 69, 2.722619
365, 70, 2.952443
365, 71, 2.584548
365, 72, 3.799357
365, 73, 3.223192
365, 74, 1.580833
365, 75, 1.934788
365, 76, 1.049166
365, 77, 1.420346
365, 78, 1.805377
365, 79, 2.797782
365, 80, 2.673523
365, 81, 1.752702
365, 82, -0.124331
365, 83, 1.218933
365, 84, 0.939994
365, 85, 2.945451
365, 86, 3.301227
365, 87, 2.334270
365, 88, 1.398646
365, 89, 0.544654
365, 90, 1.203630
365, 91, 1.390347
365, 92, 0.672629
365, 93, 2.672519
365, 94, 1.663617
365, 95, 0.935574
365, 96, 1.648675
365, 97, 4.292772
365, 98, 2.144485
365, 99, 1.159450
365, 100, 0.792004
365, 101, -0.031273
365, 102, 1.675544
365, 103, 0.000000
365, 104, 3.533316
365, 105, 2.756944
365, 106, 1.431670
365, 107, 1.933555
365, 108, 0.639675
365, 109, -0.016499
365, 110, 1.771988
365, 111, 0.831984
365, 112, 1.185186
365, 113, 3.547855
365, 114, 1.068332
365, 115, 1.836456
365, 116, 1.427192
365, 117, 2.225859
365, 118, 1.540139
365, 119, 1.334032
365, 120, 2.296070
365, 121, 3.651757
365, 122, 2.491351
365, 123, 0.346461
365, 124, 2.149924
365, 125, 4.285267
365, 126, 1.147580
365, 127, 0.838413
365, 128, 0.519694
365, 129, 0.074872
365, 130, 1.536905
365, 131, 1.749791
365, 132, 1.199875
365, 133, 0.903712
365, 134, 1.165754
365, 135, 0.744959
365, 136, 0.660780
365, 137, 1.613039
365, 138, 0.985482
365, 139, 0.937750
365, 140, 3.509749
365, 141, 2.066215
365, 142, 3.132885
365, 143, 1.927679
365, 144, 1.581656
365, 145, 1.469971
365, 146, 1.966183
365, 147, 3.774514
365, 148, 2.446034
365, 149, 3.525426
365, 150, 1.562608
365, 151, 1.928650
365, 152, 1.918885
365, 153, 0.000000
365, 154, 1.593774
365, 155, 2.281182
365, 156, -0.010000
365, 157, 3.007402
365, 158, 1.991819
365, 159, 1.071481
365, 160, 2.947326
365, 161, 2.051931
365, 162, 3.312354
365, 163, 2.510499
365, 164, 3.357275
365, 165, 2.993393
365, 166, 3.633042
365, 167, 1.409328
365, 168, 0.369980
365, 169, 1.761579
365, 170, 1.509260
365, 171, 2.818382
365, 172, 2.352613
365, 173, 2.719335
365, 174, 1.881941
365, 175, 1.067069
365, 176, 3.358259
365, 177, 2.494995
365, 178, 0.529260
365, 179, 3.043076
365, 180, 3.501160
365, 181, 0.965567
365, 182, 3.132624
365, 183, -0.040000
365, 184, 0.714158
365, 185, 1.880346
365, 186, 3.350683
365, 187, 0.000000
365, 188, 2.734492
365, 189, 3.051686
365, 190, 2.409982
365, 191, 0.717938
365, 192, 2.151119
365, 193, 2.741501
365, 194, 1.537421
365, 195, -0.255007
365, 196, 3.978283
365, 197, 2.311769
365, 198, 2.284911
365, 199, 1.452205
367, 0, 1.503664
367, 1, 1.547395
367, 2, 2.271935
367, 3, 1.150859
367, 4, -0.339888
367, 5, 1.969429
367, 6, 0.000000
367, 7, 1.244126
367, 8, 3.360436
367, 9, 1.717014
367, 10, 1.799201
367, 11, 2.271102
367, 12, 2.537291
367, 13, -0.003852
367, 14, 2.589502
367, 15, 2.461558
367, 16, 1.129258
367, 17, 3.230326
367, 18, 3.587424
367, 19, 2.593091
367, 20, 4.285163
367, 21, 0.436530
367, 22, 2.161510
367, 23, 1.270559
367, 24, 1.065771
367, 25, 2.046121
367, 26, 1.505257
367, 27, 0.812977
367, 28, 1.981639
367, 29, 1.902575
367, 30, 0.668950
367, 31, 2.614608
367, 32, -0.040000
367, 33, 2.751113
367, 34, 2.321473
367, 35, 2.603050
367, 36, 2.289086
367, 37, 1.624805
367, 38, 0.375477
367, 39, 1.568695
367, 40, 2.683111
367, 41, 1.717750
367, 42, 1.011686
367, 43, 1.442728
367, 44, 0.519650
367, 45, 1.416137
367, 46, 2.217247
367, 47, 1.415481
367, 48, 2.595210
367, 49, -0.160065
367, 50, 2.187935
367, 51, 0.700052
367, 52, 1.514256
367, 53, -0.000015
367, 54, 2.729637
367, 55, 3.171259
367, 56, 2.512198
367, 57, 2.951360
367, 58, 0.829374
367, 59, 1.691667
367, 60, 0.000000
367, 61, 1.402721
367, 62, 2.046886
367, 63, 1.722669
367, 64, 2.057648
367, 65, 3.473665
367, 66, 1.750670
367, 67, 2.514823
367, 68, 1.616038
367, 69, 2.722619
367, 70, 2.950235
367, 71, 2.583027
367, 72, 3.799264
367, 73, 3.221112
367, 74, 1.580833
367, 75, 1.934788
367, 76, 1.049166
367, 77, 1.420346
367, 78, 1.805377
367, 79, 2.797782
367, 80, 2.673593
367, 81, 1.753025
367, 82, -0.123934
367, 83, 1.218933
367, 84, 0.939994
367, 85, 2.945451
367, 86, 3.302343
367, 87, 2.334270
367, 88, 1.398646
367, 89, 0.544654
367, 90, 1.203632
367, 91, 1.386336
367, 92, 0.672629
367, 93, 2.675197
367, 94, 1.672099
367, 95, 0.915107
367, 96, 1.650148
367, 97, 4.307068
367, 98, 2.146641
367, 99, 1.159450
367, 100, 0.792004
367, 101, -0.031273
367, 102, 1.675544
367, 103, 0.000000
367, 104, 3.532220
367, 105, 2.749196
367, 106, 1.431670
367, 107, 1.934857
367, 108, 0.639675
367, 109, -0.016499
367, 110, 1.771988
367, 111, 0.832620
367, 112, 1.185186
367, 113, 3.555143
367, 114, 1.068332
367, 115, 1.827448
367, 116, 1.427192
367, 117, 2.225859
367, 118, 1.542329
367, 119, 1.334032
367, 120, 2.296069
367, 121, 3.672557
367, 122, 2.491351
367, 123, 0.346461
367, 124, 2.149924
367, 125, 4.289661
367, 126, 1.150030
367, 127, 0.838413
367, 128, 0.520847
367, 129, 0.074872
367, 130, 1.536905
367, 131, 1.749791
367, 132, 1.199875
367, 133, 0.903713
367, 134, 1.165754
367, 135, 0.744959
367, 136, 0.666973
367, 137, 1.612325
367, 138, 0.985482
367, 139, 0.937750
367, 140, 3.515265
367, 141, 2.066215
367, 142, 3.137888
367, 143, 1.928910
367, 144, 1.581656
367, 145, 1.469971
367, 146, 1.966183
367, 147, 3.764126
367, 148, 2.446034
367, 149, 3.524809
367, 150, 1.562608
367, 151, 1.926602
367, 152, 1.930962
367, 153, 0.000000
367, 154, 1.593774
367, 155, 2.281182
367, 156, -0.010000
367, 157, 3.007404
367, 158, 1.991819
367, 159, 1.076209
367, 160, 2.930266
367, 161, 2.051931
367, 162, 3.295832
367, 163, 2.510499
367, 164, 3.356853
367, 165, 2.993155
367, 166, 3.633198
367, 167, 1.409328
367, 168, 0.369980
367, 169, 1.761987
367, 170, 1.509260
367, 171, 2.817894
367, 172, 2.352610
367, 173, 2.723582
367, 174, 1.744386
367, 175, 1.067069
367, 176, 3.356691
367, 177, 2.499220
367, 178, 0.529260
367, 179, 3.046945
367, 180, 3.516267
367, 181, 0.965567
367, 182, 3.132624
367, 183, -0.040000
367, 184, 0.714158
367, 185, 1.880346
367, 186, 3.358870
367, 187, 0.000000
367, 188, 2.729872
367, 189, 2.995204
367, 190, 2.409982
367, 191, 0.717938
367, 192, 2.137650
367, 193, 2.743122
367, 194, 1.537423
367, 195, -0.255022
367, 196, 3.982912
367, 197, 2.311769
367, 198, 2.284893
367, 199, 1.452204
369, 0, 1.503664
369, 1, 1.547395
369, 2, 2.259826
369, 3, 1.150859
369, 4, -0.339888
369, 5, 1.970479
369, 6, 0.000000
369, 7, 1.244126
369, 8, 3.376541
369, 9, 1.717014
369, 10, 1.799201
369, 11, 2.271102
369, 12, 2.550448
369, 13, -0.003852
369, 14, 2.589679
369, 15, 2.454910
369, 16, 1.129258
369, 17, 3.220928
369, 18, 3.588858
369, 19, 2.593091
369, 20, 4.272052
369, 21, 0.436530
369, 22, 2.161510
369, 23, 1.270559
369, 24, 1.065771
369, 25, 2.046121
369, 26, 1.506832
369, 27, 0.812977
369, 28, 1.982299
369, 29, 1.903018
369, 30, 0.668950
369, 31, 2.624778
369, 32, -0.040000
369, 33, 2.723213
369, 34, 2.382958
369, 35, 2.603120
369, 36, 2.287452
369, 37, 1.689273
369, 38, 0.375477
369, 39, 1.568695
369, 40, 2.683111
369, 41, 1.717861
369, 42, 1.011686
369, 43, 1.442728
369, 44, 0.519650
369, 45, 1.415999
369, 46, 2.234161
369, 47, 1.415481
369, 48, 2.595739
369, 49, -0.160065
369, 50, 2.187935
369, 51, 0.700052
369, 52, 1.514256
369, 53, -0.000015
369, 54, 2.742320
369, 55, 3.168798
369, 56, 2.524670
369, 57, 2.951587
369, 58, 0.829374
369, 59, 1.691667
369, 60, 0.000000
369, 61, 1.402721
369, 62, 2.046886
369, 63, 1.722669
369, 64, 2.057648
369, 65, 3.463727
369, 66, 1.750670
369, 67, 2.514823
369, 68, 1.616038
369, 69, 2.722620
369, 70, 2.955000
369, 71, 2.583028
369, 72, 3.797340
369, 73, 3.220747
369, 74, 1.580833
369, 75, 1.934788
369, 76, 1.049166
369, 77, 1.420346
369, 78, 1.805377
369, 79, 2.797782
369, 80, 2.673477
369, 81, 1.752018
369, 82, -0.123749
369, 83, 1.218934
369, 84, 0.939994
369, 85, 2.945451
369, 86, 3.304448
369, 87, 2.334270
369, 88, 1.398646
369, 89, 0.544654
369, 90, 1.203634
369, 91, 1.383752
369, 92, 0.672629
369, 93, 2.639248
369, 94, 1.671551
369, 95, 0.927649
369, 96, 1.654795
369, 97, 4.290239
369, 98, 2.145394
369, 99, 1.159450
369, 100, 0.792004
369, 101, -0.031273
369, 102, 1.675544
369, 103, 0.000000
369, 104, 3.530931
369, 105, 2.742023
369, 106, 1.431670
369, 107, 1.945383
369, 108, 0.639675
369, 109, -0.016499
369, 110, 1.771988
369, 111, 0.833271
369, 112, 1.185186
369, 113, 3.527772
369, 114, 1.068332
369, 115, 1.816700
369, 116, 1.427192
369, 117, 2.225859
369, 118, 1.547465
369, 119, 1.334032
369, 120, 2.296070
369, 121, 3.647220
369, 122, 2.491351
369, 123, 0.346461
369, 124, 2.149924
369, 125, 4.284328
369, 126, 1.152163
369, 127, 0.838413
369, 128, 0.518831
369, 129, 0.074872
369, 130, 1.536904
369, 131, 1.749791
369, 132, 1.199875
369, 133, 0.903713
369, 134, 1.165754
369, 135, 0.744959
369, 136, 0.679204
369, 137, 1.611503
369, 138, 0.985482
369, 139, 0.937750
369, 140, 3.507848
369, 141, 2.066215
369, 142, 3.152820
369, 143, 1.931752
369, 144, 1.581656
369, 145, 1.469971
369, 146, 1.966183
369, 147, 3.746327
369, 148, 2.446034
369, 149, 3.525461
369, 150, 1.562608
369, 151, 1.922914
369, 152, 1.922178
369, 153, 0.000000
369, 154, 1.593774
369, 155, 2.281182
369, 156, -0.010000
369, 157, 3.007406
369, 158, 1.991819
369, 159, 1.076667
369, 160, 2.896741
369, 161, 2.051931
369, 162, 3.303512
369, 163, 2.510499
369, 164, 3.356855
369, 165, 2.993011
369, 166, 3.627745
369, 167, 1.409328
369, 168, 0.369980
369, 169, 1.762296
369, 170, 1.509260
369, 171, 2.815738
369, 172, 2.352620
369, 173, 2.724578
369, 174, 1.711998
369, 175, 1.067069
369, 176, 3.359052
369, 177, 2.494497
369, 178, 0.529260
369, 179, 3.040292
369, 180, 3.462867
369, 181, 0.965567
369, 182, 3.132624
369, 183, -0.040000
369, 184, 0.714158
369, 185, 1.880346
369, 186, 3.354491
369, 187, 0.000000
369, 188, 2.740630
369, 189, 2.929529
369, 190, 2.409982
369, 191, 0.717938
369, 192, 2.160202
369, 193, 2.743427
369, 194, 1.537424
369, 195, -0.255031
369, 196, 3.980258
369, 197, 2.323249
369, 198, 2.284860
369, 199, 1.452204
371, 0, 1.503664
371, 1, 1.547395
371, 2, 2.272665
371, 3, 1.150856
371, 4, -0.339888
371, 5, 1.971778
371, 6, 0.000000
371, 7, 1.244126
371, 8, 3.330214
371, 9, 1.717014
371, 10, 1.799200
371, 11, 2.271102
371, 12, 2.550991
371, 13, -0.003852
371, 14, 2.589724
371, 15, 2.437482
371, 16, 1.129258
371, 17, 3.231327
371, 18, 3.585106
371, 19, 2.593091
371, 20, 4.259928
371, 21, 0.436530
371, 22, 2.161510
371, 23, 1.270559
371, 24, 1.065771
371, 25, 2.046121
371, 26, 1.524026
371, 27, 0.812977
371, 28, 1.982706
371, 29, 1.902443
371, 30, 0.668950
371, 31, 2.624350
371, 32, -0.040000
371, 33, 2.738083
371, 34, 2.365350
371, 35, 2.603093
371, 36, 2.289027
371, 37, 1.657084
371, 38, 0.375477
371, 39, 1.568695
371, 40, 2.683111
371, 41, 1.717998
371, 42, 1.011686
371, 43, 1.442728
371, 44, 0.519650
371, 45, 1.415449
371, 46, 2.238223
371, 47, 1.415481
371, 48, 2.595136
371, 49, -0.160065
371, 50, 2.187935
371, 51, 0.700052
371, 52, 1.514256
371, 53, -0.000015
371, 54, 2.713693
371, 55, 3.171628
371, 56, 2.518844
371, 57, 2.951698
371, 58, 0.829374
371, 59, 1.691667
371, 60, 0.000000
371, 61, 1.402721
371, 62, 2.046886
371, 63, 1.722669
371, 64, 2.057648
371, 65, 3.455036
371, 66, 1.750670
371, 67, 2.514823
371, 68, 1.616038
371, 69, 2.722620
371, 70, 2.953679
371, 71, 2.583028
371, 72, 3.797495
371, 73, 3.220666
371, 74, 1.580833
371, 75, 1.934788
371, 76, 1.049166
371, 77, 1.420346
371, 78, 1.805377
371, 79, 2.797783
371, 80, 2.673386
371, 81, 1.746038
371, 82, -0.123279
371, 83, 1.218934
371, 84, 0.939994
371, 85, 2.945450
371, 86, 3.305157
371, 87, 2.334270
371, 88, 1.398646
371, 89, 0.544654
371, 90, 1.203634
371, 91, 1.381761
371, 92, 0.672629
371, 93, 2.659323
371, 94, 1.669585
371, 95, 0.931726
371, 96, 1.650882
371, 97, 4.284570
371, 98, 2.152698
371, 99, 1.159450
371, 100, 0.792004
371, 101, -0.031273
371, 102, 1.675544
371, 103, 0.000000
371, 104, 3.532222
371, 105, 2.749254
371, 106, 1.431670
371, 107, 1.944014
371, 108, 0.639675
371, 109, -0.016499
371, 110, 1.771988
371, 111, 0.833500
371, 112, 1.185186
371, 113, 3.555803
371, 114, 1.068332
371, 115, 1.804757
371, 116, 1.427192
371, 117, 2.225859
371, 118, 1.548143
371, 119, 1.334032
371, 120, 2.296070
371, 121, 3.699280
371, 122, 2.491351
371, 123, 0.346461
371, 124, 2.149923
371, 125, 4.283529
371, 126, 1.154060
371, 127, 0.838413
371, 128, 0.519205
371, 129, 0.074872
371, 130, 1.536905
371, 131, 1.749791
371, 132, 1.199875
371, 133, 0.903709
371, 134, 1.165754
371, 135, 0.744959
371, 136, 0.691235
371, 137, 1.610611
371, 138, 0.985482
371, 139, 0.937750
371, 140, 3.510335
371, 141, 2.066215
371, 142, 3.153200
371, 143, 1.932160
371, 144, 1.581656
371, 145, 1.469971
371, 146, 1.966183
371, 147, 3.772639
371, 148, 2.446033
371, 149, 3.525482
371, 150, 1.562608
371, 151, 1.926552
371, 152, 1.927489
371, 153, 0.000000
371, 154, 1.593774
371, 155, 2.281181
371, 156, -0.010000
371, 157, 3.007406
371, 158, 1.991819
371, 159, 1.071481
371, 160, 2.933528
371, 161, 2.051931
371, 162, 3.280394
371, 163, 2.510499
371, 164, 3.356855
371, 165, 2.992908
371, 166, 3.632811
371, 167, 1.409328
371, 168, 0.369980
371, 169, 1.762528
371, 170, 1.509260
371, 171, 2.821053
371, 172, 2.352638
371, 173, 2.729783
371, 174, 1.689065
371, 175, 1.067069
371, 176, 3.356692
371, 177, 2.495001
371, 178, 0.529260
371, 179, 3.039807
371, 180, 3.514119
371, 181, 0.965567
371, 182, 3.132624
371, 183, -0.040000
371, 184, 0.714158
371, 185, 1.880346
371, 186, 3.348307
371, 187, 0.000000
371, 188, 2.741412
371, 189, 2.970647
371, 190, 2.409982
371, 191, 0.717938
371, 192, 2.154866
371, 193, 2.739713
371, 194, 1.537424
371, 195, -0.255034
371, 196, 3.979720
371, 197, 2.307894
371, 198, 2.284822
371, 199, 1.452205
373, 0, 1.503664
373, 1, 1.547395
373, 2, 2.288800
373, 3, 1.150858
373, 4, -0.339888
373, 5, 1.964453
373, 6, 0.000000
373, 7, 1.244126
373, 8, 3.360753
373, 9, 1.717014
373, 10, 1.799201
373, 11, 2.271102
373, 12, 2.546258
373, 13, -0.003600
373, 14, 2.589723
373, 15, 2.459612
373, 16, 1.129258
373, 17, 3.229053
373, 18, 3.588089
373, 19, 2.593091
373, 20, 4.248123
373, 21, 0.436530
373, 22, 2.161510
373, 23, 1.270559
373, 24, 1.065771
373, 25, 2.046121
373, 26, 1.508344
373, 27, 0.812977
373, 28, 1.982965
373, 29, 1.909984
373, 30, 0.668950
373, 31, 2.619502
373, 32, -0.040000
373, 33, 2.752437
373, 34, 2.352232
373, 35, 2.603034
373, 36, 2.291902
373, 37, 1.547238
373, 38, 0.375477
373, 39, 1.568194
373, 40, 2.683111
373, 41, 1.718147
373, 42, 1.011686
373, 43, 1.442728
373, 44, 0.519650
373, 45, 1.422834
373, 46, 2.244972
373, 47, 1.415481
373, 48, 2.596741
373, 49, -0.160065
373, 50, 2.187935
373, 51, 0.700052
373, 52, 1.514256
373, 53, -0.000015
373, 54, 2.734161
373, 55, 3.170176
373, 56, 2.510533
373, 57, 2.951785
373, 58, 0.829374
373, 59, 1.691667
373, 60, 0.000000
373, 61, 1.402721
373, 62, 2.046886
373, 63, 1.722669
373, 64, 2.057648
373, 65, 3.459145
373, 66, 1.750670
373, 67, 2.514823
373, 68, 1.616038
373, 69, 2.722621
373, 70, 2.952871
373, 71, 2.583029
373, 72, 3.798095
373, 73, 3.219182
373, 74, 1.580833
373, 75, 1.934788
373, 76, 1.049166
373, 77, 1.420346
373, 78, 1.805377
373, 79, 2.797782
373, 80, 2.670388
373, 81, 1.747319
373, 82, -0.128487
373, 83, 1.218934
373, 84, 0.939994
373, 85, 2.945451
373, 86, 3.250625
373, 87, 2.334270
373, 88, 1.398646
373, 89, 0.544654
373, 90, 1.203635
373, 91, 1.447214
373, 92, 0.672629
373, 93, 2.665313
373, 94, 1.672693
373, 95, 0.927768
373, 96, 1.654176
373, 97, 4.280525
373, 98, 2.149132
373, 99, 1.159450
373, 100, 0.792004
373, 101, -0.031273
373, 102, 1.675544
373, 103, 0.000000
373, 104, 3.530804
373, 105, 2.741352
373, 106, 1.431670
373, 107, 1.903322
373, 108, 0.639675
373, 109, -0.016499
373, 110, 1.771988
373, 111, 0.833919
373, 112, 1.185186
373, 113, 3.555922
373, 114, 1.068332
373, 115, 1.793137
373, 116, 1.427192
373, 117, 2.267420
373, 118, 1.564504
373, 119, 1.334032
373, 120, 2.296070
373, 121, 3.638792
373, 122, 2.491351
373, 123, 0.346461
373, 124, 2.149923
373, 125, 4.262164
373, 126, 1.155937
373, 127, 0.838413
373, 128, 0.512008
373, 129, 0.074872
373, 130, 1.536905
373, 131, 1.749791
373, 132, 1.199875
373, 133, 0.903711
373, 134, 1.165754
373, 135, 0.744959
373, 136, 0.702688
373, 137, 1.609747
373, 138, 0.985482
373, 139, 0.937750
373, 140, 3.515041
373, 141, 2.066215
373, 142, 3.142109
373, 143, 1.941133
373, 144, 1.581656
373, 145, 1.411778
373, 146, 1.966183
373, 147, 3.749901
373, 148, 2.456736
373, 149, 3.524672
373, 150, 1.562608
373, 151, 1.921018
373, 152, 1.922642
373, 153, 0.000000
373, 154, 1.593774
373, 155, 2.281182
373, 156, -0.010000
373, 157, 3.017235
373, 158, 1.991819
373, 159, 1.071481
373, 160, 2.935012
373, 161, 2.051931
373, 162, 3.299076
373, 163, 2.510499
373, 164, 3.356856
373, 165, 2.999313
373, 166, 3.625074
373, 167, 1.409328
373, 168, 0.369980
373, 169, 1.762704
373, 170, 1.509260
373, 171, 2.804688
373, 172, 2.352633
373, 173, 2.730438
373, 174, 1.770396
373, 175, 1.067069
373, 176, 3.357929
373, 177, 2.485800
373, 178, 0.529260
373, 179, 3.041190
373, 180, 3.514038
373, 181, 0.965567
373, 182, 3.132624
373, 183, -0.040000
373, 184, 0.714158
373, 185, 1.880346
373, 186, 3.368282
373, 187, 0.000000
373, 188, 2.718345
373, 189, 2.985482
373, 190, 2.409982
373, 191, 0.717938
373, 192, 2.135708
373, 193, 2.744047
373, 194, 1.537425
373, 195, -0.255038
373, 196, 3.974131
373, 197, 2.322288
373, 198, 2.284785
373, 199, 1.452205
375, 0, 1.503664
375, 1, 1.547396
375, 2, 2.315784
375, 3, 1.150858
375, 4, -0.339888
375, 5, 1.955191
375, 6, 0.000000
375, 7, 1.244126
375, 8, 3.318064
375, 9, 1.720069
375, 10, 1.799201
375, 11, 2.271102
375, 12, 2.535597
375, 13, -0.001308
375, 14, 2.589710
375, 15, 2.467482
375, 16, 1.129258
375, 17, 3.228284
375, 18, 3.586919
375, 19, 2.595405
375, 20, 4.290714
375, 21, 0.436530
375, 22, 2.161510
375, 23, 1.270559
375, 24, 1.065771
375, 25, 2.046121
375, 26, 1.508219
375, 27, 0.812977
375, 28, 1.982762
375, 29, 1.909984
375, 30, 0.668950
375, 31, 2.609714
375, 32, -0.040000
375, 33, 2.723949
375, 34, 2.338558
375, 35, 2.602967
375, 36, 2.293039
375, 37, 1.459056
375, 38, 0.375477
375, 39, 1.568194
375, 40, 2.683111
375, 41, 1.718296
375, 42, 1.011686
375, 43, 1.442728
375, 44, 0.519650
375, 45, 1.424038
375, 46, 2.238674
375, 47, 1.415481
375, 48, 2.595159
375, 49, -0.160065
375, 50, 2.187935
375, 51, 0.700052
375, 52, 1.514256
375, 53, -0.000015
375, 54, 2.782330
375, 55, 3.169624
375, 56, 2.509594
375, 57, 2.951866
375, 58, 0.829374
375, 59, 1.691667
375, 60, 0.000000
375, 61, 1.402721
375, 62, 2.046886
375, 63, 1.722669
375, 64, 2.057648
375, 65, 3.466084
375, 66, 1.750670
375, 67, 2.514823
375, 68, 1.616038
375, 69, 2.722621
375, 70, 2.950839
375, 71, 2.590581
375, 72, 3.799342
375, 73, 3.216078
375, 74, 1.580833
375, 75, 1.934788
375, 76, 1.049166
375, 77, 1.420346
375, 78, 1.805377
375, 79, 2.797782
375, 80, 2.667835
375, 81, 1.746863
375, 82, -0.129233
375, 83, 1.218934
375, 84, 0.939994
375, 85, 2.945451
375, 86, 3.265735
375, 87, 2.334270
375, 88, 1.398646
375, 89, 0.544654
375, 90, 1.203635
375, 91, 1.444343
375, 92, 0.672629
375, 93, 2.668988
375, 94, 1.665035
375, 95, 0.920084
375, 96, 1.630323
375, 97, 4.306973
375, 98, 2.132579
375, 99, 1.159450
375, 100, 0.792004
375, 101, -0.031273
375, 102, 1.675544
375, 103, 0.000000
375, 104, 3.527743
375, 105, 2.727571
375, 106, 1.431670
375, 107, 1.937411
375, 108, 0.639675
375, 109, -0.016499
375, 110, 1.771988
375, 111, 0.834589
375, 112, 1.185186
375, 113, 3.554172
375, 114, 1.068332
375, 115, 1.787021
375, 116, 1.427192
375, 117, 2.246898
375, 118, 1.568769
375, 119, 1.334032
375, 120, 2.296070
375, 121, 3.614814
375, 122, 2.491351
375, 123, 0.346461
375, 124, 2.149924
375, 125, 4.263266
375, 126, 1.157738
375, 127, 0.838413
375, 128, 0.512008
375, 129, 0.074872
375, 130, 1.536904
375, 131, 1.749791
375, 132, 1.223355
375, 133, 0.903712
375, 134, 1.165754
375, 135, 0.744959
375, 136, 0.772266
375, 137, 1.608883
375, 138, 0.985482
375, 139, 0.937750
375, 140, 3.517254
375, 141, 2.066215
375, 142, 3.123958
375, 143, 1.943510
375, 144, 1.581656
375, 145, 1.411778
375, 146, 1.966183
375, 147, 3.795125
375, 148, 2.464203
375, 149, 3.525487
375, 150, 1.562608
375, 151, 1.922269
375, 152, 1.939055
375, 153, 0.000000
375, 154, 1.593774
375, 155, 2.281182
375, 156, -0.010000
375, 157, 3.027088
375, 158, 1.991819
375, 159, 1.071481
375, 160, 2.949491
375, 161, 2.051931
375, 162, 3.324105
375, 163, 2.510499
375, 164, 3.356856
375, 165, 2.999940
375, 166, 3.632186
375, 167, 1.409328
375, 168, 0.369980
375, 169, 1.761976
375, 170, 1.509260
375, 171, 2.812784
375, 172, 2.352627
375, 173, 2.727646
375, 174, 1.821398
375, 175, 1.067069
375, 176, 3.365778
375, 177, 2.484391
375, 178, 0.529260
375, 179, 3.039801
375, 180, 3.509425
375, 181, 0.965567
375, 182, 3.132624
375, 183, -0.040000
375, 184, 0.714158
375, 185, 1.880346
375, 186, 3.357032
375, 187, 0.000000
375, 188, 2.699299
375, 189, 2.995940
375, 190, 2.409982
375, 191, 0.717938
375, 192, 2.155675
375, 193, 2.744369
375, 194, 1.537428
375, 195, -0.255041
375, 196, 3.980641
375, 197, 2.326911
375, 198, 2.284749
375, 199, 1.452205
377, 0, 1.503664
377, 1, 1.547395
377, 2, 2.301608
377, 3, 1.150859
377, 4, -0.339888
377, 5, 1.953753
377, 6, 0.000000
377, 7, 1.228748
377, 8, 3.321844
377, 9, 1.717014
377, 10, 1.799201
377, 11, 2.271102
377, 12, 2.523236
377, 13, 0.000000
377, 14, 2.589689
377, 15, 2.452656
377, 16, 1.129258
377, 17, 3.231698
377, 18, 3.583884
377, 19, 2.595405
377, 20, 4.291908
377, 21, 0.436530
377, 22, 2.161510
377, 23, 1.270559
377, 24, 1.065771
377, 25, 2.046121
377, 26, 1.508236
377, 27, 0.812977
377, 28, 1.973958
377, 29, 1.920947
377, 30, 0.668950
377, 31, 2.598559
377, 32, -0.040000
377, 33, 2.743408
377, 34, 2.384322
377, 35, 2.602896
377, 36, 2.293497
377, 37, 1.602375
377, 38, 0.375477
377, 39, 1.568194
377, 40, 2.683111
377, 41, 1.718444
377, 42, 1.011686
377, 43, 1.442728
377, 44, 0.519650
377, 45, 1.419759
377, 46, 2.230081
377, 47, 1.415481
377, 48, 2.597584
377, 49, -0.160065
377, 50, 2.187935
377, 51, 0.700052
377, 52, 1.514256
377, 53, -0.000015
377, 54, 2.707846
377, 55, 3.168938
377, 56, 2.511357
377, 57, 2.951939
377, 58, 0.829374
377, 59, 1.691667
377, 60, 0.000000
377, 61, 1.402721
377, 62, 2.046885
377, 63, 1.722669
377, 64, 2.057648
377, 65, 3.463585
377, 66, 1.750670
377, 67, 2.514823
377, 68, 1.616038
377, 69, 2.722621
377, 70, 2.951634
377, 71, 2.590550
377, 72, 3.799241
377, 73, 3.213180
377, 74, 1.580833
377, 75, 1.934788
377, 76, 1.049166
377, 77, 1.420346
377, 78, 1.805377
377, 79, 2.797782
377, 80, 2.667903
377, 81, 1.746290
377, 82, -0.126047
377, 83, 1.218934
377, 84, 0.939994
377, 85, 2.945450
377, 86, 3.275838
377, 87, 2.334270
377, 88, 1.398646
377, 89, 0.544654
377, 90, 1.203635
377, 91, 1.426491
377, 92, 0.672629
377, 93, 2.675580
377, 94, 1.678071
377, 95, 0.908002
377, 96, 1.612539
377, 97, 4.306975
377, 98, 2.134001
377, 99, 1.159450
377, 100, 0.792004
377, 101, -0.031273
377, 102, 1.675544
377, 103, 0.000000
377, 104, 3.532743
377, 105, 2.789502
377, 106, 1.431670
377, 107, 1.946335
377, 108, 0.639675
377, 109, -0.016499
377, 110, 1.771988
377, 111, 0.835775
377, 112, 1.185186
377, 113, 3.549155
377, 114, 1.068332
377, 115, 1.787815
377, 116, 1.427192
377, 117, 2.246898
377, 118, 1.548859
377, 119, 1.334032
377, 120, 2.296070
377, 121, 3.670771
377, 122, 2.491351
377, 123, 0.346461
377, 124, 2.149924
377, 125, 4.283647
377, 126, 1.159555
377, 127, 0.838413
377, 128, 0.512008
377, 129, 0.074872
377, 130, 1.536905
377, 131, 1.749791
377, 132, 1.245012
377, 133, 0.903718
377, 134, 1.165754
377, 135, 0.744959
377, 136, 0.820019
377, 137, 1.608061
377, 138, 0.985482
377, 139, 0.937750
377, 140, 3.523582
377, 141, 2.066215
377, 142, 3.129505
377, 143, 1.932694
377, 144, 1.581656
377, 145, 1.411778
377, 146, 1.966183
377, 147, 3.802511
377, 148, 2.468622
377, 149, 3.525258
377, 150, 1.562608
377, 151, 1.921774
377, 152, 1.947489
377, 153, 0.000000
377, 154, 1.593774
377, 155, 2.281182
377, 156, -0.010000
377, 157, 3.022809
377, 158, 1.991819
377, 159, 1.071481
377, 160, 2.940659
377, 161, 2.051931
377, 162, 3.334819
377, 163, 2.510499
377, 164, 3.356856
377, 165, 2.998601
377, 166, 3.632734
377, 167, 1.409328
377, 168, 0.369980
377, 169, 1.761847
377, 170, 1.509260
377, 171, 2.802610
377, 172, 2.352621
377, 173, 2.722585
377, 174, 1.842543
377, 175, 1.067069
377, 176, 3.362009
377, 177, 2.493268
377, 178, 0.529260
377, 179, 3.042366
377, 180, 3.500035
377, 181, 0.965567
377, 182, 3.132624
377, 183, -0.040000
377, 184, 0.714158
377, 185, 1.880346
377, 186, 3.365706
377, 187, 0.000000
377, 188, 2.655237
377, 189, 2.956577
377, 190, 2.409982
377, 191, 0.717938
377, 192, 2.145859
377, 193, 2.730577
377, 194, 1.537430
377, 195, -0.255042
377, 196, 3.981556
377, 197, 2.331264
377, 198, 2.284715
377, 199, 1.452204
379, 0, 1.503664
379, 1, 1.547395
379, 2, 2.338056
379, 3, 1.150859
379, 4, -0.339888
379, 5, 1.955115
379, 6, 0.000000
379, 7, 1.240197
379, 8, 3.327738
379, 9, 1.717014
379, 10, 1.799201
379, 11, 2.271102
379, 12, 2.516994
379, 13, 0.000000
379, 14, 2.589676
379, 15, 2.448287
379, 16, 1.129258
379, 17, 3.228320
379, 18, 3.587552
379, 19, 2.593091
379, 20, 4.293583
379, 21, 0.436530
379, 22, 2.161510
379, 23, 1.270559
379, 24, 1.065771
379, 25, 2.046121
379, 26, 1.510403
379, 27, 0.812977
379, 28, 1.974731
379, 29, 1.917010
379, 30, 0.668950
379, 31, 2.592596
379, 32, -0.040000
379, 33, 2.727256
379, 34, 2.296447
379, 35, 2.602829
379, 36, 2.293338
379, 37, 1.670765
379, 38, 0.375477
379, 39, 1.568194
379, 40, 2.683111
379, 41, 1.718580
379, 42, 1.011686
379, 43, 1.442728
379, 44, 0.519650
379, 45, 1.415368
379, 46, 2.233640
379, 47, 1.415481
379, 48, 2.596228
379, 49, -0.160065
379, 50, 2.187935
379, 51, 0.700052
379, 52, 1.514256
379, 53, -0.000015
379, 54, 2.730775
379, 55, 3.170470
379, 56, 2.520657
379, 57, 2.952019
379, 58, 0.829374
379, 59, 1.691667
379, 60, 0.000000
379, 61, 1.402721
379, 62, 2.046885
379, 63, 1.722669
379, 64, 2.057648
379, 65, 3.462187
379, 66, 1.750670
379, 67, 2.514823
379, 68, 1.616038
379, 69, 2.722621
379, 70, 2.945266
379, 71, 2.582985
379, 72, 3.799377
379, 73, 3.212432
379, 74, 1.580833
379, 75, 1.934788
379, 76, 1.049166
379, 77, 1.420346
379, 78, 1.805377
379, 79, 2.797782
379, 80, 2.668886
379, 81, 1.745696
379, 82, -0.124179
379, 83, 1.218934
379, 84, 0.939994
379, 85, 2.945451
379, 86, 3.296350
379, 87, 2.338707
379, 88, 1.398646
379, 89, 0.544654
379, 90, 1.203635
379, 91, 1.401809
379, 92, 0.672629
379, 93, 2.675130
379, 94, 1.680627
379, 95, 0.897893
379, 96, 1.608671
379, 97, 4.306049
379, 98, 2.151506
379, 99, 1.159450
379, 100, 0.792004
379, 101, -0.031273
379, 102, 1.668115
379, 103, 0.000000
379, 104, 3.533273
379, 105, 2.756599
379, 106, 1.431670
379, 107, 1.928122
379, 108, 0.639675
379, 109, -0.016499
379, 110, 1.771988
379, 111, 0.837620
379, 112, 1.185186
379, 113, 3.555521
379, 114, 1.068332
379, 115, 1.796418
379, 116, 1.427192
379, 117, 2.259669
379, 118, 1.557345
379, 119, 1.334032
379, 120, 2.296070
379, 121, 3.684092
379, 122, 2.491351
379, 123, 0.346461
379, 124, 2.149924
379, 125, 4.290115
379, 126, 1.161364
379, 127, 0.838413
379, 128, 0.512008
379, 129, 0.074872
379, 130, 1.536904
379, 131, 1.764839
379, 132, 1.270115
379, 133, 0.903716
379, 134, 1.165754
379, 135, 0.744959
379, 136, 0.835278
379, 137, 1.607267
379, 138, 0.985482
379, 139, 0.937750
379, 140, 3.524658
379, 141, 2.066215
379, 142, 3.131830
379, 143, 1.937368
379, 144, 1.581656
379, 145, 1.386079
379, 146, 1.966183
379, 147, 3.762724
379, 148, 2.469827
379, 149, 3.525485
379, 150, 1.562608
379, 151, 1.935046
379, 152, 1.951788
379, 153, 0.000000
379, 154, 1.593774
379, 155, 2.281182
379, 156, -0.010000
379, 157, 3.006925
379, 158, 1.991819
379, 159, 1.071481
379, 160, 2.919361
379, 161, 2.051931
379, 162, 3.346394
379, 163, 2.510499
379, 164, 3.356857
379, 165, 2.996897
379, 166, 3.631926
379, 167, 1.409328
379, 168, 0.369980
379, 169, 1.761875
379, 170, 1.509260
379, 171, 2.814704
379, 172, 2.352636
379, 173, 2.717705
379, 174, 1.753811
379, 175, 1.067069
379, 176, 3.359858
379, 177, 2.506159
379, 178, 0.529260
379, 179, 3.041362
379, 180, 3.515782
379, 181, 0.965567
379, 182, 3.132624
379, 183, -0.040000
379, 184, 0.714158
379, 185, 1.880346
379, 186, 3.364375
379, 187, 0.000000
379, 188, 2.604541
379, 189, 2.984928
379, 190, 2.409982
379, 191, 0.717938
379, 192, 2.155309
379, 193, 2.739258
379, 194, 1.537431
379, 195, -0.255043
379, 196, 3.958213
379, 197, 2.345754
379, 198, 2.284686
379, 199, 1.452204
381, 0, 1.503664
381, 1, 1.547395
381, 2, 2.354481
381, 3, 1.150856
381, 4, -0.339888
381, 5, 1.956914
381, 6, 0.000000
381, 7, 1.256219
381, 8, 3.296144
381, 9, 1.717014
381, 10, 1.799200
381, 11, 2.271102
381, 12, 2.513581
381, 13, 0.000000
381, 14, 2.589462
381, 15, 2.499932
381, 16, 1.129258
381, 17, 3.227925
381, 18, 3.588732
381, 19, 2.593091
381, 20, 4.285424
381, 21, 0.436530
381, 22, 2.161510
381, 23, 1.270559
381, 24, 1.065771
381, 25, 2.046121
381, 26, 1.358767
381, 27, 0.812977
381, 28, 1.977980
381, 29, 1.914583
381, 30, 0.668950
381, 31, 2.589039
381, 32, -0.040000
381, 33, 2.709260
381, 34, 2.366907
381, 35, 2.602618
381, 36, 2.293301
381, 37, 1.450468
381, 38, 0.375477
381, 39, 1.568194
381, 40, 2.683111
381, 41, 1.718695
381, 42, 1.011686
381, 43, 1.442728
381, 44, 0.519650
381, 45, 1.415378
381, 46, 2.224370
381, 47, 1.415481
381, 48, 2.594537
381, 49, -0.160065
381, 50, 2.187935
381, 51, 0.700052
381, 52, 1.514256
381, 53, -0.000015
381, 54, 2.743018
381, 55, 3.170184
381, 56, 2.512856
381, 57, 2.951909
381, 58, 0.829374
381, 59, 1.691667
381, 60, 0.000000
381, 61, 1.402721
381, 62, 2.046886
381, 63, 1.722669
381, 64, 2.057648
381, 65, 3.473397
381, 66, 1.750670
381, 67, 2.514823
381, 68, 1.616038
381, 69, 2.722625
381, 70, 2.954663
381, 71, 2.583011
381, 72, 3.799413
381, 73, 3.210658
381, 74, 1.580833
381, 75, 1.934788
381, 76, 1.049166
381, 77, 1.420346
381, 78, 1.805377
381, 79, 2.797783
381, 80, 2.670448
381, 81, 1.755134
381, 82, -0.120830
381, 83, 1.218931
381, 84, 0.939994
381, 85, 2.945451
381, 86, 3.295632
381, 87, 2.357808
381, 88, 1.398646
381, 89, 0.544654
381, 90, 1.203635
381, 91, 1.393578
381, 92, 0.672629
381, 93, 2.673524
381, 94, 1.676834
381, 95, 0.894257
381, 96, 1.659847
381, 97, 4.304299
381, 98, 2.151528
381, 99, 1.159450
381, 100, 0.792004
381, 101, -0.031273
381, 102, 1.668115
381, 103, 0.000000
381, 104, 3.532279
381, 105, 2.749563
381, 106, 1.431670
381, 107, 1.908693
381, 108, 0.639675
381, 109, -0.016499
381, 110, 1.771988
381, 111, 0.839637
381, 112, 1.185186
381, 113, 3.555050
381, 114, 1.068332
381, 115, 1.809363
381, 116, 1.427192
381, 117, 2.279170
381, 118, 1.552993
381, 119, 1.334032
381, 120, 2.296069
381, 121, 3.704772
381, 122, 2.491351
381, 123, 0.346461
381, 124, 2.149923
381, 125, 4.282592
381, 126, 1.163119
381, 127, 0.838413
381, 128, 0.512008
381, 129, 0.074872
381, 130, 1.536905
381, 131, 1.765465
381, 132, 1.290168
381, 133, 0.903711
381, 134, 1.165754
381, 135, 0.744959
381, 136, 0.829993
381, 137, 1.606481
381, 138, 0.985482
381, 139, 0.937750
381, 140, 3.525858
381, 141, 2.066215
381, 142, 3.120403
381, 143, 1.935035
381, 144, 1.581656
381, 145, 1.358449
381, 146, 1.966183
381, 147, 3.827107
381, 148, 2.469827
381, 149, 3.525046
381, 150, 1.562608
381, 151, 1.929565
381, 152, 1.953906
381, 153, 0.000000
381, 154, 1.593774
381, 155, 2.281181
381, 156, -0.010000
381, 157, 3.007395
381, 158, 1.991819
381, 159, 1.075727
381, 160, 2.949294
381, 161, 2.064581
381, 162, 3.356858
381, 163, 2.510499
381, 164, 3.357277
381, 165, 2.996402
381, 166, 3.633400
381, 167, 1.409328
381, 168, 0.369980
381, 169, 1.762092
381, 170, 1.509260
381, 171, 2.822189
381, 172, 2.342856
381, 173, 2.709055
381, 174, 1.711413
381, 175, 1.067069
381, 176, 3.356692
381, 177, 2.499033
381, 178, 0.529260
381, 179, 3.043485
381, 180, 3.517236
381, 181, 0.965567
381, 182, 3.132624
381, 183, -0.040000
381, 184, 0.714158
381, 185, 1.880346
381, 186, 3.352418
381, 187, 0.000000
381, 188, 2.596669
381, 189, 2.946807
381, 190, 2.409982
381, 191, 0.717938
381, 192, 2.141486
381, 193, 2.741794
381, 194, 1.537429
381, 195, -0.255043
381, 196, 3.980405
381, 197, 2.358309
381, 198, 2.284668
381, 199, 1.452205
383, 0, 1.503664
383, 1, 1.547395
383, 2, 2.386193
383, 3, 1.150858
383, 4, -0.339888
383, 5, 1.954476
383, 6, 0.000000
383, 7, 1.266313
383, 8, 3.301367
383, 9, 1.733914
383, 10, 1.799201
383, 11, 2.271102
383, 12, 2.508202
383, 13, 0.000000
383, 14, 2.589508
383, 15, 2.484369
383, 16, 1.129258
383, 17, 3.229407
383, 18, 3.585597
383, 19, 2.593091
383, 20, 4.225830
383, 21, 0.436530
383, 22, 2.161510
383, 23, 1.270559
383, 24, 1.065771
383, 25, 2.046121
383, 26, 1.416168
383, 27, 0.812977
383, 28, 1.980011
383, 29, 1.921771
383, 30, 0.668950
383, 31, 2.583831
383, 32, -0.040000
383, 33, 2.742046
383, 34, 2.393527
383, 35, 2.602597
383, 36, 2.290835
383, 37, 1.564632
383, 38, 0.375477
383, 39, 1.565520
383, 40, 2.683111
383, 41, 1.718765
383, 42, 1.011686
383, 43, 1.442728
383, 44, 0.519650
383, 45, 1.422366
383, 46, 2.231435
383, 47, 1.415481
383, 48, 2.595033
383, 49, -0.160065
383, 50, 2.187935
383, 51, 0.700052
383, 52, 1.514256
383, 53, -0.000015
383, 54, 2.716946
383, 55, 3.168118
383, 56, 2.513598
383, 57, 2.952015
383, 58, 0.829374
383, 59, 1.691667
383, 60, 0.000000
383, 61, 1.402721
383, 62, 2.046886
383, 63, 1.722669
383, 64, 2.057648
383, 65, 3.480110
383, 66, 1.750670
383, 67, 2.514823
383, 68, 1.616038
383, 69, 2.722628
383, 70, 2.954673
383, 71, 2.593790
383, 72, 3.798785
383, 73, 3.208864
383, 74, 1.580833
383, 75, 1.934788
383, 76, 1.049166
383, 77, 1.420346
383, 78, 1.805377
383, 79, 2.797782
383, 80, 2.669948
383, 81, 1.790781
383, 82, -0.125682
383, 83, 1.218933
383, 84, 0.939994
383, 85, 2.945451
383, 86, 3.266360
383, 87, 2.357808
383, 88, 1.398646
383, 89, 0.544654
383, 90, 1.203635
383, 91, 1.434097
383, 92, 0.672629
383, 93, 2.655718
383, 94, 1.672773
383, 95, 0.920632
383, 96, 1.646706
383, 97, 4.264812
383, 98, 2.158174
383, 99, 1.159450
383, 100, 0.792004
383, 101, -0.031273
383, 102, 1.668115
383, 103, 0.000000
383, 104, 3.530842
383, 105, 2.741560
383, 106, 1.431670
383, 107, 1.909170
383, 108, 0.639675
383, 109, -0.016499
383, 110, 1.771988
383, 111, 0.841836
383, 112, 1.185186
383, 113, 3.552624
383, 114, 1.068332
383, 115, 1.834354
383, 116, 1.442276
383, 117, 2.298354
383, 118, 1.584864
383, 119, 1.334032
383, 120, 2.296070
383, 121, 3.667523
383, 122, 2.491351
383, 123, 0.346461
383, 124, 2.149923
383, 125, 4.277467
383, 126, 1.165080
383, 127, 0.838413
383, 128, 0.512008
383, 129, 0.074872
383, 130, 1.536904
383, 131, 1.765722
383, 132, 1.304020
383, 133, 0.903712
383, 134, 1.165754
383, 135, 0.744959
383, 136, 0.816249
383, 137, 1.605818
383, 138, 0.985482
383, 139, 0.937750
383, 140, 3.529151
383, 141, 2.066215
383, 142, 3.129739
383, 143, 1.939871
383, 144, 1.581656
383, 145, 1.328898
383, 146, 1.966183
383, 147, 3.832609
383, 148, 2.469827
383, 149, 3.526044
383, 150, 1.562608
383, 151, 1.935614
383, 152, 1.955239
383, 153, 0.000000
383, 154, 1.593774
383, 155, 2.281182
383, 156, -0.010000
383, 157, 3.007396
383, 158, 1.991819
383, 159, 1.075727
383, 160, 2.933998
383, 161, 2.060720
383, 162, 3.365470
383, 163, 2.510499
383, 164, 3.356857
383, 165, 2.998991
383, 166, 3.628678
383, 167, 1.409328
383, 168, 0.369980
383, 169, 1.762406
383, 170, 1.509260
383, 171, 2.800642
383, 172, 2.349768
383, 173, 2.700542
383, 174, 1.698727
383, 175, 1.067069
383, 176, 3.368731
383, 177, 2.499152
383, 178, 0.529260
383, 179, 3.044982
383, 180, 3.501068
383, 181, 0.965567
383, 182, 3.132624
383, 183, -0.040000
383, 184, 0.714158
383, 185, 1.880346
383, 186, 3.367877
383, 187, 0.000000
383, 188, 2.541873
383, 189, 2.938524
383, 190, 2.409982
383, 191, 0.717938
383, 192, 2.137206
383, 193, 2.740267
383, 194, 1.537431
383, 195, -0.255044
383, 196, 3.980261
383, 197, 2.375000
383, 198, 2.284668
383, 199, 1.452204
385, 0, 1.503664
385, 1, 1.547395
385, 2, 2.392249
385, 3, 1.150858
385, 4, -0.339888
385, 5, 1.951941
385, 6, 0.000000
385, 7, 1.272696
385, 8, 3.325211
385, 9, 1.717014
385, 10, 1.799201
385, 11, 2.271102
385, 12, 2.447206
385, 13, 0.000000
385, 14, 2.589608
385, 15, 2.490582
385, 16, 1.129258
385, 17, 3.214840
385, 18, 3.588218
385, 19, 2.593091
385, 20, 4.289447
385, 21, 0.436530
385, 22, 2.161510
385, 23, 1.270559
385, 24, 1.065771
385, 25, 2.046121
385, 26, 1.472443
385, 27, 0.812977
385, 28, 1.974429
385, 29, 1.921307
385, 30, 0.668950
385, 31, 2.574921
385, 32, -0.040000
385, 33, 2.731318
385, 34, 2.367712
385, 35, 2.602632
385, 36, 2.286170
385, 37, 1.569395
385, 38, 0.375477
385, 39, 1.565520
385, 40, 2.683111
385, 41, 1.718821
385, 42, 1.011686
385, 43, 1.442728
385, 44, 0.519650
385, 45, 1.421939
385, 46, 2.281905
385, 47, 1.415481
385, 48, 2.591631
385, 49, -0.160065
385, 50, 2.187935
385, 51, 0.700052
385, 52, 1.514256
385, 53, -0.000015
385, 54, 2.735600
385, 55, 3.171459
385, 56, 2.507272
385, 57, 2.952161
385, 58, 0.829374
385, 59, 1.691667
385, 60, 0.000000
385, 61, 1.402721
385, 62, 2.046885
385, 63, 1.722669
385, 64, 2.057648
385, 65, 3.476524
385, 66, 1.750670
385, 67, 2.514823
385, 68, 1.616038
385, 69, 2.722628
385, 70, 2.954507
385, 71, 2.588881
385, 72, 3.797925
385, 73, 3.206179
385, 74, 1.580833
385, 75, 1.934788
385, 76, 1.049166
385, 77, 1.420346
385, 78, 1.805377
385, 79, 2.797782
385, 80, 2.669144
385, 81, 1.749362
385, 82, -0.125979
385, 83, 1.218933
385, 84, 0.939994
385, 85, 2.945450
385, 86, 3.272961
385, 87, 2.366691
385, 88, 1.398646
385, 89, 0.544654
385, 90, 1.203635
385, 91, 1.428439
385, 92, 0.672629
385, 93, 2.664058
385, 94, 1.675530
385, 95, 0.920875
385, 96, 1.648971
385, 97, 4.305211
385, 98, 2.157608
385, 99, 1.159450
385, 100, 0.792004
385, 101, -0.031273
385, 102, 1.668115
385, 103, 0.000000
385, 104, 3.532663
385, 105, 2.789832
385, 106, 1.431670
385, 107, 1.906649
385, 108, 0.639675
385, 109, -0.016499
385, 110, 1.771988
385, 111, 0.844208
385, 112, 1.185186
385, 113, 3.554988
385, 114, 1.068332
385, 115, 1.855381
385, 116, 1.442276
385, 117, 2.315295
385, 118, 1.573681
385, 119, 1.334032
385, 120, 2.296070
385, 121, 3.684717
385, 122, 2.491351
385, 123, 0.346461
385, 124, 2.149924
385, 125, 4.287012
385, 126, 1.166697
385, 127, 0.838413
385, 128, 0.512008
385, 129, 0.074872
385, 130, 1.536905
385, 131, 1.765827
385, 132, 1.315284
385, 133, 0.903713
385, 134, 1.165754
385, 135, 0.744959
385, 136, 0.798886
385, 137, 1.605029
385, 138, 0.985482
385, 139, 0.937750
385, 140, 3.533192
385, 141, 2.066215
385, 142, 3.118849
385, 143, 1.933740
385, 144, 1.581656
385, 145, 1.298413
385, 146, 1.966183
385, 147, 3.741810
385, 148, 2.469827
385, 149, 3.525466
385, 150, 1.562608
385, 151, 1.929543
385, 152, 1.956410
385, 153, 0.000000
385, 154, 1.593774
385, 155, 2.281182
385, 156, -0.010000
385, 157, 3.007403
385, 158, 1.991819
385, 159, 1.071481
385, 160, 2.897489
385, 161, 1.962982
385, 162, 3.372073
385, 163, 2.510499
385, 164, 3.356857
385, 165, 2.998695
385, 166, 3.617542
385, 167, 1.409328
385, 168, 0.369980
385, 169, 1.762163
385, 170, 1.509260
385, 171, 2.818306
385, 172, 2.309650
385, 173, 2.691887
385, 174, 1.578229
385, 175, 1.067069
385, 176, 3.366470
385, 177, 2.499932
385, 178, 0.529260
385, 179, 3.035418
385, 180, 3.518033
385, 181, 0.965567
385, 182, 3.132624
385, 183, -0.040000
385, 184, 0.714158
385, 185, 1.880346
385, 186, 3.372333
385, 187, 0.000000
385, 188, 2.264028
385, 189, 2.939246
385, 190, 2.409982
385, 191, 0.717938
385, 192, 2.159830
385, 193, 2.740439
385, 194, 1.537434
385, 195, -0.255044
385, 196, 3.961840
385, 197, 2.375287
385, 198, 2.284637
385, 199, 1.452204
387, 0, 1.503664
387, 1, 1.547395
387, 2, 2.369944
387, 3, 1.150859
387, 4, -0.339888
387, 5, 1.954385
387, 6, 0.000000
387, 7, 1.276747
387, 8, 3.328668
387, 9, 1.717014
387, 10, 1.799201
387, 11, 2.271102
387, 12, 2.455737
387, 13, 0.000000
387, 14, 2.588958
387, 15, 2.519576
387, 16, 1.129258
387, 17, 3.229381
387, 18, 3.582050
387, 19, 2.593091
387, 20, 4.258741
387, 21, 0.436530
387, 22, 2.161510
387, 23, 1.270559
387, 24, 1.065771
387, 25, 2.046121
387, 26, 1.474417
387, 27, 0.812977
387, 28, 1.972923
387, 29, 1.916036
387, 30, 0.668950
387, 31, 2.580319
387, 32, -0.040000
387, 33, 2.777333
387, 34, 2.393306
387, 35, 2.602109
387, 36, 2.288000
387, 37, 1.511921
387, 38, 0.375477
387, 39, 1.565520
387, 40, 2.683111
387, 41, 1.718944
387, 42, 1.011686
387, 43, 1.442728
387, 44, 0.519650
387, 45, 1.417628
387, 46, 2.280601
387, 47, 1.415481
387, 48, 2.594030
387, 49, -0.160065
387, 50, 2.187935
387, 51, 0.700052
387, 52, 1.514256
387, 53, -0.000015
387, 54, 2.697241
387, 55, 3.170511
387, 56, 2.514781
387, 57, 2.952250
387, 58, 0.829374
387, 59, 1.691667
387, 60, 0.000000
387, 61, 1.402721
387, 62, 2.046885
387, 63, 1.722669
387, 64, 2.057648
387, 65, 3.459709
387, 66, 1.750670
387, 67, 2.514823
387, 68, 1.616038
387, 69, 2.722628
387, 70, 2.954983
387, 71, 2.588886
387, 72, 3.798552
387, 73, 3.208174
387, 74, 1.580833
387, 75, 1.934788
387, 76, 1.049166
387, 77, 1.420346
387, 78, 1.805377
387, 79, 2.797782
387, 80, 2.670079
387, 81, 1.772402
387, 82, -0.122181
387, 83, 1.218934
387, 84, 0.939994
387, 85, 2.945451
387, 86, 3.293000
387, 87, 2.334270
387, 88, 1.398646
387, 89, 0.544654
387, 90, 1.203635
387, 91, 1.399251
387, 92, 0.672629
387, 93, 2.658115
387, 94, 1.667274
387, 95, 0.934070
387, 96, 1.650396
387, 97, 4.292909
387, 98, 2.156066
387, 99, 1.159450
387, 100, 0.792004
387, 101, -0.031273
387, 102, 1.668115
387, 103, 0.000000
387, 104, 3.533210
387, 105, 2.756041
387, 106, 1.431670
387, 107, 1.905888
387, 108, 0.639675
387, 109, -0.016499
387, 110, 1.771988
387, 111, 0.849281
387, 112, 1.185186
387, 113, 3.555678
387, 114, 1.068332
387, 115, 1.878122
387, 116, 1.442276
387, 117, 2.330140
387, 118, 1.570042
387, 119, 1.334032
387, 120, 2.296070
387, 121, 3.606191
387, 122, 2.491351
387, 123, 0.346461
387, 124, 2.149924
387, 125, 4.265487
387, 126, 1.168230
387, 127, 0.838413
387, 128, 0.512008
387, 129, 0.074872
387, 130, 1.536905
387, 131, 1.765870
387, 132, 1.325371
387, 133, 0.903713
387, 134, 1.165754
387, 135, 0.744959
387, 136, 0.779886
387, 137, 1.604233
387, 138, 0.985482
387, 139, 0.937750
387, 140, 3.533797
387, 141, 2.066215
387, 142, 3.130817
387, 143, 1.931775
387, 144, 1.581656
387, 145, 1.267790
387, 146, 1.966183
387, 147, 3.811092
387, 148, 2.469827
387, 149, 3.525488
387, 150, 1.562608
387, 151, 1.924498
387, 152, 1.957541
387, 153, 0.000000
387, 154, 1.593774
387, 155, 2.281182
387, 156, -0.010000
387, 157, 3.011226
387, 158, 1.991819
387, 159, 1.073882
387, 160, 2.950525
387, 161, 2.045805
387, 162, 3.380132
387, 163, 2.510499
387, 164, 3.358030
387, 165, 2.996756
387, 166, 3.627052
387, 167, 1.409328
387, 168, 0.369980
387, 169, 1.762045
387, 170, 1.509260
387, 171, 2.811925
387, 172, 2.352028
387, 173, 2.683901
387, 174, 1.625574
387, 175, 1.067069
387, 176, 3.369254
387, 177, 2.493241
387, 178, 0.529260
387, 179, 3.034765
387, 180, 3.510676
387, 181, 0.965567
387, 182, 3.132624
387, 183, -0.040000
387, 184, 0.714158
387, 185, 1.880346
387, 186, 3.378878
387, 187, 0.000000
387, 188, 2.295209
387, 189, 2.980465
387, 190, 2.409982
387, 191, 0.717938
387, 192, 2.156181
387, 193, 2.742485
387, 194, 1.537435
387, 195, -0.255044
387, 196, 3.974542
387, 197, 2.381838
387, 198, 2.284599
387, 199, 1.452204
389, 0, 1.503664
389, 1, 1.547395
389, 2, 2.370033
389, 3, 1.150859
389, 4, -0.339888
389, 5, 1.956977
389, 6, 0.000000
389, 7, 1.279321
389, 8, 3.313306
389, 9, 1.717014
389, 10, 1.799201
389, 11, 2.271102
389, 12, 2.461874
389, 13, 0.000000
389, 14, 2.588323
389, 15, 2.519533
389, 16, 1.129258
389, 17, 3.231807
389, 18, 3.586941
389, 19, 2.609349
389, 20, 4.288796
389, 21, 0.436530
389, 22, 2.161510
389, 23, 1.270559
389, 24, 1.065771
389, 25, 2.046121
389, 26, 1.358960
389, 27, 0.812977
389, 28, 1.969500
389, 29, 1.913766
389, 30, 0.668950
389, 31, 2.583897
389, 32, -0.040000
389, 33, 2.780513
389, 34, 2.375445
389, 35, 2.601602
389, 36, 2.290434
389, 37, 1.607936
389, 38, 0.375477
389, 39, 1.565520
389, 40, 2.683111
389, 41, 1.719054
389, 42, 1.011686
389, 43, 1.442728
389, 44, 0.519650
389, 45, 1.415511
389, 46, 2.272611
389, 47, 1.415481
389, 48, 2.598125
389, 49, -0.160065
389, 50, 2.187935
389, 51, 0.700052
389, 52, 1.514256
389, 53, -0.000015
389, 54, 2.726036
389, 55, 3.168508
389, 56, 2.514068
389, 57, 2.952019
389, 58, 0.829374
389, 59, 1.691667
389, 60, 0.000000
389, 61, 1.402721
389, 62, 2.046885
389, 63, 1.722669
389, 64, 2.057648
389, 65, 3.486061
389, 66, 1.750670
389, 67, 2.514823
389, 68, 1.616038
389, 69, 2.722628
389, 70, 2.954979
389, 71, 2.587791
389, 72, 3.798070
389, 73, 3.209136
389, 74, 1.580833
389, 75, 1.934788
389, 76, 1.049166
389, 77, 1.420346
389, 78, 1.805377
389, 79, 2.797782
389, 80, 2.671305
389, 81, 1.791185
389, 82, -0.121043
389, 83, 1.218934
389, 84, 0.939994
389, 85, 2.945451
389, 86, 3.302267
389, 87, 2.334270
389, 88, 1.398646
389, 89, 0.544654
389, 90, 1.203635
389, 91, 1.387226
389, 92, 0.672629
389, 93, 2.681334
389, 94, 1.675721
389, 95, 0.917730
389, 96, 1.645690
389, 97, 4.306827
389, 98, 2.154871
389, 99, 1.159450
389, 100, 0.792004
389, 101, -0.031273
389, 102, 1.668115
389, 103, 0.000000
389, 104, 3.532404
389, 105, 2.750170
389, 106, 1.431670
389, 107, 1.930728
389, 108, 0.639675
389, 109, -0.016499
389, 110, 1.771988
389, 111, 0.853728
389, 112, 1.185186
389, 113, 3.533176
389, 114, 1.068332
389, 115, 1.901355
389, 116, 1.442276
389, 117, 2.341839
389, 118, 1.578600
389, 119, 1.334032
389, 120, 2.296070
389, 121, 3.701428
389, 122, 2.491351
389, 123, 0.346461
389, 124, 2.149924
389, 125, 4.280680
389, 126, 1.170858
389, 127, 0.838413
389, 128, 0.512008
389, 129, 0.074872
389, 130, 1.536905
389, 131, 1.765888
389, 132, 1.334838
389, 133, 0.903713
389, 134, 1.165754
389, 135, 0.744959
389, 136, 0.760066
389, 137, 1.603959
389, 138, 0.985482
389, 139, 0.937750
389, 140, 3.512362
389, 141, 2.066215
389, 142, 3.138048
389, 143, 1.936577
389, 144, 1.581656
389, 145, 1.238367
389, 146, 1.966183
389, 147, 3.867681
389, 148, 2.469827
389, 149, 3.525442
389, 150, 1.562608
389, 151, 1.921241
389, 152, 1.958660
389, 153, 0.000000
389, 154, 1.593774
389, 155, 2.281182
389, 156, -0.010000
389, 157, 3.011249
389, 158, 1.991819
389, 159, 1.087361
389, 160, 2.941810
389, 161, 1.970729
389, 162, 3.390530
389, 163, 2.510499
389, 164, 3.356832
389, 165, 2.995941
389, 166, 3.627204
389, 167, 1.409328
389, 168, 0.369980
389, 169, 1.762232
389, 170, 1.509260
389, 171, 2.791120
389, 172, 2.309937
389, 173, 2.673798
389, 174, 1.651572
389, 175, 1.067069
389, 176, 3.360446
389, 177, 2.497453
389, 178, 0.529260
389, 179, 3.030662
389, 180, 3.475019
389, 181, 0.965567
389, 182, 3.132624
389, 183, -0.040000
389, 184, 0.714158
389, 185, 1.880346
389, 186, 3.341534
389, 187, 0.000000
389, 188, 2.331269
389, 189, 2.940557
389, 190, 2.409982
389, 191, 0.717938
389, 192, 2.151904
389, 193, 2.742538
389, 194, 1.537436
389, 195, -0.255044
389, 196, 3.980193
389, 197, 2.379259
389, 198, 2.284587
389, 199, 1.452204
391, 0, 1.503664
391, 1, 1.547395
391, 2, 2.336574
391, 3, 1.150856
391, 4, -0.339888
391, 5, 1.958231
391, 6, 0.000000
391, 7, 1.280955
391, 8, 3.338187
391, 9, 1.717014
391, 10, 1.799200
391, 11, 2.271102
391, 12, 2.486881
391, 13, 0.000000
391, 14, 2.589143
391, 15, 2.499699
391, 16, 1.129258
391, 17, 3.229885
391, 18, 3.588898
391, 19, 2.600062
391, 20, 4.284090
391, 21, 0.436530
391, 22, 2.161510
391, 23, 1.270559
391, 24, 1.065771
391, 25, 2.046121
391, 26, 1.398116
391, 27, 0.812977
391, 28, 1.969504
391, 29, 1.911125
391, 30, 0.668950
391, 31, 2.605871
391, 32, -0.040000
391, 33, 2.720796
391, 34, 2.388276
391, 35, 2.602137
391, 36, 2.285251
391, 37, 1.679064
391, 38, 0.375477
391, 39, 1.565520
391, 40, 2.683111
391, 41, 1.719116
391, 42, 1.011686
391, 43, 1.442728
391, 44, 0.519650
391, 45, 1.414379
391, 46, 2.254141
391, 47, 1.415481
391, 48, 2.594594
391, 49, -0.160065
391, 50, 2.187935
391, 51, 0.700052
391, 52, 1.514256
391, 53, -0.000015
391, 54, 2.739370
391, 55, 3.170569
391, 56, 2.515822
391, 57, 2.952497
391, 58, 0.829374
391, 59, 1.691667
391, 60, 0.000000
391, 61, 1.402721
391, 62, 2.046886
391, 63, 1.722669
391, 64, 2.057648
391, 65, 3.472738
391, 66, 1.750670
391, 67, 2.514823
391, 68, 1.616038
391, 69, 2.722628
391, 70, 2.955235
391, 71, 2.590918
391, 72, 3.795882
391, 73, 3.216199
391, 74, 1.580833
391, 75, 1.934788
391, 76, 1.049166
391, 77, 1.420346
391, 78, 1.805377
391, 79, 2.797783
391, 80, 2.671814
391, 81, 1.800922
391, 82, -0.118998
391, 83, 1.218931
391, 84, 0.939994
391, 85, 2.945451
391, 86, 3.314250
391, 87, 2.334270
391, 88, 1.398646
391, 89, 0.544654
391, 90, 1.203632
391, 91, 1.369994
391, 92, 0.672629
391, 93, 2.681415
391, 94, 1.674784
391, 95, 0.896540
391, 96, 1.637709
391, 97, 4.305758
391, 98, 2.154908
391, 99, 1.159450
391, 100, 0.792004
391, 101, -0.031273
391, 102, 1.668115
391, 103, 0.000000
391, 104, 3.530992
391, 105, 2.742319
391, 106, 1.431670
391, 107, 1.930622
391, 108, 0.639675
391, 109, -0.016499
391, 110, 1.771988
391, 111, 0.857217
391, 112, 1.185186
391, 113, 3.554724
391, 114, 1.068332
391, 115, 1.922938
391, 116, 1.442276
391, 117, 2.347885
391, 118, 1.575751
391, 119, 1.334032
391, 120, 2.296070
391, 121, 3.647934
391, 122, 2.491351
391, 123, 0.346461
391, 124, 2.149923
391, 125, 4.283473
391, 126, 1.172584
391, 127, 0.838413
391, 128, 0.512008
391, 129, 0.074872
391, 130, 1.536905
391, 131, 1.765895
391, 132, 1.343904
391, 133, 0.903705
391, 134, 1.165754
391, 135, 0.744959
391, 136, 0.739760
391, 137, 1.603298
391, 138, 0.985482
391, 139, 0.937750
391, 140, 3.522404
391, 141, 2.066215
391, 142, 3.142131
391, 143, 1.935063
391, 144, 1.581656
391, 145, 1.238367
391, 146, 1.966183
391, 147, 3.861015
391, 148, 2.469827
391, 149, 3.524606
391, 150, 1.562608
391, 151, 1.919966
391, 152, 1.959773
391, 153, 0.000000
391, 154, 1.593774
391, 155, 2.281181
391, 156, -0.010000
391, 157, 3.008343
391, 158, 1.991819
391, 159, 1.085425
391, 160, 2.946330
391, 161, 2.048362
391, 162, 3.400602
391, 163, 2.511565
391, 164, 3.356856
391, 165, 2.995329
391, 166, 3.632144
391, 167, 1.409328
391, 168, 0.369980
391, 169, 1.762519
391, 170, 1.509260
391, 171, 2.816310
391, 172, 2.351196
391, 173, 2.662463
391, 174, 1.622789
391, 175, 1.067069
391, 176, 3.358194
391, 177, 2.489933
391, 178, 0.529260
391, 179, 3.047948
391, 180, 3.516137
391, 181, 0.965567
391, 182, 3.132624
391, 183, -0.040000
391, 184, 0.714158
391, 185, 1.880346
391, 186, 3.329290
391, 187, 0.000000
391, 188, 2.336976
391, 189, 2.976990
391, 190, 2.409982
391, 191, 0.717938
391, 192, 2.134833
391, 193, 2.742544
391, 194, 1.537434
391, 195, -0.255041
391, 196, 3.979423
391, 197, 2.390158
391, 198, 2.284574
391, 199, 1.452205
393, 0, 1.503664
393, 1, 1.547395
393, 2, 2.304780
393, 3, 1.150858
393, 4, -0.339888
393, 5, 1.961143
393, 6, 0.000000
393, 7, 1.281999
393, 8, 3.334553
393, 9, 1.717014
393, 10, 1.799201
393, 11, 2.271102
393, 12, 2.501120
393, 13, 0.000000
393, 14, 2.589020
393, 15, 2.533222
393, 16, 1.129258
393, 17, 3.229708
393, 18, 3.587827
393, 19, 2.594694
393, 20, 4.253669
393, 21, 0.436530
393, 22, 2.161510
393, 23, 1.270559
393, 24, 1.065771
393, 25, 2.046121
393, 26, 1.319059
393, 27, 0.812977
393, 28, 1.974442
393, 29, 1.909376
393, 30, 0.668950
393, 31, 2.615890
393, 32, -0.040000
393, 33, 2.741443
393, 34, 2.374187
393, 35, 2.601994
393, 36, 2.287668
393, 37, 1.701898
393, 38, 0.375477
393, 39, 1.565520
393, 40, 2.683111
393, 41, 1.719265
393, 42, 1.011686
393, 43, 1.442728
393, 44, 0.519650
393, 45, 1.414386
393, 46, 2.126873
393, 47, 1.415481
393, 48, 2.593510
393, 49, -0.160065
393, 50, 2.187935
393, 51, 0.700052
393, 52, 1.514256
393, 53, -0.000015
393, 54, 2.776107
393, 55, 3.170186
393, 56, 2.519577
393, 57, 2.952517
393, 58, 0.829374
393, 59, 1.691667
393, 60, 0.000000
393, 61, 1.402721
393, 62, 2.046886
393, 63, 1.722669
393, 64, 2.057648
393, 65, 3.458726
393, 66, 1.750670
393, 67, 2.514823
393, 68, 1.616038
393, 69, 2.722628
393, 70, 2.954949
393, 71, 2.582982
393, 72, 3.799223
393, 73, 3.219325
393, 74, 1.580833
393, 75, 1.934788
393, 76, 1.049166
393, 77, 1.420346
393, 78, 1.805377
393, 79, 2.797782
393, 80, 2.672689
393, 81, 1.824466
393, 82, -0.117562
393, 83, 1.218932
393, 84, 0.939994
393, 85, 2.945451
393, 86, 3.304837
393, 87, 2.334270
393, 88, 1.398646
393, 89, 0.544654
393, 90, 1.203631
393, 91, 1.364200
393, 92, 0.672629
393, 93, 2.689529
393, 94, 1.672047
393, 95, 0.874728
393, 96, 1.641888
393, 97, 4.291773
393, 98, 2.155229
393, 99, 1.159450
393, 100, 0.792004
393, 101, -0.031273
393, 102, 1.668115
393, 103, 0.000000
393, 104, 3.532317
393, 105, 2.749767
393, 106, 1.431670
393, 107, 1.927558
393, 108, 0.639675
393, 109, -0.016499
393, 110, 1.771988
393, 111, 0.859884
393, 112, 1.185186
393, 113, 3.555036
393, 114, 1.068332
393, 115, 1.947133
393, 116, 1.442276
393, 117, 2.355583
393, 118, 1.586409
393, 119, 1.334032
393, 120, 2.296070
393, 121, 3.671573
393, 122, 2.491351
393, 123, 0.346461
393, 124, 2.149924
393, 125, 4.288981
393, 126, 1.173769
393, 127, 0.838413
393, 128, 0.512008
393, 129, 0.074872
393, 130, 1.536904
393, 131, 1.765899
393, 132, 1.352664
393, 133, 0.903717
393, 134, 1.165754
393, 135, 0.744959
393, 136, 0.719118
393, 137, 1.602421
393, 138, 0.985482
393, 139, 0.937750
393, 140, 3.513893
393, 141, 2.066115
393, 142, 3.148162
393, 143, 1.938519
393, 144, 1.581656
393, 145, 1.208066
393, 146, 1.966183
393, 147, 3.889948
393, 148, 2.469827
393, 149, 3.525485
393, 150, 1.562608
393, 151, 1.919381
393, 152, 1.960885
393, 153, 0.000000
393, 154, 1.593774
393, 155, 2.281212
393, 156, -0.010000
393, 157, 3.008362
393, 158, 1.991819
393, 159, 1.078532
393, 160, 2.923713
393, 161, 1.957102
393, 162, 3.410506
393, 163, 2.511565
393, 164, 3.357438
393, 165, 2.994711
393, 166, 3.631591
393, 167, 1.409328
393, 168, 0.369980
393, 169, 1.762779
393, 170, 1.509260
393, 171, 2.807244
393, 172, 2.311866
393, 173, 2.650969
393, 174, 1.662117
393, 175, 1.067069
393, 176, 3.358194
393, 177, 2.488890
393, 178, 0.529260
393, 179, 3.054285
393, 180, 3.510921
393, 181, 0.965567
393, 182, 3.132624
393, 183, -0.040000
393, 184, 0.714158
393, 185, 1.880345
393, 186, 3.355939
393, 187, 0.000000
393, 188, 2.309390
393, 189, 2.997983
393, 190, 2.409982
393, 191, 0.717938
393, 192, 2.155199
393, 193, 2.743440
393, 194, 1.537438
393, 195, -0.255042
393, 196, 3.980977
393, 197, 2.381488
393, 198, 2.284506
393, 199, 1.452204
395, 0, 1.503664
395, 1, 1.547395
395, 2, 2.279353
395, 3, 1.150858
395, 4, -0.339888
395, 5, 1.962324
395, 6, 0.000000
395, 7, 1.282665
395, 8, 3.350486
395, 9, 1.717014
395, 10, 1.799201
395, 11, 2.271102
395, 12, 2.505669
395, 13, 0.000000
395, 14, 2.589137
395, 15, 2.530915
395, 16, 1.129258
395, 17, 3.227972
395, 18, 3.587531
395, 19, 2.593091
395, 20, 4.292349
395, 21, 0.436530
395, 22, 2.161510
395, 23, 1.270559
395, 24, 1.065771
395, 25, 2.046121
395, 26, 1.350626
395, 27, 0.812977
395, 28, 1.977809
395, 29, 1.912379
395, 30, 0.668950
395, 31, 2.617972
395, 32, -0.040000
395, 33, 2.752751
395, 34, 2.344366
395, 35, 2.602026
395, 36, 2.288704
395, 37, 1.464430
395, 38, 0.375477
395, 39, 1.565520
395, 40, 2.683111
395, 41, 1.719418
395, 42, 1.011686
395, 43, 1.442728
395, 44, 0.519650
395, 45, 1.417134
395, 46, 2.171139
395, 47, 1.415481
395, 48, 2.595069
395, 49, -0.160065
395, 50, 2.187935
395, 51, 0.700052
395, 52, 1.514256
395, 53, -0.000015
395, 54, 2.730599
395, 55, 3.171176
395, 56, 2.511831
395, 57, 2.952653
395, 58, 0.829374
395, 59, 1.691667
395, 60, 0.000000
395, 61, 1.402721
395, 62, 2.046885
395, 63, 1.722669
395, 64, 2.057648
395, 65, 3.473574
395, 66, 1.750670
395, 67, 2.514823
395, 68, 1.616038
395, 69, 2.722628
395, 70, 2.951842
395, 71, 2.583010
395, 72, 3.799263
395, 73, 3.219957
395, 74, 1.580833
395, 75, 1.934788
395, 76, 1.049166
395, 77, 1.420346
395, 78, 1.805377
395, 79, 2.797782
395, 80, 2.672777
395, 81, 1.837143
395, 82, -0.119379
395, 83, 1.218933
395, 84, 0.939994
395, 85, 2.945451
395, 86, 3.305076
395, 87, 2.334270
395, 88, 1.398646
395, 89, 0.544654
395, 90, 1.203631
395, 91, 1.369255
395, 92, 0.672629
395, 93, 2.628586
395, 94, 1.675439
395, 95, 0.899724
395, 96, 1.645314
395, 97, 4.302485
395, 98, 2.161057
395, 99, 1.159450
395, 100, 0.792004
395, 101, -0.031273
395, 102, 1.668115
395, 103, 0.000000
395, 104, 3.530869
395, 105, 2.741709
395, 106, 1.431670
395, 107, 1.921796
395, 108, 0.639675
395, 109, -0.016499
395, 110, 1.771988
395, 111, 0.824027
395, 112, 1.185186
395, 113, 3.545394
395, 114, 1.068332
395, 115, 1.973187
395, 116, 1.442276
395, 117, 2.359097
395, 118, 1.573427
395, 119, 1.334032
395, 120, 2.296069
395, 121, 3.605598
395, 122, 2.491351
395, 123, 0.346461
395, 124, 2.149924
395, 125, 4.267233
395, 126, 1.175373
395, 127, 0.838413
395, 128, 0.512023
395, 129, 0.074872
395, 130, 1.536904
395, 131, 1.765900
395, 132, 1.361148
395, 133, 0.903716
395, 134, 1.165754
395, 135, 0.744959
395, 136, 0.698191
395, 137, 1.601763
395, 138, 0.985482
395, 139, 0.937750
395, 140, 3.519055
395, 141, 2.066115
395, 142, 3.153392
395, 143, 1.931361
395, 144, 1.581656
395, 145, 1.208066
395, 146, 1.966183
395, 147, 3.886833
395, 148, 2.469827
395, 149, 3.524948
395, 150, 1.562608
395, 151, 1.922662
395, 152, 1.961996
395, 153, 0.000000
395, 154, 1.593774
395, 155, 2.281233
395, 156, -0.010000
395, 157, 3.011694
395, 158, 1.991819
395, 159, 1.078697
395, 160, 2.945172
395, 161, 2.040172
395, 162, 3.420227
395, 163, 2.510499
395, 164, 3.356856
395, 165, 2.995084
395, 166, 3.634732
395, 167, 1.409328
395, 168, 0.369980
395, 169, 1.762698
395, 170, 1.509260
395, 171, 2.819626
395, 172, 2.345908
395, 173, 2.639558
395, 174, 1.632807
395, 175, 1.067069
395, 176, 3.361538
395, 177, 2.494413
395, 178, 0.529260
395, 179, 3.049707
395, 180, 3.489562
395, 181, 0.965567
395, 182, 3.132624
395, 183, -0.040000
395, 184, 0.714158
395, 185, 1.880345
395, 186, 3.346434
395, 187, 0.000000
395, 188, 2.268868
395, 189, 2.812039
395, 190, 2.409982
395, 191, 0.717938
395, 192, 2.139820
395, 193, 2.741332
395, 194, 1.537439
395, 195, -0.255043
395, 196, 3.982474
395, 197, 2.382157
395, 198, 2.284479
395, 199, 1.452205
397, 0, 1.503664
397, 1, 1.547396
397, 2, 2.256306
397, 3, 1.150859
397, 4, -0.339888
397, 5, 1.962463
397, 6, 0.000000
397, 7, 1.283089
397, 8, 3.361976
397, 9, 1.717014
397, 10, 1.799201
397, 11, 2.271102
397, 12, 2.504010
397, 13, 0.000000
397, 14, 2.589320
397, 15, 2.548695
397, 16, 1.129258
397, 17, 3.231695
397, 18, 3.588725
397, 19, 2.594182
397, 20, 4.284587
397, 21, 0.436530
397, 22, 2.161510
397, 23, 1.270559
397, 24, 1.065771
397, 25, 2.046121
397, 26, 1.373843
397, 27, 0.812977
397, 28, 1.979909
397, 29, 1.912445
397, 30, 0.668950
397, 31, 2.615028
397, 32, -0.040000
397, 33, 2.751172
397, 34, 2.388561
397, 35, 2.602104
397, 36, 2.287704
397, 37, 1.606368
397, 38, 0.375477
397, 39, 1.565520
397, 40, 2.683111
397, 41, 1.719580
397, 42, 1.011686
397, 43, 1.442728
397, 44, 0.519650
397, 45, 1.417196
397, 46, 2.203532
397, 47, 1.415481
397, 48, 2.596534
397, 49, -0.160065
397, 50, 2.187935
397, 51, 0.700052
397, 52, 1.514256
397, 53, -0.000015
397, 54, 2.743055
397, 55, 3.170390
397, 56, 2.512217
397, 57, 2.952820
397, 58, 0.829374
397, 59, 1.691667
397, 60, 0.000000
397, 61, 1.402721
397, 62, 2.046885
397, 63, 1.722669
397, 64, 2.057648
397, 65, 3.481955
397, 66, 1.750670
397, 67, 2.514823
397, 68, 1.616038
397, 69, 2.722628
397, 70, 2.953306
397, 71, 2.583021
397, 72, 3.798566
397, 73, 3.219013
397, 74, 1.580833
397, 75, 1.934788
397, 76, 1.049166
397, 77, 1.420346
397, 78, 1.805377
397, 79, 2.797782
397, 80, 2.672537
397, 81, 1.834791
397, 82, -0.119354
397, 83, 1.218933
397, 84, 0.939994
397, 85, 2.945451
397, 86, 3.311848
397, 87, 2.334270
397, 88, 1.398646
397, 89, 0.544654
397, 90, 1.203632
397, 91, 1.362599
397, 92, 0.672629
397, 93, 2.671608
397, 94, 1.673494
397, 95, 0.899593
397, 96, 1.647791
397, 97, 4.303461
397, 98, 2.166477
397, 99, 1.159450
397, 100, 0.792004
397, 101, -0.031273
397, 102, 1.668115
397, 103, 0.000000
397, 104, 3.527771
397, 105, 2.727746
397, 106, 1.431670
397, 107, 1.936146
397, 108, 0.639675
397, 109, -0.016499
397, 110, 1.771988
397, 111, 0.825732
397, 112, 1.185186
397, 113, 3.554742
397, 114, 1.068332
397, 115, 1.998156
397, 116, 1.442276
397, 117, 2.359978
397, 118, 1.562978
397, 119, 1.334032
397, 120, 2.296070
397, 121, 3.672267
397, 122, 2.491351
397, 123, 0.346461
397, 124, 2.149924
397, 125, 4.289246
397, 126, 1.176689
397, 127, 0.838413
397, 128, 0.513380
397, 129, 0.074872
397, 130, 1.536904
397, 131, 1.765901
397, 132, 1.369371
397, 133, 0.903715
397, 134, 1.165754
397, 135, 0.744959
397, 136, 0.677006
397, 137, 1.601001
397, 138, 0.985482
397, 139, 0.937750
397, 140, 3.520515
397, 141, 2.066115
397, 142, 3.157394
397, 143, 1.935640
397, 144, 1.581656
397, 145, 1.208066
397, 146, 1.966183
397, 147, 3.875963
397, 148, 2.469827
397, 149, 3.525425
397, 150, 1.562608
397, 151, 1.920346
397, 152, 1.963104
397, 153, 0.000000
397, 154, 1.593774
397, 155, 2.281244
397, 156, -0.010000
397, 157, 3.007400
397, 158, 1.991819
397, 159, 1.073994
397, 160, 2.940083
397, 161, 2.009384
397, 162, 3.429182
397, 163, 2.510499
397, 164, 3.356859
397, 165, 2.995109
397, 166, 3.626843
397, 167, 1.409328
397, 168, 0.369980
397, 169, 1.762607
397, 170, 1.509260
397, 171, 2.804957
397, 172, 2.339492
397, 173, 2.628264
397, 174, 1.635114
397, 175, 1.067069
397, 176, 3.358564
397, 177, 2.492887
397, 178, 0.529260
397, 179, 3.048931
397, 180, 3.514279
397, 181, 0.965567
397, 182, 3.132624
397, 183, -0.040000
397, 184, 0.714158
397, 185, 1.880346
397, 186, 3.368847
397, 187, 0.000000
397, 188, 2.244612
397, 189, 2.882418
397, 190, 2.409982
397, 191, 0.717938
397, 192, 2.162020
397, 193, 2.736463
397, 194, 1.537438
397, 195, -0.255044
397, 196, 3.977600
397, 197, 2.382256
397, 198, 2.284428
397, 199, 1.452204
399, 0, 1.503664
399, 1, 1.547395
399, 2, 2.230851
399, 3, 1.150859
399, 4, -0.339888
399, 5, 1.963488
399, 6, 0.000000
399, 7, 1.283360
399, 8, 3.350540
399, 9, 1.717014
399, 10, 1.799201
399, 11, 2.271102
399, 12, 2.502403
399, 13, 0.000000
399, 14, 2.589353
399, 15, 2.551709
399, 16, 1.129258
399, 17, 3.227319
399, 18, 3.585545
399, 19, 2.593091
399, 20, 4.267599
399, 21, 0.436530
399, 22, 2.161510
399, 23, 1.270559
399, 24, 1.065771
399, 25, 2.046121
399, 26, 1.304803
399, 27, 0.812977
399, 28, 1.980083
399, 29, 1.909663
399, 30, 0.668950
399, 31, 2.612219
399, 32, -0.040000
399, 33, 2.757042
399, 34, 2.334504
399, 35, 2.602076
399, 36, 2.287182
399, 37, 1.688995
399, 38, 0.375477
399, 39, 1.565520
399, 40, 2.683111
399, 41, 1.719766
399, 42, 1.011686
399, 43, 1.442728
399, 44, 0.519650
399, 45, 1.414384
399, 46, 2.249232
399, 47, 1.415481
399, 48, 2.592603
399, 49, -0.160065
399, 50, 2.187935
399, 51, 0.700052
399, 52, 1.514256
399, 53, -0.000015
399, 54, 2.716433
399, 55, 3.169853
399, 56, 2.523741
399, 57, 2.952914
399, 58, 0.829374
399, 59, 1.691667
399, 60, 0.000000
399, 61, 1.402721
399, 62, 2.046885
399, 63, 1.722669
399, 64, 2.057648
399, 65, 3.470997
399, 66, 1.750670
399, 67, 2.514823
399, 68, 1.616038
399, 69, 2.722628
399, 70, 2.949471
399, 71, 2.584481
399, 72, 3.799047
399, 73, 3.218096
399, 74, 1.580833
399, 75, 1.934788
399, 76, 1.049166
399, 77, 1.420346
399, 78, 1.805377
399, 79, 2.797782
399, 80, 2.672631
399, 81, 1.832234
399, 82, -0.117535
399, 83, 1.218934
399, 84, 0.939994
399, 85, 2.945451
399, 86, 3.322789
399, 87, 2.334270
399, 88, 1.398646
399, 89, 0.544654
399, 90, 1.203633
399, 91, 1.346952
399, 92, 0.672629
399, 93, 2.674536
399, 94, 1.670622
399, 95, 0.896236
399, 96, 1.645024
399, 97, 4.287560
399, 98, 2.161708
399, 99, 1.159450
399, 100, 0.792004
399, 101, -0.031273
399, 102, 1.668115
399, 103, 0.000000
399, 104, 3.532858
399, 105, 2.788036
399, 106, 1.431670
399, 107, 1.965614
399, 108, 0.639675
399, 109, -0.016499
399, 110, 1.771988
399, 111, 0.827496
399, 112, 1.185186
399, 113, 3.554334
399, 114, 1.068332
399, 115, 2.016604
399, 116, 1.442276
399, 117, 2.359978
399, 118, 1.578871
399, 119, 1.334032
399, 120, 2.296070
399, 121, 3.647630
399, 122, 2.491351
399, 123, 0.346461
399, 124, 2.149924
399, 125, 4.282961
399, 126, 1.177969
399, 127, 0.838413
399, 128, 0.516093
399, 129, 0.074872
399, 130, 1.536904
399, 131, 1.765902
399, 132, 1.377338
399, 133, 0.903715
399, 134, 1.165754
399, 135, 0.744959
399, 136, 0.655576
399, 137, 1.600251
399, 138, 0.985482
399, 139, 0.937750
399, 140, 3.512981
399, 141, 2.066115
399, 142, 3.157312
399, 143, 1.944410
399, 144, 1.581656
399, 145, 1.208066
399, 146, 1.966183
399, 147, 3.903795
399, 148, 2.469827
399, 149, 3.525223
399, 150, 1.562608
399, 151, 1.922116
399, 152, 1.964212
399, 153, 0.000000
399, 154, 1.593774
399, 155, 2.281249
399, 156, -0.010000
399, 157, 3.010584
399, 158, 1.991819
399, 159, 1.082288
399, 160, 2.914530
399, 161, 2.064929
399, 162, 3.437847
399, 163, 2.510499
399, 164, 3.356859
399, 165, 2.994268
399, 166, 3.629043
399, 167, 1.409328
399, 168, 0.369980
399, 169, 1.762692
399, 170, 1.509260
399, 171, 2.801131
399, 172, 2.339241
399, 173, 2.615699
399, 174, 1.718801
399, 175, 1.067069
399, 176, 3.361318
399, 177, 2.488357
399, 178, 0.529260
399, 179, 3.037027
399, 180, 3.511802
399, 181, 0.965567
399, 182, 3.132624
399, 183, -0.040000
399, 184, 0.714158
399, 185, 1.880346
399, 186, 3.357450
399, 187, 0.000000
399, 188, 2.228471
399, 189, 2.861484
399, 190, 2.409982
399, 191, 0.717938
399, 192, 2.145007
399, 193, 2.742151
399, 194, 1.537438
399, 195, -0.255044
399, 196, 3.983057
399, 197, 2.386755
399, 198, 2.284375
399, 199, 1.452204
401, 0, 1.503664
401, 1, 1.547395
401, 2, 2.180568
401, 3, 1.150856
401, 4, -0.339888
401, 5, 1.963764
401, 6, 0.000000
401, 7, 1.283530
401, 8, 3.375019
401, 9, 1.717014
401, 10, 1.799200
401, 11, 2.271101
401, 12, 2.524539
401, 13, 0.000000
401, 14, 2.589346
401, 15, 2.504634
401, 16, 1.129258
401, 17, 3.208196
401, 18, 3.588103
401, 19, 2.593091
401, 20, 4.293580
401, 21, 0.436530
401, 22, 2.161510
401, 23, 1.270559
401, 24, 1.065771
401, 25, 2.046121
401, 26, 1.330345
401, 27, 0.812977
401, 28, 1.981324
401, 29, 1.913352
401, 30, 0.668950
401, 31, 2.632746
401, 32, -0.040000
401, 33, 2.730963
401, 34, 2.381338
401, 35, 2.602020
401, 36, 2.288081
401, 37, 1.711643
401, 38, 0.375477
401, 39, 1.565520
401, 40, 2.683111
401, 41, 1.719882
401, 42, 1.011686
401, 43, 1.442728
401, 44, 0.519650
401, 45, 1.418725
401, 46, 2.236677
401, 47, 1.415481
401, 48, 2.592655
401, 49, -0.160065
401, 50, 2.187935
401, 51, 0.700052
401, 52, 1.514256
401, 53, -0.000015
401, 54, 2.735752
401, 55, 3.169847
401, 56, 2.526125
401, 57, 2.952992
401, 58, 0.829374
401, 59, 1.691667
401, 60, 0.000000
401, 61, 1.402721
401, 62, 2.046886
401, 63, 1.722669
401, 64, 2.057648
401, 65, 3.472028
401, 66, 1.750670
401, 67, 2.514823
401, 68, 1.616038
401, 69, 2.722628
401, 70, 2.954811
401, 71, 2.583026
401, 72, 3.799445
401, 73, 3.224708
401, 74, 1.580833
401, 75, 1.934788
401, 76, 1.049166
401, 77, 1.420346
401, 78, 1.805377
401, 79, 2.797783
401, 80, 2.672401
401, 81, 1.833163
401, 82, -0.119629
401, 83, 1.218931
401, 84, 0.939994
401, 85, 2.945451
401, 86, 3.291903
401, 87, 2.334270
401, 88, 1.398646
401, 89, 0.544654
401, 90, 1.203632
401, 91, 1.382130
401, 92, 0.672629
401, 93, 2.637608
401, 94, 1.672862
401, 95, 0.915958
401, 96, 1.643280
401, 97, 4.307115
401, 98, 2.137672
401, 99, 1.159450
401, 100, 0.792004
401, 101, -0.031273
401, 102, 1.668115
401, 103, 0.000000
401, 104, 3.533374
401, 105, 2.785602
401, 106, 1.431670
401, 107, 1.942173
401, 108, 0.639675
401, 109, -0.016499
401, 110, 1.771988
401, 111, 0.828575
401, 112, 1.185186
401, 113, 3.527758
401, 114, 1.068332
401, 115, 2.030917
401, 116, 1.442276
401, 117, 2.359978
401, 118, 1.581079
401, 119, 1.334032
401, 120, 2.296069
401, 121, 3.676767
401, 122, 2.491351
401, 123, 0.346461
401, 124, 2.149925
401, 125, 4.288721
401, 126, 1.179282
401, 127, 0.838413
401, 128, 0.519667
401, 129, 0.074872
401, 130, 1.536905
401, 131, 1.765901
401, 132, 1.391796
401, 133, 0.903715
401, 134, 1.165754
401, 135, 0.744959
401, 136, 0.660340
401, 137, 1.599542
401, 138, 0.985482
401, 139, 0.937750
401, 140, 3.499816
401, 141, 2.066043
401, 142, 3.153219
401, 143, 1.945685
401, 144, 1.581656
401, 145, 1.208066
401, 146, 1.966183
401, 147, 3.886368
401, 148, 2.469827
401, 149, 3.525486
401, 150, 1.562608
401, 151, 1.922308
401, 152, 1.994479
401, 153, 0.000000
401, 154, 1.593774
401, 155, 2.281273
401, 156, -0.010000
401, 157, 3.010588
401, 158, 1.991819
401, 159, 1.081271
401, 160, 2.865148
401, 161, 2.035364
401, 162, 3.445391
401, 163, 2.510499
401, 164, 3.356860
401, 165, 2.995602
401, 166, 3.632216
401, 167, 1.409328
401, 168, 0.369980
401, 169, 1.762888
401, 170, 1.509260
401, 171, 2.809590
401, 172, 2.346251
401, 173, 2.603062
401, 174, 1.793090
401, 175, 1.049324
401, 176, 3.361318
401, 177, 2.496670
401, 178, 0.529260
401, 179, 3.041006
401, 180, 3.471953
401, 181, 0.965567
401, 182, 3.132624
401, 183, -0.040000
401, 184, 0.714158
401, 185, 1.880346
401, 186, 3.358493
401, 187, 0.000000
401, 188, 2.228471
401, 189, 2.930974
401, 190, 2.409982
401, 191, 0.717938
401, 192, 2.157997
401, 193, 2.743368
401, 194, 1.537438
401, 195, -0.255041
401, 196, 3.972719
401, 197, 2.386755
401, 198, 2.284330
401, 199, 1.452205
403, 0, 1.503664
403, 1, 1.547395
403, 2, 2.146529
403, 3, 1.150858
403, 4, -0.339888
403, 5, 1.962120
403, 6, 0.000000
403, 7, 1.283640
403, 8, 3.355430
403, 9, 1.717014
403, 10, 1.799201
403, 11, 2.271102
403, 12, 2.537663
403, 13, 0.000000
403, 14, 2.589334
403, 15, 2.460862
403, 16, 1.129258
403, 17, 3.229930
403, 18, 3.587214
403, 19, 2.593091
403, 20, 4.271865
403, 21, 0.436530
403, 22, 2.161510
403, 23, 1.270559
403, 24, 1.065771
403, 25, 2.046121
403, 26, 1.369769
403, 27, 0.812977
403, 28, 1.982102
403, 29, 1.912846
403, 30, 0.668950
403, 31, 2.641711
403, 32, -0.040000
403, 33, 2.719653
403, 34, 2.404808
403, 35, 2.601959
403, 36, 2.288829
403, 37, 1.718959
403, 38, 0.375477
403, 39, 1.565520
403, 40, 2.683111
403, 41, 1.720069
403, 42, 1.011686
403, 43, 1.442728
403, 44, 0.519650
403, 45, 1.418269
403, 46, 2.236043
403, 47, 1.415481
403, 48, 2.591804
403, 49, -0.160065
403, 50, 2.187935
403, 51, 0.700052
403, 52, 1.514256
403, 53, -0.000015
403, 54, 2.780921
403, 55, 3.170496
403, 56, 2.520711
403, 57, 2.953063
403, 58, 0.829374
403, 59, 1.691667
403, 60, 0.000000
403, 61, 1.402721
403, 62, 2.046886
403, 63, 1.722669
403, 64, 2.057648
403, 65, 3.467394
403, 66, 1.750670
403, 67, 2.514823
403, 68, 1.616038
403, 69, 2.722628
403, 70, 2.954410
403, 71, 2.583028
403, 72, 3.799434
403, 73, 3.227439
403, 74, 1.580833
403, 75, 1.934788
403, 76, 1.049166
403, 77, 1.420346
403, 78, 1.805377
403, 79, 2.797782
403, 80, 2.671402
403, 81, 1.801030
403, 82, -0.119237
403, 83, 1.218932
403, 84, 0.939994
403, 85, 2.945451
403, 86, 3.309306
403, 87, 2.334270
403, 88, 1.398646
403, 89, 0.544654
403, 90, 1.203633
403, 91, 1.364554
403, 92, 0.672629
403, 93, 2.652485
403, 94, 1.664473
403, 95, 0.933278
403, 96, 1.644768
403, 97, 4.307222
403, 98, 2.145251
403, 99, 1.159450
403, 100, 0.792004
403, 101, -0.031273
403, 102, 1.668115
403, 103, 0.000000
403, 104, 3.532862
403, 105, 2.788113
403, 106, 1.431670
403, 107, 1.915610
403, 108, 0.639675
403, 109, -0.016499
403, 110, 1.771988
403, 111, 0.828359
403, 112, 1.185186
403, 113, 3.552069
403, 114, 1.068332
403, 115, 2.040316
403, 116, 1.442276
403, 117, 2.359978
403, 118, 1.569619
403, 119, 1.334032
403, 120, 2.296070
403, 121, 3.691214
403, 122, 2.491351
403, 123, 0.346461
403, 124, 2.149925
403, 125, 4.287569
403, 126, 1.180692
403, 127, 0.838413
403, 128, 0.525863
403, 129, 0.074872
403, 130, 1.536904
403, 131, 1.765901
403, 132, 1.405647
403, 133, 0.903715
403, 134, 1.165754
403, 135, 0.744959
403, 136, 0.655139
403, 137, 1.598903
403, 138, 0.985482
403, 139, 0.937750
403, 140, 3.504983
403, 141, 2.066043
403, 142, 3.158797
403, 143, 1.939462
403, 144, 1.581656
403, 145, 1.208066
403, 146, 1.966183
403, 147, 3.910430
403, 148, 2.469827
403, 149, 3.525419
403, 150, 1.562608
403, 151, 1.925740
403, 152, 1.996640
403, 153, 0.000000
403, 154, 1.593774
403, 155, 2.281291
403, 156, -0.010000
403, 157, 3.007389
403, 158, 1.991819
403, 159, 1.081271
403, 160, 2.925601
403, 161, 2.052061
403, 162, 3.451348
403, 163, 2.510499
403, 164, 3.356860
403, 165, 2.995812
403, 166, 3.630341
403, 167, 1.409328
403, 168, 0.369980
403, 169, 1.762616
403, 170, 1.509260
403, 171, 2.816738
403, 172, 2.350956
403, 173, 2.589971
403, 174, 1.778094
403, 175, 1.049324
403, 176, 3.361318
403, 177, 2.486454
403, 178, 0.529260
403, 179, 3.041567
403, 180, 3.518461
403, 181, 0.965567
403, 182, 3.132624
403, 183, -0.040000
403, 184, 0.714158
403, 185, 1.880346
403, 186, 3.361869
403, 187, 0.000000
403, 188, 2.212076
403, 189, 2.992533
403, 190, 2.409982
403, 191, 0.717938
403, 192, 2.162258
403, 193, 2.740986
403, 194, 1.537437
403, 195, -0.255042
403, 196, 3.982387
403, 197, 2.386755
403, 198, 2.284290
403, 199, 1.452205
405, 0, 1.503664
405, 1, 1.547395
405, 2, 2.163568
405, 3, 1.150858
405, 4, -0.339888
405, 5, 1.961900
405, 6, 0.000000
405, 7, 1.283711
405, 8, 3.355458
405, 9, 1.717014
405, 10, 1.799201
405, 11, 2.271102
405, 12, 2.530910
405, 13, 0.000000
405, 14, 2.589319
405, 15, 2.330501
405, 16, 1.129258
405, 17, 3.224394
405, 18, 3.586659
405, 19, 2.594481
405, 20, 4.254208
405, 21, 0.436530
405, 22, 2.165192
405, 23, 1.270559
405, 24, 1.065771
405, 25, 2.046121
405, 26, 1.431343
405, 27, 0.812977
405, 28, 1.982588
405, 29, 1.907158
405, 30, 0.668950
405, 31, 2.634189
405, 32, -0.040000
405, 33, 2.744920
405, 34, 2.327991
405, 35, 2.601898
405, 36, 2.290056
405, 37, 1.768972
405, 38, 0.375477
405, 39, 1.565520
405, 40, 2.683111
405, 41, 1.720241
405, 42, 1.011686
405, 43, 1.442728
405, 44, 0.519650
405, 45, 1.417314
405, 46, 2.233101
405, 47, 1.415481
405, 48, 2.594976
405, 49, -0.160065
405, 50, 2.187935
405, 51, 0.700052
405, 52, 1.514256
405, 53, -0.000015
405, 54, 2.723884
405, 55, 3.169973
405, 56, 2.525815
405, 57, 2.953132
405, 58, 0.829374
405, 59, 1.691667
405, 60, 0.000000
405, 61, 1.402721
405, 62, 2.046885
405, 63, 1.722669
405, 64, 2.057648
405, 65, 3.458866
405, 66, 1.750670
405, 67, 2.514823
405, 68, 1.616038
405, 69, 2.722628
405, 70, 2.950050
405, 71, 2.583028
405, 72, 3.799309
405, 73, 3.225221
405, 74, 1.580833
405, 75, 1.934788
405, 76, 1.049166
405, 77, 1.420346
405, 78, 1.805377
405, 79, 2.797782
405, 80, 2.671693
405, 81, 1.774485
405, 82, -0.114905
405, 83, 1.218933
405, 84, 0.939994
405, 85, 2.945451
405, 86, 3.308439
405, 87, 2.334270
405, 88, 1.398646
405, 89, 0.544654
405, 90, 1.203634
405, 91, 1.353159
405, 92, 0.672629
405, 93, 2.670091
405, 94, 1.672821
405, 95, 0.924914
405, 96, 1.647752
405, 97, 4.288096
405, 98, 2.146866
405, 99, 1.159450
405, 100, 0.792004
405, 101, -0.031273
405, 102, 1.668115
405, 103, 0.000000
405, 104, 3.533369
405, 105, 2.785629
405, 106, 1.431670
405, 107, 1.912672
405, 108, 0.639675
405, 109, -0.016499
405, 110, 1.771988
405, 111, 0.828239
405, 112, 1.185186
405, 113, 3.553834
405, 114, 1.068332
405, 115, 2.076382
405, 116, 1.442276
405, 117, 2.359978
405, 118, 1.572052
405, 119, 1.334032
405, 120, 2.296069
405, 121, 3.609777
405, 122, 2.491351
405, 123, 0.346461
405, 124, 2.149924
405, 125, 4.265473
405, 126, 1.182066
405, 127, 0.838413
405, 128, 0.534267
405, 129, 0.074872
405, 130, 1.536904
405, 131, 1.765901
405, 132, 1.407585
405, 133, 0.903715
405, 134, 1.165754
405, 135, 0.744959
405, 136, 0.621104
405, 137, 1.598271
405, 138, 0.985482
405, 139, 0.937750
405, 140, 3.512398
405, 141, 2.066043
405, 142, 3.160428
405, 143, 1.938398
405, 144, 1.581656
405, 145, 1.208066
405, 146, 1.966183
405, 147, 3.892206
405, 148, 2.469827
405, 149, 3.525197
405, 150, 1.562608
405, 151, 1.926089
405, 152, 2.049019
405, 153, 0.000000
405, 154, 1.593774
405, 155, 2.281299
405, 156, -0.010000
405, 157, 3.013160
405, 158, 1.991819
405, 159, 1.081271
405, 160, 2.901583
405, 161, 2.052061
405, 162, 3.447994
405, 163, 2.510499
405, 164, 3.357579
405, 165, 2.996017
405, 166, 3.633758
405, 167, 1.409328
405, 168, 0.369980
405, 169, 1.762512
405, 170, 1.509260
405, 171, 2.805366
405, 172, 2.351766
405, 173, 2.586423
405, 174, 1.844055
405, 175, 1.053328
405, 176, 3.363294
405, 177, 2.493068
405, 178, 0.529260
405, 179, 3.042760
405, 180, 3.513965
405, 181, 0.965567
405, 182, 3.132624
405, 183, -0.040000
405, 184, 0.714158
405, 185, 1.880346
405, 186, 3.361900
405, 187, 0.000000
405, 188, 2.212076
405, 189, 3.011188
405, 190, 2.409982
405, 191, 0.717938
405, 192, 2.144444
405, 193, 2.743235
405, 194, 1.537437
405, 195, -0.255043
405, 196, 3.976654
405, 197, 2.386093
405, 198, 2.284255
405, 199, 1.452205
407, 0, 1.503664
407, 1, 1.547396
407, 2, 2.151179
407, 3, 1.150859
407, 4, -0.339888
407, 5, 1.961836
407, 6, 0.000000
407, 7, 1.283756
407, 8, 3.365089
407, 9, 1.717014
407, 10, 1.799201
407, 11, 2.271102
407, 12, 2.526297
407, 13, 0.000000
407, 14, 2.588766
407, 15, 2.343455
407, 16, 1.129258
407, 17, 3.231390
407, 18, 3.588457
407, 19, 2.593091
407, 20, 4.284889
407, 21, 0.436530
407, 22, 2.161510
407, 23, 1.270559
407, 24, 1.065771
407, 25, 2.046121
407, 26, 1.485883
407, 27, 0.812977
407, 28, 1.979177
407, 29, 1.906254
407, 30, 0.668950
407, 31, 2.628651
407, 32, -0.040000
407, 33, 2.706083
407, 34, 2.376501
407, 35, 2.601452
407, 36, 2.293256
407, 37, 1.679720
407, 38, 0.375477
407, 39, 1.565520
407, 40, 2.691563
407, 41, 1.720340
407, 42, 1.011686
407, 43, 1.442728
407, 44, 0.519650
407, 45, 1.416501
407, 46, 2.225428
407, 47, 1.415481
407, 48, 2.593855
407, 49, -0.160065
407, 50, 2.187935
407, 51, 0.700052
407, 52, 1.514256
407, 53, -0.000015
407, 54, 2.739581
407, 55, 3.169162
407, 56, 2.518015
407, 57, 2.952785
407, 58, 0.829374
407, 59, 1.691667
407, 60, 0.000000
407, 61, 1.402721
407, 62, 2.046885
407, 63, 1.722669
407, 64, 2.057648
407, 65, 3.458480
407, 66, 1.750670
407, 67, 2.514823
407, 68, 1.616038
407, 69, 2.722628
407, 70, 2.955077
407, 71, 2.583018
407, 72, 3.799191
407, 73, 3.222994
407, 74, 1.580833
407, 75, 1.934788
407, 76, 1.049166
407, 77, 1.420346
407, 78, 1.805377
407, 79, 2.797782
407, 80, 2.671560
407, 81, 1.751459
407, 82, -0.116237
407, 83, 1.218933
407, 84, 0.939994
407, 85, 2.945451
407, 86, 3.318917
407, 87, 2.350912
407, 88, 1.398646
407, 89, 0.544654
407, 90, 1.203635
407, 91, 1.346928
407, 92, 0.672629
407, 93, 2.644459
407, 94, 1.672992
407, 95, 0.932165
407, 96, 1.644924
407, 97, 4.306697
407, 98, 2.146094
407, 99, 1.159450
407, 100, 0.792004
407, 101, -0.031273
407, 102, 1.668115
407, 103, 0.000000
407, 104, 3.532778
407, 105, 2.789352
407, 106, 1.431670
407, 107, 1.933797
407, 108, 0.639675
407, 109, -0.016499
407, 110, 1.771988
407, 111, 0.828451
407, 112, 1.185186
407, 113, 3.511822
407, 114, 1.068332
407, 115, 2.101700
407, 116, 1.442276
407, 117, 2.359978
407, 118, 1.563774
407, 119, 1.334032
407, 120, 2.296070
407, 121, 3.672049
407, 122, 2.491351
407, 123, 0.346461
407, 124, 2.149925
407, 125, 4.289087
407, 126, 1.183792
407, 127, 0.838413
407, 128, 0.542179
407, 129, 0.074872
407, 130, 1.536904
407, 131, 1.765901
407, 132, 1.406929
407, 133, 0.903714
407, 134, 1.165754
407, 135, 0.744959
407, 136, 0.576508
407, 137, 1.597834
407, 138, 0.985482
407, 139, 0.937750
407, 140, 3.510531
407, 141, 2.066043
407, 142, 3.156749
407, 143, 1.926740
407, 144, 1.581656
407, 145, 1.208066
407, 146, 1.966183
407, 147, 3.887784
407, 148, 2.469827
407, 149, 3.525468
407, 150, 1.562608
407, 151, 1.922690
407, 152, 2.061657
407, 153, 0.000000
407, 154, 1.593774
407, 155, 2.281304
407, 156, -0.010000
407, 157, 3.008577
407, 158, 1.991819
407, 159, 1.071481
407, 160, 2.935205
407, 161, 2.052061
407, 162, 3.450336
407, 163, 2.510499
407, 164, 3.356851
407, 165, 2.995701
407, 166, 3.632404
407, 167, 1.409328
407, 168, 0.369980
407, 169, 1.762514
407, 170, 1.509260
407, 171, 2.817522
407, 172, 2.352374
407, 173, 2.592601
407, 174, 1.875309
407, 175, 1.049688
407, 176, 3.356692
407, 177, 2.493334
407, 178, 0.529260
407, 179, 3.041176
407, 180, 3.451506
407, 181, 0.965567
407, 182, 3.132624
407, 183, -0.040000
407, 184, 0.640331
407, 185, 1.880346
407, 186, 3.358074
407, 187, 0.000000
407, 188, 2.212076
407, 189, 3.041839
407, 190, 2.409982
407, 191, 0.717938
407, 192, 2.159691
407, 193, 2.743289
407, 194, 1.537437
407, 195, -0.255044
407, 196, 3.974332
407, 197, 2.383183
407, 198, 2.284276
407, 199, 1.452204
409, 0, 1.503664
409, 1, 1.547395
409, 2, 2.179863
409, 3, 1.150859
409, 4, -0.339888
409, 5, 1.960360
409, 6, 0.000000
409, 7, 1.283785
409, 8, 3.370978
409, 9, 1.717014
409, 10, 1.799201
409, 11, 2.271102
409, 12, 2.528331
409, 13, 0.000000
409, 14, 2.589170
409, 15, 2.319694
409, 16, 1.129258
409, 17, 3.225063
409, 18, 3.587855
409, 19, 2.609075
409, 20, 4.295470
409, 21, 0.436530
409, 22, 2.161510
409, 23, 1.270559
409, 24, 1.065771
409, 25, 2.046121
409, 26, 1.508793
409, 27, 0.812977
409, 28, 1.980760
409, 29, 1.905331
409, 30, 0.668950
409, 31, 2.628734
409, 32, -0.040000
409, 33, 2.726062
409, 34, 2.378218
409, 35, 2.601692
409, 36, 2.290969
409, 37, 1.694441
409, 38, 0.375477
409, 39, 1.565520
409, 40, 2.691563
409, 41, 1.720386
409, 42, 1.011686
409, 43, 1.442728
409, 44, 0.519650
409, 45, 1.415675
409, 46, 2.229831
409, 47, 1.415481
409, 48, 2.593884
409, 49, -0.160065
409, 50, 2.187935
409, 51, 0.700052
409, 52, 1.514256
409, 53, -0.000015
409, 54, 2.776145
409, 55, 3.169222
409, 56, 2.512650
409, 57, 2.953112
409, 58, 0.829374
409, 59, 1.691667
409, 60, 0.000000
409, 61, 1.402721
409, 62, 2.046885
409, 63, 1.722669
409, 64, 2.057648
409, 65, 3.485584
409, 66, 1.750670
409, 67, 2.514823
409, 68, 1.616038
409, 69, 2.722640
409, 70, 2.954488
409, 71, 2.583025
409, 72, 3.799022
409, 73, 3.222693
409, 74, 1.580833
409, 75, 1.934788
409, 76, 1.049166
409, 77, 1.420346
409, 78, 1.805377
409, 79, 2.797782
409, 80, 2.670772
409, 81, 1.751556
409, 82, -0.120086
409, 83, 1.218934
409, 84, 0.939994
409, 85, 2.945451
409, 86, 3.307359
409, 87, 2.334270
409, 88, 1.398646
409, 89, 0.544654
409, 90, 1.203636
409, 91, 1.368748
409, 92, 0.672629
409, 93, 2.658309
409, 94, 1.670845
409, 95, 0.936404
409, 96, 1.660507
409, 97, 4.307031
409, 98, 2.145089
409, 99, 1.159450
409, 100, 0.792004
409, 101, -0.031273
409, 102, 1.688597
409, 103, 0.000000
409, 104, 3.533300
409, 105, 2.756823
409, 106, 1.431670
409, 107, 1.923683
409, 108, 0.639675
409, 109, -0.016499
409, 110, 1.771988
409, 111, 0.828733
409, 112, 1.185186
409, 113, 3.515720
409, 114, 1.068332
409, 115, 2.125686
409, 116, 1.442276
409, 117, 2.359978
409, 118, 1.572899
409, 119, 1.334032
409, 120, 2.296070
409, 121, 3.642955
409, 122, 2.491351
409, 123, 0.346461
409, 124, 2.149925
409, 125, 4.282829
409, 126, 1.185135
409, 127, 0.838413
409, 128, 0.549233
409, 129, 0.074872
409, 130, 1.536904
409, 131, 1.765901
409, 132, 1.403337
409, 133, 0.903714
409, 134, 1.165754
409, 135, 0.744959
409, 136, 0.526393
409, 137, 1.597233
409, 138, 0.985482
409, 139, 0.937750
409, 140, 3.510278
409, 141, 2.066043
409, 142, 3.148361
409, 143, 1.931865
409, 144, 1.581656
409, 145, 1.208066
409, 146, 1.966183
409, 147, 3.885165
409, 148, 2.469827
409, 149, 3.525489
409, 150, 1.562608
409, 151, 1.920386
409, 152, 2.073633
409, 153, 0.000000
409, 154, 1.593774
409, 155, 2.281306
409, 156, -0.010000
409, 157, 3.007393
409, 158, 1.991819
409, 159, 1.071481
409, 160, 2.905877
409, 161, 2.052061
409, 162, 3.451467
409, 163, 2.510499
409, 164, 3.356859
409, 165, 2.997153
409, 166, 3.630132
409, 167, 1.409328
409, 168, 0.369980
409, 169, 1.762621
409, 170, 1.509260
409, 171, 2.809598
409, 172, 2.352612
409, 173, 2.595921
409, 174, 1.912447
409, 175, 1.045647
409, 176, 3.356692
409, 177, 2.497839
409, 178, 0.529260
409, 179, 3.046351
409, 180, 3.460165
409, 181, 0.965567
409, 182, 3.132624
409, 183, -0.040000
409, 184, 0.640331
409, 185, 1.880346
409, 186, 3.357708
409, 187, 0.000000
409, 188, 2.212076
409, 189, 3.049935
409, 190, 2.409982
409, 191, 0.717938
409, 192, 2.156653
409, 193, 2.737918
409, 194, 1.537437
409, 195, -0.255044
409, 196, 3.973691
409, 197, 2.383122
409, 198, 2.284269
409, 199, 1.452204
411, 0, 1.503664
411, 1, 1.547395
411, 2, 2.188221
411, 3, 1.150856
411, 4, -0.339888
411, 5, 1.957618
411, 6, -0.000013
411, 7, 1.283799
411, 8, 3.353251
411, 9, 1.717014
411, 10, 1.799201
411, 11, 2.271102
411, 12, 2.532947
411, 13, 0.000000
411, 14, 2.589239
411, 15, 2.332420
411, 16, 1.129258
411, 17, 3.228703
411, 18, 3.587567
411, 19, 2.606356
411, 20, 4.291314
411, 21, 0.436530
411, 22, 2.161510
411, 23, 1.270559
411, 24, 1.065771
411, 25, 2.046121
411, 26, 1.383689
411, 27, 0.812977
411, 28, 1.981741
411, 29, 1.904587
411, 30, 0.668950
411, 31, 2.628149
411, 32, -0.040000
411, 33, 2.712184
411, 34, 2.381907
411, 35, 2.601695
411, 36, 2.289783
411, 37, 1.675996
411, 38, 0.375477
411, 39, 1.565520
411, 40, 2.691563
411, 41, 1.720454
411, 42, 1.011686
411, 43, 1.442728
411, 44, 0.519650
411, 45, 1.414385
411, 46, 2.249074
411, 47, 1.415481
411, 48, 2.593422
411, 49, -0.160065
411, 50, 2.187935
411, 51, 0.700052
411, 52, 1.514256
411, 53, -0.000015
411, 54, 2.730881
411, 55, 3.169919
411, 56, 2.517806
411, 57, 2.953224
411, 58, 0.829374
411, 59, 1.691667
411, 60, 0.000000
411, 61, 1.402721
411, 62, 2.046886
411, 63, 1.722669
411, 64, 2.057648
411, 65, 3.466491
411, 66, 1.750670
411, 67, 2.514823
411, 68, 1.616038
411, 69, 2.722650
411, 70, 2.954988
411, 71, 2.583027
411, 72, 3.799448
411, 73, 3.222551
411, 74, 1.580833
411, 75, 1.934788
411, 76, 1.049166
411, 77, 1.420346
411, 78, 1.805377
411, 79, 2.797782
411, 80, 2.670451
411, 81, 1.752588
411, 82, -0.119556
411, 83, 1.218931
411, 84, 0.939994
411, 85, 2.945451
411, 86, 3.296733
411, 87, 2.351084
411, 88, 1.398646
411, 89, 0.544654
411, 90, 1.203638
411, 91, 1.377133
411, 92, 0.672629
411, 93, 2.667628
411, 94, 1.674588
411, 95, 0.926973
411, 96, 1.661752
411, 97, 4.306169
411, 98, 2.152215
411, 99, 1.159450
411, 100, 0.792004
411, 101, -0.031273
411, 102, 1.713266
411, 103, 0.000000
411, 104, 3.532238
411, 105, 2.749316
411, 106, 1.431670
411, 107, 1.931203
411, 108, 0.639675
411, 109, -0.016499
411, 110, 1.771988
411, 111, 0.828889
411, 112, 1.185186
411, 113, 3.551910
411, 114, 1.068332
411, 115, 2.133422
411, 116, 1.442276
411, 117, 2.359978
411, 118, 1.567221
411, 119, 1.334032
411, 120, 2.296069
411, 121, 3.702707
411, 122, 2.491351
411, 123, 0.346461
411, 124, 2.149924
411, 125, 4.282073
411, 126, 1.186273
411, 127, 0.838413
411, 128, 0.554417
411, 129, 0.074872
411, 130, 1.536905
411, 131, 1.765901
411, 132, 1.405932
411, 133, 0.903706
411, 134, 1.165754
411, 135, 0.744959
411, 136, 0.491827
411, 137, 1.596560
411, 138, 0.985482
411, 139, 0.937750
411, 140, 3.507482
411, 141, 2.066043
411, 142, 3.143960
411, 143, 1.928763
411, 144, 1.581656
411, 145, 1.208066
411, 146, 1.966183
411, 147, 3.910164
411, 148, 2.469827
411, 149, 3.525487
411, 150, 1.562608
411, 151, 1.924498
411, 152, 2.074958
411, 153, 0.000000
411, 154, 1.593774
411, 155, 2.281306
411, 156, -0.010000
411, 157, 3.007388
411, 158, 1.993107
411, 159, 1.076047
411, 160, 2.948086
411, 161, 2.063879
411, 162, 3.452897
411, 163, 2.510499
411, 164, 3.356860
411, 165, 2.997735
411, 166, 3.631166
411, 167, 1.409328
411, 168, 0.369980
411, 169, 1.762746
411, 170, 1.509260
411, 171, 2.817702
411, 172, 2.345351
411, 173, 2.598930
411, 174, 1.943626
411, 175, 1.065312
411, 176, 3.356692
411, 177, 2.499210
411, 178, 0.529260
411, 179, 3.044853
411, 180, 3.517748
411, 181, 0.965567
411, 182, 3.133410
411, 183, -0.040000
411, 184, 0.640331
411, 185, 1.880346
411, 186, 3.360520
411, 187, 0.000000
411, 188, 2.212076
411, 189, 3.059715
411, 190, 2.409982
411, 191, 0.717938
411, 192, 2.157539
411, 193, 2.741096
411, 194, 1.537435
411, 195, -0.255041
411, 196, 3.982727
411, 197, 2.383072
411, 198, 2.284230
411, 199, 1.452205
413, 0, 1.503664
413, 1, 1.547395
413, 2, 2.171438
413, 3, 1.150858
413, 4, -0.339888
413, 5, 1.954450
413, 6, -0.000013
413, 7, 1.283812
413, 8, 3.334822
413, 9, 1.717014
413, 10, 1.799201
413, 11, 2.271102
413, 12, 2.529073
413, 13, 0.000000
413, 14, 2.589282
413, 15, 2.330828
413, 16, 1.129258
413, 17, 3.227753
413, 18, 3.580336
413, 19, 2.597019
413, 20, 4.268210
413, 21, 0.436530
413, 22, 2.161510
413, 23, 1.270559
413, 24, 1.076872
413, 25, 2.046121
413, 26, 1.442601
413, 27, 0.812977
413, 28, 1.980526
413, 29, 1.905712
413, 30, 0.668950
413, 31, 2.623437
413, 32, -0.040000
413, 33, 2.746984
413, 34, 2.371247
413, 35, 2.601676
413, 36, 2.289649
413, 37, 1.717104
413, 38, 0.375477
413, 39, 1.565520
413, 40, 2.691563
413, 41, 1.720582
413, 42, 1.011686
413, 43, 1.442728
413, 44, 0.519650
413, 45, 1.415395
413, 46, 2.236377
413, 47, 1.415481
413, 48, 2.594119
413, 49, -0.160065
413, 50, 2.187935
413, 51, 0.700052
413, 52, 1.514256
413, 53, -0.000015
413, 54, 2.759211
413, 55, 3.169013
413, 56, 2.521755
413, 57, 2.953320
413, 58, 0.829374
413, 59, 1.691667
413, 60, 0.000000
413, 61, 1.402721
413, 62, 2.046886
413, 63, 1.722669
413, 64, 2.057648
413, 65, 3.469043
413, 66, 1.750670
413, 67, 2.514823
413, 68, 1.616038
413, 69, 2.722650
413, 70, 2.954920
413, 71, 2.586974
413, 72, 3.799134
413, 73, 3.221115
413, 74, 1.580833
413, 75, 1.934788
413, 76, 1.049166
413, 77, 1.420346
413, 78, 1.805377
413, 79, 2.797782
413, 80, 2.669835
413, 81, 1.776887
413, 82, -0.120174
413, 83, 1.218932
413, 84, 0.939994
413, 85, 2.945450
413, 86, 3.305024
413, 87, 2.334270
413, 88, 1.398646
413, 89, 0.544654
413, 90, 1.203635
413, 91, 1.371121
413, 92, 0.672629
413, 93, 2.675328
413, 94, 1.668781
413, 95, 0.910153
413, 96, 1.658460
413, 97, 4.292459
413, 98, 2.150157
413, 99, 1.159450
413, 100, 0.792004
413, 101, -0.031273
413, 102, 1.724944
413, 103, 0.000000
413, 104, 3.530903
413, 105, 2.741874
413, 106, 1.431670
413, 107, 1.928940
413, 108, 0.639675
413, 109, -0.016499
413, 110, 1.771988
413, 111, 0.828883
413, 112, 1.185186
413, 113, 3.552825
413, 114, 1.068332
413, 115, 2.133422
413, 116, 1.442276
413, 117, 2.359978
413, 118, 1.590935
413, 119, 1.334032
413, 120, 2.296070
413, 121, 3.657270
413, 122, 2.491351
413, 123, 0.346461
413, 124, 2.149925
413, 125, 4.285451
413, 126, 1.187428
413, 127, 0.838413
413, 128, 0.559055
413, 129, 0.074872
413, 130, 1.536904
413, 131, 1.765901
413, 132, 1.410955
413, 133, 0.903713
413, 134, 1.165754
413, 135, 0.744959
413, 136, 0.463670
413, 137, 1.595920
413, 138, 0.985482
413, 139, 0.937750
413, 140, 3.513226
413, 141, 2.066012
413, 142, 3.151124
413, 143, 1.938600
413, 144, 1.581656
413, 145, 1.208066
413, 146, 1.966183
413, 147, 3.911281
413, 148, 2.469827
413, 149, 3.525376
413, 150, 1.562608
413, 151, 1.922710
413, 152, 2.076057
413, 153, 0.000000
413, 154, 1.593774
413, 155, 2.281319
413, 156, -0.010000
413, 157, 3.007399
413, 158, 1.993107
413, 159, 1.076618
413, 160, 2.914924
413, 161, 2.060076
413, 162, 3.456963
413, 163, 2.510499
413, 164, 3.356861
413, 165, 2.998134
413, 166, 3.632311
413, 167, 1.409328
413, 168, 0.369980
413, 169, 1.762828
413, 170, 1.509260
413, 171, 2.801524
413, 172, 2.350836
413, 173, 2.601975
413, 174, 1.982506
413, 175, 1.083140
413, 176, 3.360732
413, 177, 2.493806
413, 178, 0.529260
413, 179, 3.044399
413, 180, 3.511999
413, 181, 0.965567
413, 182, 3.133410
413, 183, -0.040000
413, 184, 0.640331
413, 185, 1.880346
413, 186, 3.349509
413, 187, 0.000000
413, 188, 2.174742
413, 189, 3.056524
413, 190, 2.387929
413, 191, 0.717938
413, 192, 2.163741
413, 193, 2.743133
413, 194, 1.537437
413, 195, -0.255042
413, 196, 3.981759
413, 197, 2.384486
413, 198, 2.284195
413, 199, 1.452205
415, 0, 1.503664
415, 1, 1.547395
415, 2, 2.194695
415, 3, 1.150858
415, 4, -0.339888
415, 5, 1.952683
415, 6, -0.000013
415, 7, 1.283820
415, 8, 3.336627
415, 9, 1.717014
415, 10, 1.799201
415, 11, 2.271102
415, 12, 2.520052
415, 13, 0.000000
415, 14, 2.589267
415, 15, 2.404486
415, 16, 1.129258
415, 17, 3.208963
415, 18, 3.583074
415, 19, 2.593091
415, 20, 4.291900
415, 21, 0.436530
415, 22, 2.161510
415, 23, 1.270559
415, 24, 1.087533
415, 25, 2.046121
415, 26, 1.426212
415, 27, 0.812977
415, 28, 1.980153
415, 29, 1.906335
415, 30, 0.668950
415, 31, 2.617528
415, 32, -0.040000
415, 33, 2.787328
415, 34, 2.355206
415, 35, 2.601622
415, 36, 2.290337
415, 37, 1.725388
415, 38, 0.375477
415, 39, 1.565520
415, 40, 2.691563
415, 41, 1.720689
415, 42, 1.011686
415, 43, 1.442728
415, 44, 0.519650
415, 45, 1.414389
415, 46, 2.224134
415, 47, 1.415481
415, 48, 2.591956
415, 49, -0.160065
415, 50, 2.187935
415, 51, 0.700052
415, 52, 1.514256
415, 53, -0.000015
415, 54, 2.765816
415, 55, 3.169677
415, 56, 2.517969
415, 57, 2.953390
415, 58, 0.829374
415, 59, 1.691667
415, 60, 0.000000
415, 61, 1.402721
415, 62, 2.046885
415, 63, 1.722669
415, 64, 2.057648
415, 65, 3.464898
415, 66, 1.750670
415, 67, 2.514823
415, 68, 1.616038
415, 69, 2.722650
415, 70, 2.953409
415, 71, 2.583022
415, 72, 3.798729
415, 73, 3.218925
415, 74, 1.580833
415, 75, 1.934788
415, 76, 1.049166
415, 77, 1.420346
415, 78, 1.805377
415, 79, 2.797782
415, 80, 2.669823
415, 81, 1.794623
415, 82, -0.119730
415, 83, 1.218933
415, 84, 0.939994
415, 85, 2.945451
415, 86, 3.299452
415, 87, 2.334270
415, 88, 1.398646
415, 89, 0.544654
415, 90, 1.203635
415, 91, 1.375135
415, 92, 0.672629
415, 93, 2.635559
415, 94, 1.661798
415, 95, 0.925242
415, 96, 1.656387
415, 97, 4.307152
415, 98, 2.158357
415, 99, 1.159450
415, 100, 0.792004
415, 101, -0.031273
415, 102, 1.734053
415, 103, 0.000000
415, 104, 3.527849
415, 105, 2.728287
415, 106, 1.431670
415, 107, 1.929392
415, 108, 0.639675
415, 109, -0.016499
415, 110, 1.771988
415, 111, 0.829170
415, 112, 1.185186
415, 113, 3.545556
415, 114, 1.068332
415, 115, 2.087106
415, 116, 1.442276
415, 117, 2.359978
415, 118, 1.595204
415, 119, 1.334032
415, 120, 2.296069
415, 121, 3.675184
415, 122, 2.491351
415, 123, 0.346461
415, 124, 2.149925
415, 125, 4.289458
415, 126, 1.188621
415, 127, 0.838413
415, 128, 0.564027
415, 129, 0.074872
415, 130, 1.536904
415, 131, 1.765902
415, 132, 1.416800
415, 133, 0.903713
415, 134, 1.165754
415, 135, 0.744959
415, 136, 0.438058
415, 137, 1.595318
415, 138, 0.985482
415, 139, 0.937750
415, 140, 3.518466
415, 141, 2.066012
415, 142, 3.156463
415, 143, 1.941056
415, 144, 1.581656
415, 145, 1.208066
415, 146, 1.966183
415, 147, 3.910462
415, 148, 2.469827
415, 149, 3.525007
415, 150, 1.562608
415, 151, 1.926864
415, 152, 2.077135
415, 153, 0.000000
415, 154, 1.593774
415, 155, 2.281324
415, 156, -0.010000
415, 157, 3.007404
415, 158, 1.993107
415, 159, 1.084218
415, 160, 2.862306
415, 161, 2.039783
415, 162, 3.459758
415, 163, 2.510499
415, 164, 3.356861
415, 165, 2.998428
415, 166, 3.623999
415, 167, 1.409328
415, 168, 0.369980
415, 169, 1.762914
415, 170, 1.509260
415, 171, 2.803930
415, 172, 2.350409
415, 173, 2.596304
415, 174, 1.973925
415, 175, 1.100654
415, 176, 3.356692
415, 177, 2.503536
415, 178, 0.529260
415, 179, 3.044435
415, 180, 3.486554
415, 181, 0.965567
415, 182, 3.133410
415, 183, -0.040000
415, 184, 0.640331
415, 185, 1.880346
415, 186, 3.376038
415, 187, 0.000000
415, 188, 2.148610
415, 189, 2.988761
415, 190, 2.387929
415, 191, 0.717938
415, 192, 2.140803
415, 193, 2.739268
415, 194, 1.537437
415, 195, -0.255043
415, 196, 3.982766
415, 197, 2.384486
415, 198, 2.284155
415, 199, 1.452205
417, 0, 1.503664
417, 1, 1.547396
417, 2, 2.192101
417, 3, 1.150859
417, 4, -0.339888
417, 5, 1.951263
417, 6, -0.000013
417, 7, 1.283826
417, 8, 3.363952
417, 9, 1.717014
417, 10, 1.799201
417, 11, 2.271102
417, 12, 2.526277
417, 13, 0.000000
417, 14, 2.589259
417, 15, 2.438849
417, 16, 1.129258
417, 17, 3.228594
417, 18, 3.585299
417, 19, 2.611784
417, 20, 4.288608
417, 21, 0.436530
417, 22, 2.161510
417, 23, 1.270559
417, 24, 1.097083
417, 25, 2.046121
417, 26, 1.450086
417, 27, 0.812977
417, 28, 1.981366
417, 29, 1.907205
417, 30, 0.668950
417, 31, 2.618443
417, 32, -0.040000
417, 33, 2.728731
417, 34, 2.384031
417, 35, 2.601569
417, 36, 2.291831
417, 37, 1.639503
417, 38, 0.375477
417, 39, 1.565520
417, 40, 2.691563
417, 41, 1.720829
417, 42, 1.011686
417, 43, 1.442728
417, 44, 0.519650
417, 45, 1.414389
417, 46, 2.235275
417, 47, 1.415481
417, 48, 2.590347
417, 49, -0.160065
417, 50, 2.187935
417, 51, 0.700052
417, 52, 1.514256
417, 53, -0.000015
417, 54, 2.771637
417, 55, 3.167188
417, 56, 2.520207
417, 57, 2.953461
417, 58, 0.829374
417, 59, 1.691667
417, 60, 0.000000
417, 61, 1.402721
417, 62, 2.046885
417, 63, 1.722669
417, 64, 2.057648
417, 65, 3.472753
417, 66, 1.750670
417, 67, 2.514823
417, 68, 1.616038
417, 69, 2.722655
417, 70, 2.955077
417, 71, 2.583026
417, 72, 3.799153
417, 73, 3.219221
417, 74, 1.580833
417, 75, 1.934788
417, 76, 1.049166
417, 77, 1.420346
417, 78, 1.805377
417, 79, 2.797782
417, 80, 2.669840
417, 81, 1.804456
417, 82, -0.120195
417, 83, 1.218933
417, 84, 0.939994
417, 85, 2.945451
417, 86, 3.304039
417, 87, 2.334270
417, 88, 1.398646
417, 89, 0.544654
417, 90, 1.203636
417, 91, 1.372005
417, 92, 0.672629
417, 93, 2.667422
417, 94, 1.655217
417, 95, 0.928323
417, 96, 1.649912
417, 97, 4.307200
417, 98, 2.127285
417, 99, 1.159450
417, 100, 0.792004
417, 101, -0.031273
417, 102, 1.772755
417, 103, 0.000000
417, 104, 3.532806
417, 105, 2.788571
417, 106, 1.431670
417, 107, 1.942958
417, 108, 0.639675
417, 109, -0.016499
417, 110, 1.771988
417, 111, 0.829820
417, 112, 1.185186
417, 113, 3.504335
417, 114, 1.068332
417, 115, 2.087106
417, 116, 1.442276
417, 117, 2.359978
417, 118, 1.581772
417, 119, 1.334032
417, 120, 2.296070
417, 121, 3.663818
417, 122, 2.491351
417, 123, 0.346461
417, 124, 2.149925
417, 125, 4.287359
417, 126, 1.189834
417, 127, 0.838413
417, 128, 0.567936
417, 129, 0.074872
417, 130, 1.536904
417, 131, 1.765901
417, 132, 1.422812
417, 133, 0.903713
417, 134, 1.165754
417, 135, 0.744959
417, 136, 0.413393
417, 137, 1.594748
417, 138, 0.985482
417, 139, 0.937750
417, 140, 3.511786
417, 141, 2.066012
417, 142, 3.138458
417, 143, 1.933643
417, 144, 1.581656
417, 145, 1.208066
417, 146, 1.966183
417, 147, 3.909557
417, 148, 2.469827
417, 149, 3.525404
417, 150, 1.562608
417, 151, 1.924220
417, 152, 2.078213
417, 153, 0.000000
417, 154, 1.593774
417, 155, 2.281328
417, 156, -0.010000
417, 157, 3.007404
417, 158, 1.993107
417, 159, 1.078878
417, 160, 2.922905
417, 161, 1.961196
417, 162, 3.460334
417, 163, 2.510499
417, 164, 3.356861
417, 165, 2.998414
417, 166, 3.632213
417, 167, 1.409328
417, 168, 0.369980
417, 169, 1.762944
417, 170, 1.509260
417, 171, 2.802391
417, 172, 2.322549
417, 173, 2.605902
417, 174, 2.011082
417, 175, 1.116342
417, 176, 3.359126
417, 177, 2.493655
417, 178, 0.529260
417, 179, 3.040570
417, 180, 3.452451
417, 181, 0.965567
417, 182, 3.133410
417, 183, -0.040000
417, 184, 0.640331
417, 185, 1.880346
417, 186, 3.346946
417, 187, 0.000000
417, 188, 2.134893
417, 189, 3.019867
417, 190, 2.387929
417, 191, 0.717938
417, 192, 2.162842
417, 193, 2.743045
417, 194, 1.537437
417, 195, -0.255044
417, 196, 3.983151
417, 197, 2.383297
417, 198, 2.284124
417, 199, 1.452204
419, 0, 1.503664
419, 1, 1.547395
419, 2, 2.182837
419, 3, 1.150859
419, 4, -0.339888
419, 5, 1.950505
419, 6, -0.000013
419, 7, 1.283829
419, 8, 3.381854
419, 9, 1.717014
419, 10, 1.799201
419, 11, 2.271102
419, 12, 2.537599
419, 13, 0.000000
419, 14, 2.588738
419, 15, 2.494149
419, 16, 1.129258
419, 17, 3.220437
419, 18, 3.587393
419, 19, 2.593091
419, 20, 4.274373
419, 21, 0.436530
419, 22, 2.161510
419, 23, 1.270559
419, 24, 1.106221
419, 25, 2.046121
419, 26, 1.469208
419, 27, 0.812977
419, 28, 1.982124
419, 29, 1.906156
419, 30, 0.668950
419, 31, 2.626844
419, 32, -0.040000
419, 33, 2.733207
419, 34, 2.382835
419, 35, 2.601149
419, 36, 2.291685
419, 37, 1.733157
419, 38, 0.375477
419, 39, 1.565520
419, 40, 2.691563
419, 41, 1.720969
419, 42, 1.011686
419, 43, 1.442728
419, 44, 0.519650
419, 45, 1.414390
419, 46, 2.224022
419, 47, 1.415481
419, 48, 2.591009
419, 49, -0.160065
419, 50, 2.187935
419, 51, 0.700052
419, 52, 1.514256
419, 53, -0.000015
419, 54, 2.756581
419, 55, 3.171252
419, 56, 2.525735
419, 57, 2.953283
419, 58, 0.829374
419, 59, 1.691667
419, 60, 0.000000
419, 61, 1.402721
419, 62, 2.046885
419, 63, 1.722669
419, 64, 2.057648
419, 65, 3.446186
419, 66, 1.750670
419, 67, 2.514823
419, 68, 1.616038
419, 69, 2.722659
419, 70, 2.955152
419, 71, 2.583028
419, 72, 3.798477
419, 73, 3.221872
419, 74, 1.580833
419, 75, 1.934788
419, 76, 1.049166
419, 77, 1.420346
419, 78, 1.805377
419, 79, 2.797782
419, 80, 2.670141
419, 81, 1.808163
419, 82, -0.119310
419, 83, 1.218934
419, 84, 0.939994
419, 85, 2.945451
419, 86, 3.312845
419, 87, 2.334270
419, 88, 1.398646
419, 89, 0.544654
419, 90, 1.203637
419, 91, 1.360986
419, 92, 0.672629
419, 93, 2.679252
419, 94, 1.653304
419, 95, 0.905129
419, 96, 1.655403
419, 97, 4.301180
419, 98, 2.137134
419, 99, 1.159450
419, 100, 0.792004
419, 101, -0.031273
419, 102, 1.795241
419, 103, 0.000000
419, 104, 3.533394
419, 105, 2.785695
419, 106, 1.431670
419, 107, 1.934098
419, 108, 0.639675
419, 109, -0.016499
419, 110, 1.771988
419, 111, 0.829682
419, 112, 1.185186
419, 113, 3.552611
419, 114, 1.068332
419, 115, 2.087106
419, 116, 1.442276
419, 117, 2.359978
419, 118, 1.581967
419, 119, 1.334032
419, 120, 2.296070
419, 121, 3.604598
419, 122, 2.491351
419, 123, 0.346461
419, 124, 2.149924
419, 125, 4.267772
419, 126, 1.191370
419, 127, 0.838413
419, 128, 0.570847
419, 129, 0.074872
419, 130, 1.536904
419, 131, 1.765901
419, 132, 1.428727
419, 133, 0.903723
419, 134, 1.165754
419, 135, 0.744959
419, 136, 0.389025
419, 137, 1.594348
419, 138, 0.985482
419, 139, 0.937750
419, 140, 3.507752
419, 141, 2.065967
419, 142, 3.144036
419, 143, 1.933818
419, 144, 1.581656
419, 145, 1.208066
419, 146, 1.966183
419, 147, 3.899828
419, 148, 2.469827
419, 149, 3.525128
419, 150, 1.562608
419, 151, 1.928903
419, 152, 2.079287
419, 153, 0.000000
419, 154, 1.593774
419, 155, 2.281342
419, 156, -0.010000
419, 157, 3.007406
419, 158, 1.993107
419, 159, 1.078874
419, 160, 2.891038
419, 161, 2.036233
419, 162, 3.450673
419, 163, 2.510499
419, 164, 3.357767
419, 165, 2.997704
419, 166, 3.633226
419, 167, 1.409328
419, 168, 0.369980
419, 169, 1.763047
419, 170, 1.509260
419, 171, 2.821511
419, 172, 2.348435
419, 173, 2.609816
419, 174, 2.034212
419, 175, 1.130402
419, 176, 3.356692
419, 177, 2.494281
419, 178, 0.529260
419, 179, 3.040950
419, 180, 3.512926
419, 181, 0.965567
419, 182, 3.133410
419, 183, -0.040000
419, 184, 0.640331
419, 185, 1.880346
419, 186, 3.376670
419, 187, 0.000000
419, 188, 2.150440
419, 189, 3.016768
419, 190, 2.387929
419, 191, 0.717938
419, 192, 2.143049
419, 193, 2.741158
419, 194, 1.537439
419, 195, -0.255044
419, 196, 3.981891
419, 197, 2.383297
419, 198, 2.284097
419, 199, 1.452204
421, 0, 1.503664
421, 1, 1.547395
421, 2, 2.207112
421, 3, 1.150859
421, 4, -0.339888
421, 5, 1.953159
421, 6, -0.000013
421, 7, 1.283831
421, 8, 3.369092
421, 9, 1.717014
421, 10, 1.799200
421, 11, 2.271102
421, 12, 2.540073
421, 13, 0.000000
421, 14, 2.589212
421, 15, 2.496418
421, 16, 1.129258
421, 17, 3.230943
421, 18, 3.587643
421, 19, 2.594063
421, 20, 4.293260
421, 21, 0.436530
421, 22, 2.161510
421, 23, 1.270559
421, 24, 1.114429
421, 25, 2.046121
421, 26, 1.461795
421, 27, 0.812977
421, 28, 1.979447
421, 29, 1.902677
421, 30, 0.668950
421, 31, 2.627654
421, 32, -0.040000
421, 33, 2.786352
421, 34, 2.391194
421, 35, 2.601441
421, 36, 2.292752
421, 37, 1.650762
421, 38, 0.375477
421, 39, 1.565520
421, 40, 2.691563
421, 41, 1.720989
421, 42, 1.011686
421, 43, 1.442728
421, 44, 0.519650
421, 45, 1.414391
421, 46, 2.227470
421, 47, 1.415481
421, 48, 2.595264
421, 49, -0.160065
421, 50, 2.187935
421, 51, 0.700052
421, 52, 1.514256
421, 53, -0.000015
421, 54, 2.762332
421, 55, 3.168646
421, 56, 2.520451
421, 57, 2.953240
421, 58, 0.829374
421, 59, 1.691667
421, 60, 0.000000
421, 61, 1.402721
421, 62, 2.046886
421, 63, 1.722669
421, 64, 2.057648
421, 65, 3.455043
421, 66, 1.750670
421, 67, 2.514823
421, 68, 1.616038
421, 69, 2.722664
421, 70, 2.954913
421, 71, 2.583019
421, 72, 3.797592
421, 73, 3.222676
421, 74, 1.580833
421, 75, 1.934788
421, 76, 1.049166
421, 77, 1.420346
421, 78, 1.805377
421, 79, 2.797783
421, 80, 2.671240
421, 81, 1.765579
421, 82, -0.116805
421, 83, 1.218934
421, 84, 0.939994
421, 85, 2.945451
421, 86, 3.320401
421, 87, 2.334270
421, 88, 1.398646
421, 89, 0.544654
421, 90, 1.203636
421, 91, 1.346762
421, 92, 0.672629
421, 93, 2.680448
421, 94, 1.652938
421, 95, 0.891252
421, 96, 1.655837
421, 97, 4.305672
421, 98, 2.143213
421, 99, 1.159450
421, 100, 0.792004
421, 101, -0.031273
421, 102, 1.848756
421, 103, 0.000000
421, 104, 3.532767
421, 105, 2.789123
421, 106, 1.431670
421, 107, 1.950635
421, 108, 0.639675
421, 109, -0.016499
421, 110, 1.771988
421, 111, 0.829243
421, 112, 1.185186
421, 113, 3.554451
421, 114, 1.068332
421, 115, 2.087106
421, 116, 1.442276
421, 117, 2.359978
421, 118, 1.594805
421, 119, 1.334032
421, 120, 2.296069
421, 121, 3.665692
421, 122, 2.491351
421, 123, 0.346461
421, 124, 2.149926
421, 125, 4.288628
421, 126, 1.192583
421, 127, 0.838413
421, 128, 0.573291
421, 129, 0.074872
421, 130, 1.536905
421, 131, 1.765901
421, 132, 1.434435
421, 133, 0.903720
421, 134, 1.165754
421, 135, 0.744959
421, 136, 0.364692
421, 137, 1.593815
421, 138, 0.985482
421, 139, 0.937750
421, 140, 3.510864
421, 141, 2.065939
421, 142, 3.156084
421, 143, 1.938393
421, 144, 1.581656
421, 145, 1.208066
421, 146, 1.966183
421, 147, 3.892019
421, 148, 2.469827
421, 149, 3.525373
421, 150, 1.562608
421, 151, 1.929489
421, 152, 2.080353
421, 153, 0.000000
421, 154, 1.593774
421, 155, 2.281360
421, 156, -0.010000
421, 157, 3.007405
421, 158, 1.993107
421, 159, 1.074638
421, 160, 2.931239
421, 161, 2.021245
421, 162, 3.453840
421, 163, 2.510499
421, 164, 3.356859
421, 165, 2.996489
421, 166, 3.628313
421, 167, 1.409328
421, 168, 0.369980
421, 169, 1.763113
421, 170, 1.509260
421, 171, 2.792302
421, 172, 2.343422
421, 173, 2.611464
421, 174, 1.981284
421, 175, 1.145134
421, 176, 3.356693
421, 177, 2.486581
421, 178, 0.529260
421, 179, 3.039474
421, 180, 3.513026
421, 181, 0.965567
421, 182, 3.133410
421, 183, -0.040000
421, 184, 0.640331
421, 185, 1.880345
421, 186, 3.372681
421, 187, 0.000000
421, 188, 2.156604
421, 189, 2.970513
421, 190, 2.387929
421, 191, 0.717938
421, 192, 2.163853
421, 193, 2.741321
421, 194, 1.537439
421, 195, -0.255041
421, 196, 3.975293
421, 197, 2.383297
421, 198, 2.284145
421, 199, 1.452205
423, 0, 1.503664
423, 1, 1.547395
423, 2, 2.180544
423, 3, 1.150859
423, 4, -0.339888
423, 5, 1.949587
423, 6, -0.000013
423, 7, 1.283832
423, 8, 3.379324
423, 9, 1.717014
423, 10, 1.799201
423, 11, 2.271102
423, 12, 2.539871
423, 13, 0.000000
423, 14, 2.589328
423, 15, 2.542690
423, 16, 1.129258
423, 17, 3.226642
423, 18, 3.588777
423, 19, 2.594063
423, 20, 4.289154
423, 21, 0.436530
423, 22, 2.161510
423, 23, 1.270559
423, 24, 1.123890
423, 25, 2.046121
423, 26, 1.446985
423, 27, 0.812977
423, 28, 1.980923
423, 29, 1.914085
423, 30, 0.668950
423, 31, 2.626235
423, 32, -0.040000
423, 33, 2.709887
423, 34, 2.392048
423, 35, 2.601478
423, 36, 2.295079
423, 37, 1.711234
423, 38, 0.375477
423, 39, 1.570342
423, 40, 2.691563
423, 41, 1.720995
423, 42, 1.011686
423, 43, 1.442728
423, 44, 0.519650
423, 45, 1.424476
423, 46, 2.221238
423, 47, 1.415481
423, 48, 2.591840
423, 49, -0.160065
423, 50, 2.187935
423, 51, 0.700052
423, 52, 1.514256
423, 53, -0.000015
423, 54, 2.756990
423, 55, 3.170152
423, 56, 2.527290
423, 57, 2.953388
423, 58, 0.829374
423, 59, 1.691667
423, 60, 0.000000
423, 61, 1.402721
423, 62, 2.046886
423, 63, 1.722669
423, 64, 2.057648
423, 65, 3.452554
423, 66, 1.750670
423, 67, 2.514823
423, 68, 1.616038
423, 69, 2.722668
423, 70, 2.955070
423, 71, 2.583025
423, 72, 3.798373
423, 73, 3.220162
423, 74, 1.580833
423, 75, 1.934788
423, 76, 1.049166
423, 77, 1.420346
423, 78, 1.805377
423, 79, 2.797782
423, 80, 2.671990
423, 81, 1.765777
423, 82, -0.115907
423, 83, 1.218934
423, 84, 0.939994
423, 85, 2.945451
423, 86, 3.251702
423, 87, 2.348141
423, 88, 1.398646
423, 89, 0.544654
423, 90, 1.203638
423, 91, 1.402424
423, 92, 0.672629
423, 93, 2.648656
423, 94, 1.651953
423, 95, 0.926567
423, 96, 1.656243
423, 97, 4.305710
423, 98, 2.148870
423, 99, 1.159450
423, 100, 0.792004
423, 101, -0.031273
423, 102, 1.856339
423, 103, 0.000000
423, 104, 3.533291
423, 105, 2.756677
423, 106, 1.431670
423, 107, 1.921170
423, 108, 0.639675
423, 109, -0.016499
423, 110, 1.771988
423, 111, 0.829017
423, 112, 1.185186
423, 113, 3.554221
423, 114, 1.068332
423, 115, 2.004603
423, 116, 1.442276
423, 117, 2.359978
423, 118, 1.569742
423, 119, 1.334032
423, 120, 2.296070
423, 121, 3.702465
423, 122, 2.491351
423, 123, 0.346461
423, 124, 2.149925
423, 125, 4.284359
423, 126, 1.193500
423, 127, 0.838413
423, 128, 0.575967
423, 129, 0.074872
423, 130, 1.536904
423, 131, 1.765902
423, 132, 1.439896
423, 133, 0.903727
423, 134, 1.165754
423, 135, 0.744959
423, 136, 0.340318
423, 137, 1.593168
423, 138, 0.987940
423, 139, 0.937750
423, 140, 3.507615
423, 141, 2.065919
423, 142, 3.154009
423, 143, 1.936528
423, 144, 1.581656
423, 145, 1.208066
423, 146, 1.966183
423, 147, 3.891354
423, 148, 2.469827
423, 149, 3.524992
423, 150, 1.562608
423, 151, 1.927672
423, 152, 2.081409
423, 153, 0.000000
423, 154, 1.593774
423, 155, 2.281377
423, 156, -0.010000
423, 157, 3.007405
423, 158, 1.993107
423, 159, 1.074638
423, 160, 2.910206
423, 161, 2.057546
423, 162, 3.452112
423, 163, 2.510499
423, 164, 3.356860
423, 165, 3.000195
423, 166, 3.634274
423, 167, 1.409328
423, 168, 0.369980
423, 169, 1.763156
423, 170, 1.509260
423, 171, 2.819795
423, 172, 2.351735
423, 173, 2.610822
423, 174, 2.023801
423, 175, 1.157906
423, 176, 3.356692
423, 177, 2.488748
423, 178, 0.529260
423, 179, 3.038321
423, 180, 3.514655
423, 181, 0.965567
423, 182, 3.133410
423, 183, -0.040000
423, 184, 0.640331
423, 185, 1.880346
423, 186, 3.377821
423, 187, 0.000000
423, 188, 2.159531
423, 189, 2.899443
423, 190, 2.387929
423, 191, 0.717938
423, 192, 2.140534
423, 193, 2.743450
423, 194, 1.537439
423, 195, -0.255042
423, 196, 3.976392
423, 197, 2.383297
423, 198, 2.284135
423, 199, 1.452205
425, 0, 1.503664
425, 1, 1.547395
425, 2, 2.179814
425, 3, 1.150859
425, 4, -0.339888
425, 5, 1.943973
425, 6, -0.000013
425, 7, 1.283833
425, 8, 3.384241
425, 9, 1.717014
425, 10, 1.799201
425, 11, 2.271102
425, 12, 2.543811
425, 13, 0.000000
425, 14, 2.589350
425, 15, 2.496457
425, 16, 1.129258
425, 17, 3.230019
425, 18, 3.588778
425, 19, 2.594063
425, 20, 4.285364
425, 21, 0.436530
425, 22, 2.161510
425, 23, 1.270559
425, 24, 1.132690
425, 25, 2.046121
425, 26, 1.366593
425, 27, 0.812977
425, 28, 1.976518
425, 29, 1.921051
425, 30, 0.668950
425, 31, 2.628382
425, 32, -0.040000
425, 33, 2.742377
425, 34, 2.348505
425, 35, 2.601452
425, 36, 2.296565
425, 37, 1.655527
425, 38, 0.375477
425, 39, 1.567825
425, 40, 2.691563
425, 41, 1.721022
425, 42, 1.011686
425, 43, 1.442728
425, 44, 0.519650
425, 45, 1.433020
425, 46, 2.208775
425, 47, 1.415481
425, 48, 2.594366
425, 49, -0.160065
425, 50, 2.187935
425, 51, 0.700052
425, 52, 1.514256
425, 53, -0.000015
425, 54, 2.749736
425, 55, 3.168568
425, 56, 2.527390
425, 57, 2.953476
425, 58, 0.829374
425, 59, 1.691667
425, 60, 0.000000
425, 61, 1.402721
425, 62, 2.046886
425, 63, 1.722669
425, 64, 2.057648
425, 65, 3.481888
425, 66, 1.750670
425, 67, 2.514823
425, 68, 1.616038
425, 69, 2.722668
425, 70, 2.951578
425, 71, 2.594353
425, 72, 3.798884
425, 73, 3.220993
425, 74, 1.580833
425, 75, 1.934788
425, 76, 1.049166
425, 77, 1.420346
425, 78, 1.805377
425, 79, 2.797782
425, 80, 2.669531
425, 81, 1.775154
425, 82, -0.121790
425, 83, 1.218934
425, 84, 0.939994
425, 85, 2.945451
425, 86, 3.272083
425, 87, 2.361065
425, 88, 1.398646
425, 89, 0.544654
425, 90, 1.203637
425, 91, 1.401642
425, 92, 0.672629
425, 93, 2.671131
425, 94, 1.653666
425, 95, 0.924425
425, 96, 1.645315
425, 97, 4.303331
425, 98, 2.143600
425, 99, 1.159450
425, 100, 0.792004
425, 101, -0.031273
425, 102, 1.856339
425, 103, 0.000000
425, 104, 3.530660
425, 105, 2.740663
425, 106, 1.431670
425, 107, 1.922775
425, 108, 0.639675
425, 109, -0.016499
425, 110, 1.771988
425, 111, 0.828379
425, 112, 1.185186
425, 113, 3.552644
425, 114, 1.068332
425, 115, 2.084234
425, 116, 1.442276
425, 117, 2.359978
425, 118, 1.602188
425, 119, 1.334032
425, 120, 2.296069
425, 121, 3.677206
425, 122, 2.491351
425, 123, 0.346461
425, 124, 2.149925
425, 125, 4.283071
425, 126, 1.194480
425, 127, 0.838413
425, 128, 0.578898
425, 129, 0.074872
425, 130, 1.536904
425, 131, 1.765901
425, 132, 1.445085
425, 133, 0.903713
425, 134, 1.165754
425, 135, 0.744959
425, 136, 0.315877
425, 137, 1.592571
425, 138, 0.987940
425, 139, 0.937750
425, 140, 3.508153
425, 141, 2.065919
425, 142, 3.159137
425, 143, 1.952261
425, 144, 1.581656
425, 145, 1.208066
425, 146, 1.966183
425, 147, 3.880387
425, 148, 2.469827
425, 149, 3.525666
425, 150, 1.562608
425, 151, 1.920881
425, 152, 2.082449
425, 153, 0.000000
425, 154, 1.593774
425, 155, 2.281387
425, 156, -0.010000
425, 157, 3.017190
425, 158, 1.993107
425, 159, 1.082500
425, 160, 2.942768
425, 161, 2.063346
425, 162, 3.453255
425, 163, 2.510499
425, 164, 3.356860
425, 165, 3.000343
425, 166, 3.629167
425, 167, 1.409328
425, 168, 0.369980
425, 169, 1.761424
425, 170, 1.509260
425, 171, 2.801521
425, 172, 2.347332
425, 173, 2.610878
425, 174, 2.022601
425, 175, 1.170068
425, 176, 3.356692
425, 177, 2.480700
425, 178, 0.529260
425, 179, 3.037735
425, 180, 3.509789
425, 181, 0.965567
425, 182, 3.133410
425, 183, -0.040000
425, 184, 0.640331
425, 185, 1.880346
425, 186, 3.370665
425, 187, 0.000000
425, 188, 2.163379
425, 189, 2.934731
425, 190, 2.387929
425, 191, 0.717938
425, 192, 2.161529
425, 193, 2.744288
425, 194, 1.537434
425, 195, -0.255043
425, 196, 3.971248
425, 197, 2.383297
425, 198, 2.284111
425, 199, 1.452205
427, 0, 1.503664
427, 1, 1.547396
427, 2, 2.199508
427, 3, 1.150859
427, 4, -0.339888
427, 5, 1.944599
427, 6, -0.000013
427, 7, 1.283834
427, 8, 3.356385
427, 9, 1.717014
427, 10, 1.799201
427, 11, 2.271102
427, 12, 2.541913
427, 13, 0.000000
427, 14, 2.589345
427, 15, 2.448242
427, 16, 1.129258
427, 17, 3.227112
427, 18, 3.587117
427, 19, 2.605334
427, 20, 4.237599
427, 21, 0.436530
427, 22, 2.161510
427, 23, 1.270559
427, 24, 1.140141
427, 25, 2.046121
427, 26, 1.408293
427, 27, 0.812977
427, 28, 1.969521
427, 29, 1.921051
427, 30, 0.668950
427, 31, 2.625543
427, 32, -0.040000
427, 33, 2.724275
427, 34, 2.387707
427, 35, 2.601403
427, 36, 2.291134
427, 37, 1.710773
427, 38, 0.375477
427, 39, 1.567825
427, 40, 2.691563
427, 41, 1.721099
427, 42, 1.011686
427, 43, 1.442728
427, 44, 0.519650
427, 45, 1.426276
427, 46, 2.235428
427, 47, 1.415481
427, 48, 2.591510
427, 49, -0.160065
427, 50, 2.187935
427, 51, 0.700052
427, 52, 1.514256
427, 53, -0.000015
427, 54, 2.730502
427, 55, 3.170206
427, 56, 2.522219
427, 57, 2.953549
427, 58, 0.829374
427, 59, 1.691667
427, 60, 0.000000
427, 61, 1.402721
427, 62, 2.046886
427, 63, 1.722669
427, 64, 2.057648
427, 65, 3.465019
427, 66, 1.750670
427, 67, 2.514823
427, 68, 1.616038
427, 69, 2.722671
427, 70, 2.952088
427, 71, 2.594463
427, 72, 3.795655
427, 73, 3.220195
427, 74, 1.580833
427, 75, 1.934788
427, 76, 1.049166
427, 77, 1.420346
427, 78, 1.805377
427, 79, 2.797782
427, 80, 2.670403
427, 81, 1.801099
427, 82, -0.116901
427, 83, 1.218934
427, 84, 0.939994
427, 85, 2.945450
427, 86, 3.271754
427, 87, 2.334270
427, 88, 1.398646
427, 89, 0.544654
427, 90, 1.203638
427, 91, 1.388124
427, 92, 0.672629
427, 93, 2.658556
427, 94, 1.656108
427, 95, 0.938049
427, 96, 1.633496
427, 97, 4.272237
427, 98, 2.153544
427, 99, 1.159450
427, 100, 0.792004
427, 101, -0.031273
427, 102, 1.856339
427, 103, 0.000000
427, 104, 3.528032
427, 105, 2.728807
427, 106, 1.431670
427, 107, 1.910659
427, 108, 0.639675
427, 109, -0.016499
427, 110, 1.771988
427, 111, 0.827759
427, 112, 1.185186
427, 113, 3.547104
427, 114, 1.068332
427, 115, 1.999777
427, 116, 1.442276
427, 117, 2.359978
427, 118, 1.587308
427, 119, 1.334032
427, 120, 2.296070
427, 121, 3.615788
427, 122, 2.491351
427, 123, 0.346461
427, 124, 2.149925
427, 125, 4.258394
427, 126, 1.195518
427, 127, 0.838413
427, 128, 0.580474
427, 129, 0.074872
427, 130, 1.536904
427, 131, 1.765901
427, 132, 1.449992
427, 133, 0.903704
427, 134, 1.165754
427, 135, 0.744959
427, 136, 0.291386
427, 137, 1.592022
427, 138, 0.987940
427, 139, 0.937750
427, 140, 3.513803
427, 141, 2.065919
427, 142, 3.147620
427, 143, 1.944588
427, 144, 1.581656
427, 145, 1.208066
427, 146, 1.966183
427, 147, 3.909953
427, 148, 2.469827
427, 149, 3.525404
427, 150, 1.562608
427, 151, 1.918482
427, 152, 2.083472
427, 153, 0.000000
427, 154, 1.593774
427, 155, 2.281393
427, 156, -0.010000
427, 157, 3.017340
427, 158, 1.993107
427, 159, 1.073654
427, 160, 2.912755
427, 161, 2.020194
427, 162, 3.456146
427, 163, 2.510499
427, 164, 3.356861
427, 165, 2.998192
427, 166, 3.628697
427, 167, 1.409328
427, 168, 0.369980
427, 169, 1.760252
427, 170, 1.509260
427, 171, 2.813122
427, 172, 2.343960
427, 173, 2.610226
427, 174, 2.045881
427, 175, 1.181022
427, 176, 3.356692
427, 177, 2.491931
427, 178, 0.529260
427, 179, 3.035123
427, 180, 3.500648
427, 181, 0.965567
427, 182, 3.133410
427, 183, -0.040000
427, 184, 0.640331
427, 185, 1.880346
427, 186, 3.356763
427, 187, 0.000000
427, 188, 2.156490
427, 189, 2.957110
427, 190, 2.387929
427, 191, 0.717938
427, 192, 2.150200
427, 193, 2.733449
427, 194, 1.537430
427, 195, -0.255044
427, 196, 3.983079
427, 197, 2.383297
427, 198, 2.284086
427, 199, 1.452204
429, 0, 1.503985
429, 1, 1.547395
429, 2, 2.234964
429, 3, 1.192860
429, 4, -0.339888
429, 5, 1.981383
429, 6, -0.000013
429, 7, 1.283834
429, 8, 3.467146
429, 9, 1.717014
429, 10, 1.799201
429, 11, 2.431085
429, 12, 2.661674
429, 13, 0.000000
429, 14, 2.589216
429, 15, 2.483871
429, 16, 1.168128
429, 17, 3.228885
429, 18, 3.588478
429, 19, 2.593091
429, 20, 4.286993
429, 21, 0.436530
429, 22, 2.178479
429, 23, 1.270559
429, 24, 1.188595
429, 25, 2.046121
429, 26, 1.521960
429, 27, 0.842982
429, 28, 1.962657
429, 29, 1.921051
429, 30, 0.668950
429, 31, 2.614293
429, 32, -0.040000
429, 33, 2.904209
429, 34, 2.394347
429, 35, 2.600937
429, 36, 2.292003
429, 37, 1.682427
429, 38, 0.375477
429, 39, 1.567825
429, 40, 2.697391
429, 41, 1.721173
429, 42, 1.011686
429, 43, 1.442728
429, 44, 0.519650
429, 45, 1.428163
429, 46, 2.415367
429, 47, 1.415481
429, 48, 2.780421
429, 49, -0.160065
429, 50, 2.187935
429, 51, 0.700052
429, 52, 1.514256
429, 53, -0.000015
429, 54, 2.886932
429, 55, 3.170692
429, 56, 2.517080
429, 57, 2.953336
429, 58, 0.829374
429, 59, 1.691667
429, 60, 0.000000
429, 61, 1.405779
429, 62, 2.046886
429, 63, 1.722669
429, 64, 2.057648
429, 65, 3.466014
429, 66, 1.810680
429, 67, 2.514823
429, 68, 1.616038
429, 69, 2.759414
429, 70, 2.955033
429, 71, 2.582794
429, 72, 3.933206
429, 73, 3.397593
429, 74, 1.580833
429, 75, 1.934788
429, 76, 1.050804
429, 77, 1.420346
429, 78, 1.805377
429, 79, 2.797782
429, 80, 2.849293
429, 81, 1.774032
429, 82, -0.118136
429, 83, 1.218934
429, 84, 0.939994
429, 85, 2.945451
429, 86, 3.282149
429, 87, 2.334270
429, 88, 1.398646
429, 89, 0.544654
429, 90, 1.203637
429, 91, 1.381954
429, 92, 0.672629
429, 93, 2.664112
429, 94, 1.660693
429, 95, 0.932490
429, 96, 1.734689
429, 97, 4.305455
429, 98, 2.241794
429, 99, 1.159450
429, 100, 0.792004
429, 101, -0.031273
429, 102, 1.856339
429, 103, 0.000000
429, 104, 3.532801
429, 105, 2.788353
429, 106, 1.435948
429, 107, 1.925795
429, 108, 0.639675
429, 109, -0.016499
429, 110, 1.783521
429, 111, 0.827473
429, 112, 1.185186
429, 113, 3.742045
429, 114, 1.098320
429, 115, 2.084990
429, 116, 1.473978
429, 117, 2.359978
429, 118, 1.597710
429, 119, 1.334032
429, 120, 2.296070
429, 121, 3.675911
429, 122, 2.595231
429, 123, 0.346461
429, 124, 2.149925
429, 125, 4.285614
429, 126, 1.197086
429, 127, 0.838413
429, 128, 0.562422
429, 129, 0.075933
429, 130, 1.626919
429, 131, 1.873875
429, 132, 1.454610
429, 133, 0.903698
429, 134, 1.165754
429, 135, 0.774964
429, 136, 0.266882
429, 137, 1.591737
429, 138, 0.992005
429, 139, 0.937750
429, 140, 3.670076
429, 141, 2.255623
429, 142, 3.126333
429, 143, 1.950399
429, 144, 1.581656
429, 145, 1.208066
429, 146, 1.966183
429, 147, 3.872941
429, 148, 2.469827
429, 149, 3.525012
429, 150, 1.682628
429, 151, 2.108047
429, 152, 2.084474
429, 153, 0.000000
429, 154, 1.593774
429, 155, 2.281395
429, 156, -0.010000
429, 157, 3.020667
429, 158, 1.993107
429, 159, 1.083128
429, 160, 2.947646
429, 161, 2.254369
429, 162, 3.618399
429, 163, 2.510499
429, 164, 3.356858
429, 165, 2.998848
429, 166, 3.820649
429, 167, 1.469337
429, 168, 0.369980
429, 169, 1.790025
429, 170, 1.509260
429, 171, 2.806046
429, 172, 2.351633
429, 173, 2.610748
429, 174, 2.071699
429, 175, 1.190840
429, 176, 3.359288
429, 177, 2.491410
429, 178, 0.529260
429, 179, 3.040300
429, 180, 3.699430
429, 181, 0.965567
429, 182, 3.133410
429, 183, -0.040000
429, 184, 0.730345
429, 185, 1.880346
429, 186, 3.555995
429, 187, 0.000000
429, 188, 2.168565
429, 189, 2.955205
429, 190, 2.387929
429, 191, 0.717938
429, 192, 2.140885
429, 193, 2.926622
429, 194, 1.537429
429, 195, -0.255044
429, 196, 4.147105
429, 197, 2.385955
429, 198, 2.284085
429, 199, 1.452204
431, 0, 1.503664
431, 1, 1.547395
431, 2, 2.282836
431, 3, 1.150857
431, 4, -0.339888
431, 5, 1.944640
431, 6, -0.000013
431, 7, 1.283830
431, 8, 3.329648
431, 9, 1.717014
431, 10, 1.799200
431, 11, 2.271102
431, 12, 2.521945
431, 13, 0.000000
431, 14, 2.589481
431, 15, 2.428861
431, 16, 1.129258
431, 17, 3.228491
431, 18, 3.584492
431, 19, 2.605803
431, 20, 4.294438
431, 21, 0.436530
431, 22, 2.161510
431, 23, 1.270559
431, 24, 1.208838
431, 25, 2.046121
431, 26, 1.361338
431, 27, 0.812977
431, 28, 1.970455
431, 29, 1.920626
431, 30, 0.668950
431, 31, 2.606044
431, 32, -0.040000
431, 33, 2.736074
431, 34, 2.390146
431, 35, 2.601086
431, 36, 2.292511
431, 37, 1.724987
431, 38, 0.375477
431, 39, 1.567825
431, 40, 2.691563
431, 41, 1.721187
431, 42, 1.011686
431, 43, 1.442728
431, 44, 0.519650
431, 45, 1.427151
431, 46, 2.086432
431, 47, 1.415481
431, 48, 2.589356
431, 49, -0.160065
431, 50, 2.187935
431, 51, 0.700052
431, 52, 1.514256
431, 53, -0.000015
431, 54, 2.711480
431, 55, 3.168622
431, 56, 2.521708
431, 57, 2.953539
431, 58, 0.829374
431, 59, 1.691667
431, 60, 0.000000
431, 61, 1.402721
431, 62, 2.046886
431, 63, 1.722669
431, 64, 2.057648
431, 65, 3.465485
431, 66, 1.750670
431, 67, 2.514823
431, 68, 1.616038
431, 69, 2.722671
431, 70, 2.955138
431, 71, 2.582934
431, 72, 3.798039
431, 73, 3.214041
431, 74, 1.580833
431, 75, 1.934788
431, 76, 1.049166
431, 77, 1.420346
431, 78, 1.805377
431, 79, 2.797783
431, 80, 2.671040
431, 81, 1.813042
431, 82, -0.117372
431, 83, 1.218934
431, 84, 0.939994
431, 85, 2.945451
431, 86, 3.301454
431, 87, 2.334270
431, 88, 1.398646
431, 89, 0.544654
431, 90, 1.203635
431, 91, 1.375427
431, 92, 0.672629
431, 93, 2.644468
431, 94, 1.649756
431, 95, 0.939804
431, 96, 1.621032
431, 97, 4.306522
431, 98, 2.158611
431, 99, 1.159450
431, 100, 0.792004
431, 101, -0.031273
431, 102, 1.856339
431, 103, 0.000000
431, 104, 3.533316
431, 105, 2.756953
431, 106, 1.431670
431, 107, 1.916115
431, 108, 0.639675
431, 109, -0.016499
431, 110, 1.771988
431, 111, 0.827705
431, 112, 1.185186
431, 113, 3.510549
431, 114, 1.068332
431, 115, 1.998375
431, 116, 1.442276
431, 117, 2.359978
431, 118, 1.584336
431, 119, 1.334032
431, 120, 2.296069
431, 121, 3.686270
431, 122, 2.491351
431, 123, 0.346461
431, 124, 2.149925
431, 125, 4.290206
431, 126, 1.198243
431, 127, 0.838413
431, 128, 0.513854
431, 129, 0.074872
431, 130, 1.536905
431, 131, 1.765902
431, 132, 1.458935
431, 133, 0.903695
431, 134, 1.165754
431, 135, 0.744959
431, 136, 0.242407
431, 137, 1.591278
431, 138, 0.987940
431, 139, 0.937750
431, 140, 3.520888
431, 141, 2.065919
431, 142, 3.145570
431, 143, 1.945822
431, 144, 1.581656
431, 145, 1.208066
431, 146, 1.966183
431, 147, 3.910787
431, 148, 2.469827
431, 149, 3.525402
431, 150, 1.562608
431, 151, 1.919473
431, 152, 2.085451
431, 153, 0.000000
431, 154, 1.593774
431, 155, 2.281396
431, 156, -0.010000
431, 157, 3.007151
431, 158, 1.993107
431, 159, 1.071481
431, 160, 2.917983
431, 161, 2.062409
431, 162, 3.451948
431, 163, 2.510499
431, 164, 3.356861
431, 165, 2.998438
431, 166, 3.633904
431, 167, 1.409328
431, 168, 0.369980
431, 169, 1.759924
431, 170, 1.509260
431, 171, 2.803663
431, 172, 2.347597
431, 173, 2.610044
431, 174, 1.983353
431, 175, 1.201741
431, 176, 3.357840
431, 177, 2.493606
431, 178, 0.529260
431, 179, 3.040904
431, 180, 3.436024
431, 181, 0.965567
431, 182, 3.133410
431, 183, -0.040000
431, 184, 0.640331
431, 185, 1.880346
431, 186, 3.370664
431, 187, 0.000000
431, 188, 2.175593
431, 189, 2.967973
431, 190, 2.387929
431, 191, 0.717938
431, 192, 2.162909
431, 193, 2.742045
431, 194, 1.537426
431, 195, -0.255041
431, 196, 3.981450
431, 197, 2.385955
431, 198, 2.284087
431, 199, 1.452204
433, 0, 1.503664
433, 1, 1.547395
433, 2, 2.232991
433, 3, 1.150858
433, 4, -0.339888
433, 5, 1.948101
433, 6, -0.000013
433, 7, 1.283832
433, 8, 3.332529
433, 9, 1.717014
433, 10, 1.799201
433, 11, 2.271102
433, 12, 2.528290
433, 13, 0.000000
433, 14, 2.589068
433, 15, 2.466656
433, 16, 1.129258
433, 17, 3.228880
433, 18, 3.587657
433, 19, 2.596781
433, 20, 4.290572
433, 21, 0.436530
433, 22, 2.161510
433, 23, 1.270559
433, 24, 1.235053
433, 25, 2.046121
433, 26, 1.400630
433, 27, 0.812977
433, 28, 1.975318
433, 29, 1.915957
433, 30, 0.668950
433, 31, 2.610609
433, 32, -0.040000
433, 33, 2.715447
433, 34, 2.398810
433, 35, 2.600748
433, 36, 2.290377
433, 37, 1.474227
433, 38, 0.375477
433, 39, 1.567825
433, 40, 2.691563
433, 41, 1.721213
433, 42, 1.011686
433, 43, 1.442728
433, 44, 0.519650
433, 45, 1.422738
433, 46, 2.172812
433, 47, 1.415481
433, 48, 2.589682
433, 49, -0.160065
433, 50, 2.187935
433, 51, 0.700052
433, 52, 1.514256
433, 53, -0.000015
433, 54, 2.735605
433, 55, 3.170463
433, 56, 2.512005
433, 57, 2.953357
433, 58, 0.829374
433, 59, 1.691667
433, 60, 0.000000
433, 61, 1.402721
433, 62, 2.046885
433, 63, 1.722669
433, 64, 2.057648
433, 65, 3.481530
433, 66, 1.750670
433, 67, 2.514823
433, 68, 1.616038
433, 69, 2.722671
433, 70, 2.954931
433, 71, 2.582990
433, 72, 3.799235
433, 73, 3.211167
433, 74, 1.580833
433, 75, 1.934788
433, 76, 1.049166
433, 77, 1.420346
433, 78, 1.805377
433, 79, 2.797782
433, 80, 2.672379
433, 81, 1.828314
433, 82, -0.112305
433, 83, 1.218934
433, 84, 0.939994
433, 85, 2.945451
433, 86, 3.302809
433, 87, 2.334270
433, 88, 1.398646
433, 89, 0.544654
433, 90, 1.203635
433, 91, 1.361035
433, 92, 0.672629
433, 93, 2.659095
433, 94, 1.659917
433, 95, 0.941691
433, 96, 1.632846
433, 97, 4.306638
433, 98, 2.134318
433, 99, 1.159450
433, 100, 0.792004
433, 101, -0.031273
433, 102, 1.856339
433, 103, 0.000000
433, 104, 3.532218
433, 105, 2.749187
433, 106, 1.431670
433, 107, 1.909925
433, 108, 0.639675
433, 109, -0.016499
433, 110, 1.771988
433, 111, 0.828462
433, 112, 1.185186
433, 113, 3.552727
433, 114, 1.068332
433, 115, 2.084360
433, 116, 1.442276
433, 117, 2.359978
433, 118, 1.578578
433, 119, 1.334032
433, 120, 2.296070
433, 121, 3.606204
433, 122, 2.491351
433, 123, 0.346461
433, 124, 2.149925
433, 125, 4.268151
433, 126, 1.199405
433, 127, 0.838413
433, 128, 0.513854
433, 129, 0.074872
433, 130, 1.536904
433, 131, 1.765901
433, 132, 1.462964
433, 133, 0.903692
433, 134, 1.165754
433, 135, 0.744959
433, 136, -0.016891
433, 137, 1.590839
433, 138, 0.987940
433, 139, 0.937750
433, 140, 3.511525
433, 141, 2.065919
433, 142, 3.140121
433, 143, 1.942729
433, 144, 1.581656
433, 145, 1.208066
433, 146, 1.966183
433, 147, 3.911577
433, 148, 2.469827
433, 149, 3.525119
433, 150, 1.562608
433, 151, 1.921418
433, 152, 2.086161
433, 153, 0.000000
433, 154, 1.593774
433, 155, 2.281397
433, 156, -0.010000
433, 157, 3.011236
433, 158, 1.993107
433, 159, 1.076222
433, 160, 2.948992
433, 161, 1.975578
433, 162, 3.448382
433, 163, 2.510499
433, 164, 3.357442
433, 165, 2.996703
433, 166, 3.621943
433, 167, 1.409328
433, 168, 0.369980
433, 169, 1.760054
433, 170, 1.509260
433, 171, 2.818250
433, 172, 2.328362
433, 173, 2.610857
433, 174, 2.025666
433, 175, 1.211477
433, 176, 3.360828
433, 177, 2.486221
433, 178, 0.529260
433, 179, 3.039857
433, 180, 3.518189
433, 181, 0.965567
433, 182, 3.133410
433, 183, -0.040000
433, 184, 0.640331
433, 185, 1.880346
433, 186, 3.356395
433, 187, 0.000000
433, 188, 2.177920
433, 189, 2.989990
433, 190, 2.387929
433, 191, 0.717938
433, 192, 2.142839
433, 193, 2.742619
433, 194, 1.537426
433, 195, -0.255042
433, 196, 3.981689
433, 197, 2.386793
433, 198, 2.284083
433, 199, 1.452204
435, 0, 1.503664
435, 1, 1.547395
435, 2, 2.251321
435, 3, 1.150858
435, 4, -0.339888
435, 5, 1.951355
435, 6, -0.000013
435, 7, 1.283833
435, 8, 3.340917
435, 9, 1.717014
435, 10, 1.799201
435, 11, 2.271102
435, 12, 2.527379
435, 13, 0.000000
435, 14, 2.589272
435, 15, 2.386033
435, 16, 1.129258
435, 17, 3.230093
435, 18, 3.588639
435, 19, 2.593091
435, 20, 4.272041
435, 21, 0.436530
435, 22, 2.161510
435, 23, 1.270559
435, 24, 1.259192
435, 25, 2.046121
435, 26, 1.512192
435, 27, 0.842982
435, 28, 1.976977
435, 29, 1.914485
435, 30, 0.668950
435, 31, 2.617011
435, 32, -0.040000
435, 33, 2.936717
435, 34, 2.374877
435, 35, 2.600853
435, 36, 2.287627
435, 37, 1.610013
435, 38, 0.375477
435, 39, 1.567825
435, 40, 2.697391
435, 41, 1.721209
435, 42, 1.011686
435, 43, 1.442728
435, 44, 0.519650
435, 45, 1.421367
435, 46, 2.381523
435, 47, 1.415481
435, 48, 2.779773
435, 49, -0.160065
435, 50, 2.187935
435, 51, 0.700052
435, 52, 1.514256
435, 53, -0.000015
435, 54, 2.889410
435, 55, 3.170015
435, 56, 2.514322
435, 57, 2.953528
435, 58, 0.829374
435, 59, 1.691667
435, 60, 0.000000
435, 61, 1.405779
435, 62, 2.046886
435, 63, 1.722669
435, 64, 2.057648
435, 65, 3.479484
435, 66, 1.810680
435, 67, 2.514823
435, 68, 1.616038
435, 69, 2.759414
435, 70, 2.955043
435, 71, 2.583004
435, 72, 3.946014
435, 73, 3.394408
435, 74, 1.580833
435, 75, 1.934788
435, 76, 1.050804
435, 77, 1.420346
435, 78, 1.805377
435, 79, 2.797782
435, 80, 2.853283
435, 81, 1.759642
435, 82, -0.111340
435, 83, 1.218934
435, 84, 0.939994
435, 85, 2.945451
435, 86, 3.309647
435, 87, 2.334270
435, 88, 1.398646
435, 89, 0.544654
435, 90, 1.203635
435, 91, 1.351612
435, 92, 0.672629
435, 93, 2.655870
435, 94, 1.662230
435, 95, 0.945749
435, 96, 1.756041
435, 97, 4.362749
435, 98, 2.213337
435, 99, 1.159450
435, 100, 0.792004
435, 101, -0.031273
435, 102, 1.856339
435, 103, 0.000000
435, 104, 3.530934
435, 105, 2.742034
435, 106, 1.435948
435, 107, 1.933921
435, 108, 0.639675
435, 109, -0.016499
435, 110, 1.783521
435, 111, 0.828707
435, 112, 1.185186
435, 113, 3.763562
435, 114, 1.098320
435, 115, 1.999549
435, 116, 1.473978
435, 117, 2.359978
435, 118, 1.602381
435, 119, 1.334032
435, 120, 2.296069
435, 121, 3.666875
435, 122, 2.595231
435, 123, 0.346461
435, 124, 2.149925
435, 125, 4.287095
435, 126, 1.200653
435, 127, 0.838413
435, 128, 0.513854
435, 129, 0.075933
435, 130, 1.626919
435, 131, 1.873875
435, 132, 1.465644
435, 133, 0.903691
435, 134, 1.165754
435, 135, 0.774964
435, 136, 0.236954
435, 137, 1.590457
435, 138, 0.992005
435, 139, 0.937750
435, 140, 3.670809
435, 141, 2.255623
435, 142, 3.144334
435, 143, 1.955162
435, 144, 1.581656
435, 145, 1.208066
435, 146, 1.966183
435, 147, 3.910457
435, 148, 2.469827
435, 149, 3.525354
435, 150, 1.682628
435, 151, 2.108363
435, 152, 2.086389
435, 153, 0.000000
435, 154, 1.593774
435, 155, 2.281398
435, 156, -0.010000
435, 157, 3.011240
435, 158, 1.993107
435, 159, 1.076222
435, 160, 2.930985
435, 161, 2.036048
435, 162, 3.455285
435, 163, 2.510499
435, 164, 3.356859
435, 165, 2.995816
435, 166, 3.633637
435, 167, 1.409328
435, 168, 0.369980
435, 169, 1.760414
435, 170, 1.509260
435, 171, 2.798968
435, 172, 2.345742
435, 173, 2.610197
435, 174, 2.061283
435, 175, 1.219725
435, 176, 3.360828
435, 177, 2.492023
435, 178, 0.529260
435, 179, 3.046098
435, 180, 3.512233
435, 181, 0.965567
435, 182, 3.133410
435, 183, -0.040000
435, 184, 0.640331
435, 185, 1.880346
435, 186, 3.346116
435, 187, 0.000000
435, 188, 2.167199
435, 189, 2.989996
435, 190, 2.387929
435, 191, 0.717938
435, 192, 2.164407
435, 193, 2.742796
435, 194, 1.537429
435, 195, -0.255043
435, 196, 3.981922
435, 197, 2.382256
435, 198, 2.284096
435, 199, 1.452204
437, 0, 1.503664
437, 1, 1.547396
437, 2, 2.276404
437, 3, 1.150859
437, 4, -0.339888
437, 5, 1.952080
437, 6, -0.000013
437, 7, 1.283834
437, 8, 3.356443
437, 9, 1.717014
437, 10, 1.799201
437, 11, 2.271102
437, 12, 2.538641
437, 13, 0.000000
437, 14, 2.589413
437, 15, 2.408266
437, 16, 1.129258
437, 17, 3.227789
437, 18, 3.585921
437, 19, 2.597167
437, 20, 4.294169
437, 21, 0.436530
437, 22, 2.161510
437, 23, 1.270559
437, 24, 1.254243
437, 25, 2.046121
437, 26, 1.407275
437, 27, 0.812977
437, 28, 1.979380
437, 29, 1.917538
437, 30, 0.668950
437, 31, 2.633126
437, 32, -0.040000
437, 33, 2.778031
437, 34, 2.393001
437, 35, 2.600948
437, 36, 2.289287
437, 37, 1.484586
437, 38, 0.375477
437, 39, 1.567825
437, 40, 2.691563
437, 41, 1.721222
437, 42, 1.011686
437, 43, 1.442728
437, 44, 0.519650
437, 45, 1.422177
437, 46, 2.227089
437, 47, 1.415481
437, 48, 2.594547
437, 49, -0.160065
437, 50, 2.187935
437, 51, 0.700052
437, 52, 1.514256
437, 53, -0.000015
437, 54, 2.722323
437, 55, 3.170153
437, 56, 2.510737
437, 57, 2.953745
437, 58, 0.829374
437, 59, 1.691667
437, 60, 0.000000
437, 61, 1.402721
437, 62, 2.046885
437, 63, 1.722669
437, 64, 2.057648
437, 65, 3.468860
437, 66, 1.750670
437, 67, 2.514823
437, 68, 1.616038
437, 69, 2.722671
437, 70, 2.954875
437, 71, 2.583019
437, 72, 3.798469
437, 73, 3.214034
437, 74, 1.580833
437, 75, 1.934788
437, 76, 1.049166
437, 77, 1.420346
437, 78, 1.805377
437, 79, 2.797782
437, 80, 2.673239
437, 81, 1.765138
437, 82, -0.111825
437, 83, 1.218934
437, 84, 0.939994
437, 85, 2.945451
437, 86, 3.304003
437, 87, 2.334270
437, 88, 1.398646
437, 89, 0.544654
437, 90, 1.203635
437, 91, 1.358358
437, 92, 0.672629
437, 93, 2.674743
437, 94, 1.662321
437, 95, 0.931184
437, 96, 1.638941
437, 97, 4.306333
437, 98, 2.126848
437, 99, 1.159450
437, 100, 0.792004
437, 101, -0.031273
437, 102, 1.856339
437, 103, 0.000000
437, 104, 3.532210
437, 105, 2.749180
437, 106, 1.431670
437, 107, 1.928998
437, 108, 0.639675
437, 109, -0.016499
437, 110, 1.771988
437, 111, 0.828639
437, 112, 1.185186
437, 113, 3.552454
437, 114, 1.068332
437, 115, 2.084888
437, 116, 1.442276
437, 117, 2.359978
437, 118, 1.589916
437, 119, 1.334032
437, 120, 2.296070
437, 121, 3.606380
437, 122, 2.491351
437, 123, 0.346461
437, 124, 2.149925
437, 125, 4.267822
437, 126, 1.201526
437, 127, 0.838413
437, 128, 0.513854
437, 129, 0.074872
437, 130, 1.536904
437, 131, 1.765901
437, 132, 1.467227
437, 133, 0.903690
437, 134, 1.165754
437, 135, 0.744959
437, 136, 0.236954
437, 137, 1.589918
437, 138, 0.987940
437, 139, 0.937750
437, 140, 3.512161
437, 141, 2.065919
437, 142, 3.132154
437, 143, 1.948401
437, 144, 1.581656
437, 145, 1.208066
437, 146, 1.966183
437, 147, 3.889702
437, 148, 2.469827
437, 149, 3.524902
437, 150, 1.562608
437, 151, 1.924572
437, 152, 2.086475
437, 153, 0.000000
437, 154, 1.593774
437, 155, 2.281397
437, 156, -0.010000
437, 157, 3.010715
437, 158, 1.993107
437, 159, 1.071481
437, 160, 2.940825
437, 161, 1.973248
437, 162, 3.429605
437, 163, 2.510499
437, 164, 3.356862
437, 165, 2.996304
437, 166, 3.616694
437, 167, 1.409328
437, 168, 0.369980
437, 169, 1.760722
437, 170, 1.509260
437, 171, 2.812521
437, 172, 2.308360
437, 173, 2.610766
437, 174, 2.092508
437, 175, 1.226901
437, 176, 3.363347
437, 177, 2.478038
437, 178, 0.529260
437, 179, 3.039837
437, 180, 3.508418
437, 181, 0.965567
437, 182, 3.133410
437, 183, -0.040000
437, 184, 0.640331
437, 185, 1.880346
437, 186, 3.376760
437, 187, 0.000000
437, 188, 2.214488
437, 189, 3.019615
437, 190, 2.387929
437, 191, 0.717938
437, 192, 2.139071
437, 193, 2.743756
437, 194, 1.537430
437, 195, -0.255044
437, 196, 3.981667
437, 197, 2.385479
437, 198, 2.284042
437, 199, 1.452204
439, 0, 1.503664
439, 1, 1.547395
439, 2, 2.311688
439, 3, 1.150859
439, 4, -0.339888
439, 5, 1.954173
439, 6, -0.000013
439, 7, 1.283834
439, 8, 3.333061
439, 9, 1.717014
439, 10, 1.799201
439, 11, 2.271102
439, 12, 2.533470
439, 13, 0.000000
439, 14, 2.588381
439, 15, 2.448297
439, 16, 1.129258
439, 17, 3.231863
439, 18, 3.588112
439, 19, 2.593091
439, 20, 4.285072
439, 21, 0.436530
439, 22, 2.161510
439, 23, 1.270559
439, 24, 1.229820
439, 25, 2.046121
439, 26, 1.437449
439, 27, 0.812977
439, 28, 1.979950
439, 29, 1.915614
439, 30, 0.668950
439, 31, 2.627221
439, 32, -0.040000
439, 33, 2.731464
439, 34, 2.353974
439, 35, 2.600167
439, 36, 2.287539
439, 37, 1.625666
439, 38, 0.375477
439, 39, 1.567825
439, 40, 2.691563
439, 41, 1.721363
439, 42, 1.011686
439, 43, 1.442728
439, 44, 0.519650
439, 45, 1.420371
439, 46, 2.251351
439, 47, 1.415481
439, 48, 2.590092
439, 49, -0.160065
439, 50, 2.187935
439, 51, 0.700052
439, 52, 1.514256
439, 53, -0.000015
439, 54, 2.740514
439, 55, 3.159138
439, 56, 2.512570
439, 57, 2.953643
439, 58, 0.829374
439, 59, 1.691667
439, 60, 0.000000
439, 61, 1.402721
439, 62, 2.046885
439, 63, 1.722669
439, 64, 2.057648
439, 65, 3.477561
439, 66, 1.750670
439, 67, 2.514823
439, 68, 1.616038
439, 69, 2.722671
439, 70, 2.952071
439, 71, 2.583021
439, 72, 3.799273
439, 73, 3.213655
439, 74, 1.580833
439, 75, 1.934788
439, 76, 1.049166
439, 77, 1.420346
439, 78, 1.805377
439, 79, 2.797782
439, 80, 2.673297
439, 81, 1.788333
439, 82, -0.110525
439, 83, 1.218934
439, 84, 0.939994
439, 85, 2.945451
439, 86, 3.311329
439, 87, 2.334270
439, 88, 1.398646
439, 89, 0.544654
439, 90, 1.203635
439, 91, 1.347486
439, 92, 0.672629
439, 93, 2.674269
439, 94, 1.667349
439, 95, 0.913098
439, 96, 1.639278
439, 97, 4.304416
439, 98, 2.131011
439, 99, 1.159450
439, 100, 0.792004
439, 101, -0.031273
439, 102, 1.856339
439, 103, 0.000000
439, 104, 3.530820
439, 105, 2.741430
439, 106, 1.431670
439, 107, 1.947730
439, 108, 0.639675
439, 109, -0.016499
439, 110, 1.771988
439, 111, 0.828275
439, 112, 1.185186
439, 113, 3.555032
439, 114, 1.068332
439, 115, 1.998592
439, 116, 1.442276
439, 117, 2.359978
439, 118, 1.567170
439, 119, 1.334032
439, 120, 2.296070
439, 121, 3.666439
439, 122, 2.491351
439, 123, 0.346461
439, 124, 2.149925
439, 125, 4.287784
439, 126, 1.202750
439, 127, 0.838413
439, 128, 0.513854
439, 129, 0.074872
439, 130, 1.536904
439, 131, 1.765901
439, 132, 1.468170
439, 133, 0.903689
439, 134, 1.165754
439, 135, 0.744959
439, 136, 0.236954
439, 137, 1.589561
439, 138, 0.987940
439, 139, 0.937750
439, 140, 3.516551
439, 141, 2.065919
439, 142, 3.114595
439, 143, 1.935961
439, 144, 1.581656
439, 145, 1.208066
439, 146, 1.966183
439, 147, 3.898790
439, 148, 2.469827
439, 149, 3.525440
439, 150, 1.562608
439, 151, 1.925210
439, 152, 2.086506
439, 153, 0.000000
439, 154, 1.593774
439, 155, 2.281398
439, 156, -0.010000
439, 157, 3.010715
439, 158, 1.993107
439, 159, 1.071481
439, 160, 2.941642
439, 161, 2.050825
439, 162, 3.445867
439, 163, 2.510499
439, 164, 3.358027
439, 165, 2.995592
439, 166, 3.624955
439, 167, 1.409328
439, 168, 0.369980
439, 169, 1.760931
439, 170, 1.509260
439, 171, 2.781652
439, 172, 2.352013
439, 173, 2.610072
439, 174, 2.075922
439, 175, 1.233998
439, 176, 3.358074
439, 177, 2.476990
439, 178, 0.529260
439, 179, 3.040832
439, 180, 3.516394
439, 181, 0.965567
439, 182, 3.133410
439, 183, -0.040000
439, 184, 0.640331
439, 185, 1.880346
439, 186, 3.364392
439, 187, 0.000000
439, 188, 2.214488
439, 189, 3.037995
439, 190, 2.387929
439, 191, 0.717938
439, 192, 2.161393
439, 193, 2.745039
439, 194, 1.537431
439, 195, -0.255044
439, 196, 3.978764
439, 197, 2.382256
439, 198, 2.283997
439, 199, 1.452204
441, 0, 1.503664
441, 1, 1.547395
441, 2, 2.304999
441, 3, 1.150856
441, 4, -0.339888
441, 5, 1.955136
441, 6, -0.000013
441, 7, 1.283830
441, 8, 3.360100
441, 9, 1.717014
441, 10, 1.799200
441, 11, 2.271101
441, 12, 2.541802
441, 13, 0.000000
441, 14, 2.588717
441, 15, 2.347284
441, 16, 1.129258
441, 17, 3.231850
441, 18, 3.587319
441, 19, 2.593091
441, 20, 4.227060
441, 21, 0.436530
441, 22, 2.161510
441, 23, 1.270559
441, 24, 1.216730
441, 25, 2.046121
441, 26, 1.457033
441, 27, 0.812977
441, 28, 1.981236
441, 29, 1.916354
441, 30, 0.668950
441, 31, 2.632903
441, 32, -0.040000
441, 33, 2.729049
441, 34, 2.394002
441, 35, 2.600369
441, 36, 2.286669
441, 37, 1.632908
441, 38, 0.375477
441, 39, 1.567825
441, 40, 2.691563
441, 41, 1.721446
441, 42, 1.011686
441, 43, 1.442728
441, 44, 0.519650
441, 45, 1.421070
441, 46, 2.260127
441, 47, 1.415481
441, 48, 2.594632
441, 49, -0.160065
441, 50, 2.187935
441, 51, 0.700052
441, 52, 1.514256
441, 53, -0.000015
441, 54, 2.781786
441, 55, 3.169204
441, 56, 2.512909
441, 57, 2.953871
441, 58, 0.829374
441, 59, 1.691667
441, 60, 0.000000
441, 61, 1.402721
441, 62, 2.046886
441, 63, 1.722669
441, 64, 2.057648
441, 65, 3.468644
441, 66, 1.750670
441, 67, 2.514823
441, 68, 1.616038
441, 69, 2.722671
441, 70, 2.953979
441, 71, 2.583025
441, 72, 3.798563
441, 73, 3.215906
441, 74, 1.580833
441, 75, 1.934788
441, 76, 1.049166
441, 77, 1.420346
441, 78, 1.805377
441, 79, 2.797783
441, 80, 2.673136
441, 81, 1.789768
441, 82, -0.110939
441, 83, 1.218931
441, 84, 0.939994
441, 85, 2.945451
441, 86, 3.305291
441, 87, 2.334270
441, 88, 1.398646
441, 89, 0.544654
441, 90, 1.203633
441, 91, 1.354430
441, 92, 0.672629
441, 93, 2.671466
441, 94, 1.660172
441, 95, 0.905982
441, 96, 1.642179
441, 97, 4.266918
441, 98, 2.127102
441, 99, 1.159450
441, 100, 0.792004
441, 101, -0.031273
441, 102, 1.856339
441, 103, 0.000000
441, 104, 3.527725
441, 105, 2.727712
441, 106, 1.431670
441, 107, 1.937052
441, 108, 0.639675
441, 109, -0.016499
441, 110, 1.771988
441, 111, 0.827995
441, 112, 1.185186
441, 113, 3.555694
441, 114, 1.068332
441, 115, 2.084455
441, 116, 1.442276
441, 117, 2.359978
441, 118, 1.574064
441, 119, 1.334032
441, 120, 2.296069
441, 121, 3.605094
441, 122, 2.491351
441, 123, 0.346461
441, 124, 2.149925
441, 125, 4.267043
441, 126, 1.204367
441, 127, 0.838413
441, 128, 0.513854
441, 129, 0.074872
441, 130, 1.536905
441, 131, 1.765901
441, 132, 1.468734
441, 133, 0.903681
441, 134, 1.165754
441, 135, 0.744959
441, 136, 0.236954
441, 137, 1.589400
441, 138, 0.987940
441, 139, 0.937750
441, 140, 3.510588
441, 141, 2.065919
441, 142, 3.136243
441, 143, 1.937168
441, 144, 1.581656
441, 145, 1.208066
441, 146, 1.966183
441, 147, 3.904687
441, 148, 2.469827
441, 149, 3.525415
441, 150, 1.562608
441, 151, 1.929028
441, 152, 2.086518
441, 153, 0.000000
441, 154, 1.593774
441, 155, 2.281397
441, 156, -0.010000
441, 157, 3.011187
441, 158, 1.993107
441, 159, 1.080380
441, 160, 2.940251
441, 161, 2.012549
441, 162, 3.449997
441, 163, 2.510499
441, 164, 3.357683
441, 165, 2.996086
441, 166, 3.626398
441, 167, 1.409328
441, 168, 0.369980
441, 169, 1.761208
441, 170, 1.509260
441, 171, 2.808410
441, 172, 2.342937
441, 173, 2.610841
441, 174, 2.039991
441, 175, 1.237266
441, 176, 3.358074
441, 177, 2.476420
441, 178, 0.529260
441, 179, 3.039869
441, 180, 3.514346
441, 181, 0.965567
441, 182, 3.133410
441, 183, -0.040000
441, 184, 0.640331
441, 185, 1.880346
441, 186, 3.356254
441, 187, 0.000000
441, 188, 2.214488
441, 189, 3.058329
441, 190, 2.387929
441, 191, 0.717938
441, 192, 2.150647
441, 193, 2.741318
441, 194, 1.537429
441, 195, -0.255041
441, 196, 3.982476
441, 197, 2.382256
441, 198, 2.284005
441, 199, 1.452205
443, 0, 1.503664
443, 1, 1.547395
443, 2, 2.294711
443, 3, 1.150858
443, 4, -0.339888
443, 5, 1.956192
443, 6, -0.000013
443, 7, 1.283832
443, 8, 3.353438
443, 9, 1.717014
443, 10, 1.799201
443, 11, 2.271102
443, 12, 2.536629
443, 13, 0.000000
443, 14, 2.588888
443, 15, 2.393502
443, 16, 1.129258
443, 17, 3.231167
443, 18, 3.586829
443, 19, 2.593091
443, 20, 4.287316
443, 21, 0.436530
443, 22, 2.162809
443, 23, 1.270559
443, 24, 1.216949
443, 25, 2.046121
443, 26, 1.389967
443, 27, 0.812977
443, 28, 1.982042
443, 29, 1.915980
443, 30, 0.668950
443, 31, 2.627051
443, 32, -0.040000
443, 33, 2.746879
443, 34, 2.305564
443, 35, 2.600452
443, 36, 2.289740
443, 37, 1.683947
443, 38, 0.375477
443, 39, 1.567825
443, 40, 2.691563
443, 41, 1.721543
443, 42, 1.011686
443, 43, 1.442728
443, 44, 0.519650
443, 45, 1.420720
443, 46, 2.251745
443, 47, 1.415481
443, 48, 2.596663
443, 49, -0.160065
443, 50, 2.187935
443, 51, 0.700052
443, 52, 1.514256
443, 53, -0.000015
443, 54, 2.729302
443, 55, 3.169980
443, 56, 2.515158
443, 57, 2.954021
443, 58, 0.829374
443, 59, 1.691667
443, 60, 0.000000
443, 61, 1.402721
443, 62, 2.046886
443, 63, 1.722669
443, 64, 2.057648
443, 65, 3.457026
443, 66, 1.750670
443, 67, 2.514823
443, 68, 1.616038
443, 69, 2.722671
443, 70, 2.946373
443, 71, 2.583028
443, 72, 3.799332
443, 73, 3.213941
443, 74, 1.580833
443, 75, 1.934788
443, 76, 1.049166
443, 77, 1.420346
443, 78, 1.805377
443, 79, 2.797782
443, 80, 2.673077
443, 81, 1.761100
443, 82, -0.109851
443, 83, 1.218933
443, 84, 0.939994
443, 85, 2.945451
443, 86, 3.312601
443, 87, 2.334270
443, 88, 1.398646
443, 89, 0.544654
443, 90, 1.203634
443, 91, 1.344165
443, 92, 0.672629
443, 93, 2.643149
443, 94, 1.670331
443, 95, 0.920284
443, 96, 1.640629
443, 97, 4.306660
443, 98, 2.129379
443, 99, 1.159450
443, 100, 0.792004
443, 101, -0.031273
443, 102, 1.856339
443, 103, 0.000000
443, 104, 3.532797
443, 105, 2.788878
443, 106, 1.431670
443, 107, 1.950504
443, 108, 0.639675
443, 109, -0.016499
443, 110, 1.771988
443, 111, 0.827442
443, 112, 1.185186
443, 113, 3.544497
443, 114, 1.068332
443, 115, 1.999377
443, 116, 1.442276
443, 117, 2.359978
443, 118, 1.554276
443, 119, 1.334032
443, 120, 2.296070
443, 121, 3.665148
443, 122, 2.491351
443, 123, 0.346461
443, 124, 2.149925
443, 125, 4.287563
443, 126, 1.205532
443, 127, 0.838413
443, 128, 0.513854
443, 129, 0.074872
443, 130, 1.536904
443, 131, 1.765901
443, 132, 1.469073
443, 133, 0.903684
443, 134, 1.165754
443, 135, 0.744959
443, 136, 0.236954
443, 137, 1.589045
443, 138, 0.987940
443, 139, 0.937750
443, 140, 3.516320
443, 141, 2.065919
443, 142, 3.136199
443, 143, 1.926285
443, 144, 1.581656
443, 145, 1.208066
443, 146, 1.966183
443, 147, 3.907439
443, 148, 2.469827
443, 149, 3.524917
443, 150, 1.562608
443, 151, 1.926992
443, 152, 2.086523
443, 153, 0.000000
443, 154, 1.593774
443, 155, 2.281397
443, 156, -0.010000
443, 157, 3.011190
443, 158, 1.993107
443, 159, 1.075947
443, 160, 2.932880
443, 161, 2.064859
443, 162, 3.453103
443, 163, 2.510499
443, 164, 3.356860
443, 165, 2.995415
443, 166, 3.631160
443, 167, 1.409328
443, 168, 0.369980
443, 169, 1.761260
443, 170, 1.509260
443, 171, 2.804362
443, 172, 2.344728
443, 173, 2.610174
443, 174, 2.084967
443, 175, 1.243749
443, 176, 3.358074
443, 177, 2.488456
443, 178, 0.529260
443, 179, 3.042083
443, 180, 3.483904
443, 181, 0.965567
443, 182, 3.133410
443, 183, -0.040000
443, 184, 0.631502
443, 185, 1.880346
443, 186, 3.365288
443, 187, 0.000000
443, 188, 2.214488
443, 189, 3.063194
443, 190, 2.387929
443, 191, 0.717938
443, 192, 2.139313
443, 193, 2.745092
443, 194, 1.537431
443, 195, -0.255042
443, 196, 3.982705
443, 197, 2.385151
443, 198, 2.283969
443, 199, 1.452204
445, 0, 1.503664
445, 1, 1.547395
445, 2, 2.297537
445, 3, 1.150858
445, 4, -0.339888
445, 5, 1.957773
445, 6, -0.000013
445, 7, 1.283833
445, 8, 3.364259
445, 9, 1.717014
445, 10, 1.799201
445, 11, 2.271102
445, 12, 2.529424
445, 13, 0.000000
445, 14, 2.589152
445, 15, 2.273405
445, 16, 1.129258
445, 17, 3.225842
445, 18, 3.588392
445, 19, 2.593091
445, 20, 4.294166
445, 21, 0.436530
445, 22, 2.161510
445, 23, 1.270559
445, 24, 1.214388
445, 25, 2.046121
445, 26, 1.430273
445, 27, 0.812977
445, 28, 1.982546
445, 29, 1.917667
445, 30, 0.668950
445, 31, 2.619617
445, 32, -0.040000
445, 33, 2.738115
445, 34, 2.359482
445, 35, 2.600600
445, 36, 2.291941
445, 37, 1.743670
445, 38, 0.375477
445, 39, 1.567825
445, 40, 2.691563
445, 41, 1.721656
445, 42, 1.011686
445, 43, 1.442728
445, 44, 0.519650
445, 45, 1.422301
445, 46, 2.244229
445, 47, 1.415481
445, 48, 2.596198
445, 49, -0.160065
445, 50, 2.187935
445, 51, 0.700052
445, 52, 1.514256
445, 53, -0.000015
445, 54, 2.743804
445, 55, 3.168508
445, 56, 2.524935
445, 57, 2.954216
445, 58, 0.829374
445, 59, 1.691667
445, 60, 0.000000
445, 61, 1.402721
445, 62, 2.046885
445, 63, 1.722669
445, 64, 2.057648
445, 65, 3.459013
445, 66, 1.750670
445, 67, 2.514823
445, 68, 1.616038
445, 69, 2.722671
445, 70, 2.953853
445, 71, 2.583029
445, 72, 3.799172
445, 73, 3.211747
445, 74, 1.580833
445, 75, 1.934788
445, 76, 1.049166
445, 77, 1.420346
445, 78, 1.805377
445, 79, 2.797782
445, 80, 2.673180
445, 81, 1.796278
445, 82, -0.110857
445, 83, 1.218933
445, 84, 0.939994
445, 85, 2.945450
445, 86, 3.306468
445, 87, 2.334270
445, 88, 1.398646
445, 89, 0.544654
445, 90, 1.203634
445, 91, 1.352931
445, 92, 0.672629
445, 93, 2.657002
445, 94, 1.670104
445, 95, 0.930889
445, 96, 1.642730
445, 97, 4.307056
445, 98, 2.138016
445, 99, 1.159450
445, 100, 0.792004
445, 101, -0.031273
445, 102, 1.856339
445, 103, 0.000000
445, 104, 3.533314
445, 105, 2.756839
445, 106, 1.431670
445, 107, 1.935276
445, 108, 0.639675
445, 109, -0.016499
445, 110, 1.771988
445, 111, 0.827524
445, 112, 1.185186
445, 113, 3.553748
445, 114, 1.068332
445, 115, 2.084811
445, 116, 1.442276
445, 117, 2.359978
445, 118, 1.545386
445, 119, 1.334032
445, 120, 2.296069
445, 121, 3.604688
445, 122, 2.491351
445, 123, 0.346461
445, 124, 2.149925
445, 125, 4.267278
445, 126, 1.205999
445, 127, 0.838413
445, 128, 0.513854
445, 129, 0.074872
445, 130, 1.536904
445, 131, 1.765902
445, 132, 1.469278
445, 133, 0.903685
445, 134, 1.165754
445, 135, 0.744959
445, 136, 0.236954
445, 137, 1.588379
445, 138, 0.987940
445, 139, 0.937750
445, 140, 3.519814
445, 141, 2.065919
445, 142, 3.125227
445, 143, 1.927771
445, 144, 1.581656
445, 145, 1.208066
445, 146, 1.966183
445, 147, 3.894721
445, 148, 2.469827
445, 149, 3.525435
445, 150, 1.562608
445, 151, 1.902559
445, 152, 2.086524
445, 153, 0.000000
445, 154, 1.593774
445, 155, 2.281397
445, 156, -0.010000
445, 157, 3.011040
445, 158, 1.993107
445, 159, 1.075947
445, 160, 2.907040
445, 161, 2.037861
445, 162, 3.451544
445, 163, 2.510499
445, 164, 3.356863
445, 165, 2.995325
445, 166, 3.632778
445, 167, 1.409328
445, 168, 0.369980
445, 169, 1.761261
445, 170, 1.509260
445, 171, 2.802294
445, 172, 2.350113
445, 173, 2.610779
445, 174, 2.037361
445, 175, 1.250035
445, 176, 3.360904
445, 177, 2.488544
445, 178, 0.529260
445, 179, 3.043503
445, 180, 3.518387
445, 181, 0.965567
445, 182, 3.133410
445, 183, -0.040000
445, 184, 0.631502
445, 185, 1.880346
445, 186, 3.364189
445, 187, 0.000000
445, 188, 2.214488
445, 189, 3.069679
445, 190, 2.387929
445, 191, 0.717938
445, 192, 2.161595
445, 193, 2.744984
445, 194, 1.537431
445, 195, -0.255043
445, 196, 3.978501
445, 197, 2.387579
445, 198, 2.283900
445, 199, 1.452204
447, 0, 1.503985
447, 1, 1.547396
447, 2, 2.304548
447, 3, 1.192859
447, 4, -0.339888
447, 5, 2.000659
447, 6, -0.000013
447, 7, 1.283834
447, 8, 3.404859
447, 9, 1.717014
447, 10, 1.799201
447, 11, 2.431086
447, 12, 2.658289
447, 13, 0.000000
447, 14, 2.589189
447, 15, 2.331583
447, 16, 1.168128
447, 17, 3.208671
447, 18, 3.583676
447, 19, 2.593091
447, 20, 4.289916
447, 21, 0.436530
447, 22, 2.178479
447, 23, 1.270559
447, 24, 1.209015
447, 25, 2.046121
447, 26, 1.535586
447, 27, 0.842982
447, 28, 1.982335
447, 29, 1.916934
447, 30, 0.668950
447, 31, 2.614312
447, 32, -0.040000
447, 33, 2.908132
447, 34, 2.385814
447, 35, 2.600608
447, 36, 2.293700
447, 37, 1.777460
447, 38, 0.375477
447, 39, 1.567825
447, 40, 2.697391
447, 41, 1.721854
447, 42, 1.011686
447, 43, 1.442728
447, 44, 0.519650
447, 45, 1.421612
447, 46, 2.436949
447, 47, 1.415481
447, 48, 2.793354
447, 49, -0.160065
447, 50, 2.187935
447, 51, 0.700052
447, 52, 1.514256
447, 53, -0.000015
447, 54, 2.851935
447, 55, 3.170176
447, 56, 2.527692
447, 57, 2.954317
447, 58, 0.829374
447, 59, 1.691667
447, 60, 0.000000
447, 61, 1.402721
447, 62, 2.046885
447, 63, 1.722669
447, 64, 2.057648
447, 65, 3.480734
447, 66, 1.750670
447, 67, 2.514823
447, 68, 1.616038
447, 69, 2.722671
447, 70, 2.955150
447, 71, 2.583028
447, 72, 3.797595
447, 73, 3.210205
447, 74, 1.580833
447, 75, 1.934788
447, 76, 1.049166
447, 77, 1.420346
447, 78, 1.805377
447, 79, 2.797782
447, 80, 2.673335
447, 81, 1.804799
447, 82, -0.110354
447, 83, 1.218934
447, 84, 0.939994
447, 85, 2.945451
447, 86, 3.311194
447, 87, 2.334270
447, 88, 1.398646
447, 89, 0.544654
447, 90, 1.203635
447, 91, 1.346853
447, 92, 0.672629
447, 93, 2.656832
447, 94, 1.668525
447, 95, 0.939081
447, 96, 1.641191
447, 97, 4.306688
447, 98, 2.151294
447, 99, 1.159450
447, 100, 0.792004
447, 101, -0.031273
447, 102, 1.856339
447, 103, 0.000000
447, 104, 3.532292
447, 105, 2.749439
447, 106, 1.431670
447, 107, 1.950571
447, 108, 0.639675
447, 109, -0.016499
447, 110, 1.771988
447, 111, 0.827763
447, 112, 1.185186
447, 113, 3.554721
447, 114, 1.068332
447, 115, 1.998732
447, 116, 1.442276
447, 117, 2.359978
447, 118, 1.554526
447, 119, 1.334032
447, 120, 2.296070
447, 121, 3.661676
447, 122, 2.491351
447, 123, 0.346461
447, 124, 2.149925
447, 125, 4.285716
447, 126, 1.206643
447, 127, 0.838413
447, 128, 0.513854
447, 129, 0.074872
447, 130, 1.536904
447, 131, 1.765901
447, 132, 1.469401
447, 133, 0.903686
447, 134, 1.165754
447, 135, 0.744959
447, 136, 0.236954
447, 137, 1.587815
447, 138, 0.987940
447, 139, 0.937750
447, 140, 3.521773
447, 141, 2.065919
447, 142, 3.139449
447, 143, 1.929938
447, 144, 1.581656
447, 145, 1.208066
447, 146, 1.966183
447, 147, 3.910506
447, 148, 2.469827
447, 149, 3.525397
447, 150, 1.562608
447, 151, 1.923215
447, 152, 2.086525
447, 153, 0.000000
447, 154, 1.593774
447, 155, 2.281397
447, 156, -0.010000
447, 157, 3.011042
447, 158, 1.993107
447, 159, 1.089868
447, 160, 2.857115
447, 161, 1.964341
447, 162, 3.447933
447, 163, 2.510499
447, 164, 3.356863
447, 165, 2.994671
447, 166, 3.621371
447, 167, 1.409328
447, 168, 0.369980
447, 169, 1.761186
447, 170, 1.509260
447, 171, 2.803025
447, 172, 2.324424
447, 173, 2.610090
447, 174, 2.068483
447, 175, 1.255971
447, 176, 3.360904
447, 177, 2.494852
447, 178, 0.529260
447, 179, 3.037493
447, 180, 3.510845
447, 181, 0.965567
447, 182, 3.133410
447, 183, -0.040000
447, 184, 0.631502
447, 185, 1.880346
447, 186, 3.351742
447, 187, 0.000000
447, 188, 2.214488
447, 189, 3.100765
447, 190, 2.387929
447, 191, 0.717938
447, 192, 2.149962
447, 193, 2.741288
447, 194, 1.537432
447, 195, -0.255044
447, 196, 3.982247
447, 197, 2.384263
447, 198, 2.283836
447, 199, 1.452204
449, 0, 1.503664
449, 1, 1.547395
449, 2, 2.280918
449, 3, 1.150859
449, 4, -0.339888
449, 5, 1.958349
449, 6, -0.000013
449, 7, 1.283834
449, 8, 3.336509
449, 9, 1.717014
449, 10, 1.799201
449, 11, 2.271102
449, 12, 2.520433
449, 13, 0.000000
449, 14, 2.589191
449, 15, 2.379528
449, 16, 1.129258
449, 17, 3.225255
449, 18, 3.587391
449, 19, 2.593091
449, 20, 4.268743
449, 21, 0.436530
449, 22, 2.161510
449, 23, 1.270559
449, 24, 1.221257
449, 25, 2.046121
449, 26, 1.372684
449, 27, 0.812977
449, 28, 1.982728
449, 29, 1.919722
449, 30, 0.668950
449, 31, 2.607005
449, 32, -0.040000
449, 33, 2.760946
449, 34, 2.382215
449, 35, 2.600570
449, 36, 2.291724
449, 37, 1.616868
449, 38, 0.375477
449, 39, 1.567825
449, 40, 2.691563
449, 41, 1.722078
449, 42, 1.011686
449, 43, 1.442728
449, 44, 0.519650
449, 45, 1.424233
449, 46, 2.263774
449, 47, 1.415481
449, 48, 2.597218
449, 49, -0.160065
449, 50, 2.187935
449, 51, 0.700052
449, 52, 1.514256
449, 53, -0.000015
449, 54, 2.733785
449, 55, 3.171209
449, 56, 2.529006
449, 57, 2.954386
449, 58, 0.829374
449, 59, 1.691667
449, 60, 0.000000
449, 61, 1.402721
449, 62, 2.046885
449, 63, 1.722669
449, 64, 2.057648
449, 65, 3.455432
449, 66, 1.750670
449, 67, 2.514823
449, 68, 1.616038
449, 69, 2.722675
449, 70, 2.954600
449, 71, 2.583028
449, 72, 3.796780
449, 73, 3.207930
449, 74, 1.580833
449, 75, 1.934788
449, 76, 1.049166
449, 77, 1.420346
449, 78, 1.805377
449, 79, 2.797782
449, 80, 2.672331
449, 81, 1.811296
449, 82, -0.112063
449, 83, 1.218934
449, 84, 0.939994
449, 85, 2.945451
449, 86, 3.314436
449, 87, 2.334270
449, 88, 1.398646
449, 89, 0.544654
449, 90, 1.203636
449, 91, 1.347665
449, 92, 0.672629
449, 93, 2.669536
449, 94, 1.672312
449, 95, 0.929955
449, 96, 1.665928
449, 97, 4.294015
449, 98, 2.155966
449, 99, 1.159450
449, 100, 0.792004
449, 101, -0.031273
449, 102, 1.856339
449, 103, 0.000000
449, 104, 3.531196
449, 105, 2.743331
449, 106, 1.431670
449, 107, 1.938054
449, 108, 0.639675
449, 109, -0.016499
449, 110, 1.771988
449, 111, 0.828245
449, 112, 1.185186
449, 113, 3.543805
449, 114, 1.068332
449, 115, 2.084520
449, 116, 1.442276
449, 117, 2.359978
449, 118, 1.557487
449, 119, 1.334032
449, 120, 2.296070
449, 121, 3.679946
449, 122, 2.491351
449, 123, 0.346461
449, 124, 2.149925
449, 125, 4.289941
449, 126, 1.207411
449, 127, 0.838413
449, 128, 0.513854
449, 129, 0.074872
449, 130, 1.536904
449, 131, 1.765901
449, 132, 1.469475
449, 133, 0.903687
449, 134, 1.165754
449, 135, 0.744959
449, 136, 0.236954
449, 137, 1.587326
449, 138, 0.987940
449, 139, 0.937750
449, 140, 3.523687
449, 141, 2.065919
449, 142, 3.150127
449, 143, 1.937119
449, 144, 1.581656
449, 145, 1.208066
449, 146, 1.966183
449, 147, 3.879920
449, 148, 2.469827
449, 149, 3.525059
449, 150, 1.562608
449, 151, 1.920976
449, 152, 2.086525
449, 153, 0.000000
449, 154, 1.593774
449, 155, 2.281397
449, 156, -0.010000
449, 157, 3.007366
449, 158, 1.993107
449, 159, 1.089868
449, 160, 2.914722
449, 161, 2.035773
449, 162, 3.450363
449, 163, 2.510499
449, 164, 3.356863
449, 165, 2.997046
449, 166, 3.627052
449, 167, 1.409328
449, 168, 0.369980
449, 169, 1.761221
449, 170, 1.509260
449, 171, 2.816961
449, 172, 2.348161
449, 173, 2.610829
449, 174, 2.058707
449, 175, 1.261835
449, 176, 3.356693
449, 177, 2.494813
449, 178, 0.529260
449, 179, 3.035733
449, 180, 3.488985
449, 181, 0.965567
449, 182, 3.133410
449, 183, -0.040000
449, 184, 0.631502
449, 185, 1.880346
449, 186, 3.354511
449, 187, 0.000000
449, 188, 2.214488
449, 189, 3.010300
449, 190, 2.387929
449, 191, 0.717938
449, 192, 2.141717
449, 193, 2.739130
449, 194, 1.537432
449, 195, -0.255044
449, 196, 3.970005
449, 197, 2.384263
449, 198, 2.283789
449, 199, 1.452204
451, 0, 1.503664
451, 1, 1.547395
451, 2, 2.240419
451, 3, 1.150856
451, 4, -0.339888
451, 5, 1.958964
451, 6, -0.000013
451, 7, 1.283834
451, 8, 3.297486
451, 9, 1.717014
451, 10, 1.799200
451, 11, 2.271102
451, 12, 2.515709
451, 13, 0.000000
451, 14, 2.589177
451, 15, 2.430815
451, 16, 1.129258
451, 17, 3.208955
451, 18, 3.588560
451, 19, 2.593091
451, 20, 4.290548
451, 21, 0.436530
451, 22, 2.161510
451, 23, 1.270559
451, 24, 1.247836
451, 25, 2.046121
451, 26, 1.414330
451, 27, 0.812977
451, 28, 1.982969
451, 29, 1.915302
451, 30, 0.668950
451, 31, 2.602017
451, 32, -0.040000
451, 33, 2.723946
451, 34, 2.384670
451, 35, 2.600521
451, 36, 2.294704
451, 37, 1.717288
451, 38, 0.375477
451, 39, 1.567825
451, 40, 2.691563
451, 41, 1.722270
451, 42, 1.011686
451, 43, 1.442728
451, 44, 0.519650
451, 45, 1.420080
451, 46, 2.248922
451, 47, 1.415481
451, 48, 2.593056
451, 49, -0.160065
451, 50, 2.187935
451, 51, 0.700052
451, 52, 1.514256
451, 53, -0.000015
451, 54, 2.746069
451, 55, 3.160018
451, 56, 2.529086
451, 57, 2.954446
451, 58, 0.829374
451, 59, 1.691667
451, 60, 0.000000
451, 61, 1.402721
451, 62, 2.046886
451, 63, 1.722669
451, 64, 2.057648
451, 65, 3.465470
451, 66, 1.750670
451, 67, 2.514823
451, 68, 1.616038
451, 69, 2.722687
451, 70, 2.955023
451, 71, 2.583029
451, 72, 3.799099
451, 73, 3.206398
451, 74, 1.580833
451, 75, 1.934788
451, 76, 1.049166
451, 77, 1.420346
451, 78, 1.805377
451, 79, 2.797783
451, 80, 2.672383
451, 81, 1.792016
451, 82, -0.109253
451, 83, 1.218931
451, 84, 0.939994
451, 85, 2.945451
451, 86, 3.321605
451, 87, 2.334270
451, 88, 1.398646
451, 89, 0.544654
451, 90, 1.203636
451, 91, 1.325764
451, 92, 0.672629
451, 93, 2.635162
451, 94, 1.671500
451, 95, 0.937525
451, 96, 1.667956
451, 97, 4.306820
451, 98, 2.160746
451, 99, 1.159450
451, 100, 0.792004
451, 101, -0.031273
451, 102, 1.856339
451, 103, 0.000000
451, 104, 3.532278
451, 105, 2.749457
451, 106, 1.431670
451, 107, 1.924283
451, 108, 0.639675
451, 109, -0.016499
451, 110, 1.771988
451, 111, 0.829022
451, 112, 1.185186
451, 113, 3.554398
451, 114, 1.068332
451, 115, 1.999229
451, 116, 1.442276
451, 117, 2.359978
451, 118, 1.541867
451, 119, 1.334032
451, 120, 2.296069
451, 121, 3.682018
451, 122, 2.491351
451, 123, 0.346461
451, 124, 2.149925
451, 125, 4.289883
451, 126, 1.208235
451, 127, 0.838413
451, 128, 0.513854
451, 129, 0.074872
451, 130, 1.536905
451, 131, 1.765901
451, 132, 1.469519
451, 133, 0.903679
451, 134, 1.165754
451, 135, 0.744959
451, 136, 0.236954
451, 137, 1.586884
451, 138, 0.987940
451, 139, 0.937750
451, 140, 3.524761
451, 141, 2.065919
451, 142, 3.149005
451, 143, 1.928622
451, 144, 1.581656
451, 145, 1.208066
451, 146, 1.966183
451, 147, 3.910383
451, 148, 2.469827
451, 149, 3.525381
451, 150, 1.562608
451, 151, 1.925351
451, 152, 2.086525
451, 153, 0.000000
451, 154, 1.593774
451, 155, 2.281397
451, 156, -0.010000
451, 157, 3.007353
451, 158, 1.993107
451, 159, 1.083474
451, 160, 2.865983
451, 161, 2.053123
451, 162, 3.453137
451, 163, 2.510499
451, 164, 3.356864
451, 165, 2.995445
451, 166, 3.631552
451, 167, 1.409328
451, 168, 0.369980
451, 169, 1.761111
451, 170, 1.509260
451, 171, 2.786147
451, 172, 2.351826
451, 173, 2.610155
451, 174, 2.055013
451, 175, 1.264576
451, 176, 3.356692
451, 177, 2.498042
451, 178, 0.529260
451, 179, 3.039679
451, 180, 3.516644
451, 181, 0.965567
451, 182, 3.133410
451, 183, -0.040000
451, 184, 0.631502
451, 185, 1.880346
451, 186, 3.349964
451, 187, 0.000000
451, 188, 2.214488
451, 189, 3.046003
451, 190, 2.387929
451, 191, 0.717938
451, 192, 2.163604
451, 193, 2.740736
451, 194, 1.537430
451, 195, -0.255041
451, 196, 3.980873
451, 197, 2.384263
451, 198, 2.283751
451, 199, 1.452205
453, 0, 1.503664
453, 1, 1.547395
453, 2, 2.252731
453, 3, 1.150858
453, 4, -0.339888
453, 5, 1.961597
453, 6, -0.000013
453, 7, 1.283834
453, 8, 3.307146
453, 9, 1.717014
453, 10, 1.799201
453, 11, 2.271102
453, 12, 2.511005
453, 13, 0.000000
453, 14, 2.589161
453, 15, 2.335572
453, 16, 1.129258
453, 17, 3.229518
453, 18, 3.585224
453, 19, 2.593091
453, 20, 4.289594
453, 21, 0.436530
453, 22, 2.161510
453, 23, 1.270559
453, 24, 1.263678
453, 25, 2.046121
453, 26, 1.433544
453, 27, 0.812977
453, 28, 1.983124
453, 29, 1.912246
453, 30, 0.668950
453, 31, 2.597102
453, 32, -0.040000
453, 33, 2.715707
453, 34, 2.393346
453, 35, 2.600470
453, 36, 2.294184
453, 37, 1.650174
453, 38, 0.375477
453, 39, 1.567825
453, 40, 2.691563
453, 41, 1.722438
453, 42, 1.011686
453, 43, 1.442728
453, 44, 0.519650
453, 45, 1.417238
453, 46, 2.239690
453, 47, 1.415481
453, 48, 2.594049
453, 49, -0.160065
453, 50, 2.187935
453, 51, 0.700052
453, 52, 1.514256
453, 53, -0.000015
453, 54, 2.718572
453, 55, 3.168871
453, 56, 2.521433
453, 57, 2.954505
453, 58, 0.829374
453, 59, 1.691667
453, 60, 0.000000
453, 61, 1.402721
453, 62, 2.046886
453, 63, 1.722669
453, 64, 2.057648
453, 65, 3.470700
453, 66, 1.750670
453, 67, 2.514823
453, 68, 1.616038
453, 69, 2.722695
453, 70, 2.955035
453, 71, 2.583029
453, 72, 3.798757
453, 73, 3.204857
453, 74, 1.580833
453, 75, 1.934788
453, 76, 1.049166
453, 77, 1.420346
453, 78, 1.805377
453, 79, 2.797782
453, 80, 2.673031
453, 81, 1.776132
453, 82, -0.107352
453, 83, 1.218932
453, 84, 0.939994
453, 85, 2.945451
453, 86, 3.335141
453, 87, 2.334270
453, 88, 1.398646
453, 89, 0.544654
453, 90, 1.203637
453, 91, 1.306852
453, 92, 0.672629
453, 93, 2.652299
453, 94, 1.668674
453, 95, 0.953347
453, 96, 1.640275
453, 97, 4.307800
453, 98, 2.157531
453, 99, 1.159450
453, 100, 0.792004
453, 101, -0.031273
453, 102, 1.856339
453, 103, 0.000000
453, 104, 3.531050
453, 105, 2.742625
453, 106, 1.431670
453, 107, 1.916810
453, 108, 0.639675
453, 109, -0.016499
453, 110, 1.771988
453, 111, 0.830052
453, 112, 1.185186
453, 113, 3.555255
453, 114, 1.068332
453, 115, 2.084744
453, 116, 1.442276
453, 117, 2.359978
453, 118, 1.565366
453, 119, 1.334032
453, 120, 2.296070
453, 121, 3.604668
453, 122, 2.491351
453, 123, 0.346461
453, 124, 2.149925
453, 125, 4.272880
453, 126, 1.209101
453, 127, 0.838413
453, 128, 0.513854
453, 129, 0.074872
453, 130, 1.536904
453, 131, 1.765901
453, 132, 1.469546
453, 133, 0.903683
453, 134, 1.165754
453, 135, 0.744959
453, 136, 0.236954
453, 137, 1.586472
453, 138, 0.987940
453, 139, 0.937750
453, 140, 3.526530
453, 141, 2.065919
453, 142, 3.150337
453, 143, 1.938386
453, 144, 1.581656
453, 145, 1.208066
453, 146, 1.966183
453, 147, 3.890931
453, 148, 2.469827
453, 149, 3.525025
453, 150, 1.562608
453, 151, 1.920986
453, 152, 2.086525
453, 153, 0.000000
453, 154, 1.593774
453, 155, 2.281397
453, 156, -0.010000
453, 157, 3.007364
453, 158, 1.993107
453, 159, 1.082152
453, 160, 2.925187
453, 161, 2.053123
453, 162, 3.444644
453, 163, 2.510499
453, 164, 3.356863
453, 165, 2.994325
453, 166, 3.629513
453, 167, 1.409328
453, 168, 0.369980
453, 169, 1.761380
453, 170, 1.509260
453, 171, 2.812492
453, 172, 2.351965
453, 173, 2.610791
453, 174, 2.079115
453, 175, 1.269452
453, 176, 3.359382
453, 177, 2.486330
453, 178, 0.529260
453, 179, 3.044625
453, 180, 3.513616
453, 181, 0.965567
453, 182, 3.133410
453, 183, -0.040000
453, 184, 0.631502
453, 185, 1.880346
453, 186, 3.368645
453, 187, 0.000000
453, 188, 2.214488
453, 189, 3.064675
453, 190, 2.387929
453, 191, 0.717938
453, 192, 2.141117
453, 193, 2.743713
453, 194, 1.537431
453, 195, -0.255042
453, 196, 3.974479
453, 197, 2.387762
453, 198, 2.283720
453, 199, 1.452205
455, 0, 1.503664
455, 1, 1.547395
455, 2, 2.237887
455, 3, 1.150858
455, 4, -0.339888
455, 5, 1.964993
455, 6, -0.000013
455, 7, 1.283835
455, 8, 3.337754
455, 9, 1.717014
455, 10, 1.799201
455, 11, 2.271102
455, 12, 2.521714
455, 13, 0.000000
455, 14, 2.589144
455, 15, 2.288692
455, 16, 1.129258
455, 17, 3.231338
455, 18, 3.587893
455, 19, 2.593091
455, 20, 4.282242
455, 21, 0.436530
455, 22, 2.161510
455, 23, 1.270559
455, 24, 1.284198
455, 25, 2.046121
455, 26, 1.288487
455, 27, 0.812977
455, 28, 1.983221
455, 29, 1.909796
455, 30, 0.668950
455, 31, 2.607210
455, 32, -0.040000
455, 33, 2.702094
455, 34, 2.386146
455, 35, 2.600420
455, 36, 2.291789
455, 37, 1.565778
455, 38, 0.375477
455, 39, 1.567825
455, 40, 2.691563
455, 41, 1.722582
455, 42, 1.011686
455, 43, 1.442728
455, 44, 0.519650
455, 45, 1.414347
455, 46, 2.280875
455, 47, 1.415481
455, 48, 2.592290
455, 49, -0.160065
455, 50, 2.187935
455, 51, 0.700052
455, 52, 1.514256
455, 53, -0.000015
455, 54, 2.738280
455, 55, 3.169435
455, 56, 2.513114
455, 57, 2.954563
455, 58, 0.829374
455, 59, 1.691667
455, 60, 0.000000
455, 61, 1.402721
455, 62, 2.046885
455, 63, 1.722669
455, 64, 2.057648
455, 65, 3.470445
455, 66, 1.750670
455, 67, 2.514823
455, 68, 1.616038
455, 69, 2.722704
455, 70, 2.955112
455, 71, 2.583029
455, 72, 3.796543
455, 73, 3.209007
455, 74, 1.580833
455, 75, 1.934788
455, 76, 1.049166
455, 77, 1.420346
455, 78, 1.805377
455, 79, 2.797782
455, 80, 2.673616
455, 81, 1.795307
455, 82, -0.105001
455, 83, 1.218933
455, 84, 0.939994
455, 85, 2.945451
455, 86, 3.339438
455, 87, 2.334270
455, 88, 1.398646
455, 89, 0.544654
455, 90, 1.203637
455, 91, 1.295756
455, 92, 0.672629
455, 93, 2.664922
455, 94, 1.672295
455, 95, 0.944773
455, 96, 1.663968
455, 97, 4.307770
455, 98, 2.129207
455, 99, 1.159450
455, 100, 0.792004
455, 101, -0.031273
455, 102, 1.856339
455, 103, 0.000000
455, 104, 3.532237
455, 105, 2.749296
455, 106, 1.431670
455, 107, 1.938503
455, 108, 0.639675
455, 109, -0.016499
455, 110, 1.771988
455, 111, 0.831236
455, 112, 1.185186
455, 113, 3.543573
455, 114, 1.068332
455, 115, 1.998854
455, 116, 1.442276
455, 117, 2.359978
455, 118, 1.557114
455, 119, 1.334032
455, 120, 2.296069
455, 121, 3.661511
455, 122, 2.491351
455, 123, 0.346461
455, 124, 2.149925
455, 125, 4.287213
455, 126, 1.209973
455, 127, 0.838413
455, 128, 0.513854
455, 129, 0.074872
455, 130, 1.536904
455, 131, 1.765902
455, 132, 1.469563
455, 133, 0.903685
455, 134, 1.165754
455, 135, 0.744959
455, 136, 0.236954
455, 137, 1.586078
455, 138, 0.987940
455, 139, 0.937750
455, 140, 3.514037
455, 141, 2.065919
455, 142, 3.158428
455, 143, 1.933911
455, 144, 1.581656
455, 145, 1.208066
455, 146, 1.966183
455, 147, 3.910058
455, 148, 2.469827
455, 149, 3.525397
455, 150, 1.562608
455, 151, 1.924086
455, 152, 2.086525
455, 153, 0.000000
455, 154, 1.593774
455, 155, 2.281397
455, 156, -0.010000
455, 157, 3.007378
455, 158, 1.993107
455, 159, 1.077417
455, 160, 2.945928
455, 161, 2.064857
455, 162, 3.449140
455, 163, 2.510499
455, 164, 3.356863
455, 165, 2.993440
455, 166, 3.616637
455, 167, 1.409328
455, 168, 0.369980
455, 169, 1.761853
455, 170, 1.509260
455, 171, 2.820534
455, 172, 2.342914
455, 173, 2.610106
455, 174, 2.049843
455, 175, 1.274638
455, 176, 3.356691
455, 177, 2.489985
455, 178, 0.529260
455, 179, 3.035581
455, 180, 3.491822
455, 181, 0.965567
455, 182, 3.133410
455, 183, -0.040000
455, 184, 0.631502
455, 185, 1.880346
455, 186, 3.365232
455, 187, 0.000000
455, 188, 2.214488
455, 189, 3.094613
455, 190, 2.387929
455, 191, 0.717938
455, 192, 2.163103
455, 193, 2.743725
455, 194, 1.537431
455, 195, -0.255043
455, 196, 3.982771
455, 197, 2.385276
455, 198, 2.283692
455, 199, 1.452205
457, 0, 1.503664
457, 1, 1.547396
457, 2, 2.254348
457, 3, 1.150859
457, 4, -0.339888
457, 5, 1.967479
457, 6, -0.000013
457, 7, 1.283835
457, 8, 3.353814
457, 9, 1.727999
457, 10, 1.799201
457, 11, 2.271102
457, 12, 2.526641
457, 13, 0.000000
457, 14, 2.589127
457, 15, 2.265177
457, 16, 1.129258
457, 17, 3.222711
457, 18, 3.586904
457, 19, 2.593091
457, 20, 4.242484
457, 21, 0.436530
457, 22, 2.161510
457, 23, 1.270559
457, 24, 1.295605
457, 25, 2.046121
457, 26, 1.336672
457, 27, 0.812977
457, 28, 1.983281
457, 29, 1.908663
457, 30, 0.668950
457, 31, 2.610489
457, 32, -0.040000
457, 33, 2.780145
457, 34, 2.361073
457, 35, 2.600370
457, 36, 2.291664
457, 37, 1.590631
457, 38, 0.375477
457, 39, 1.567825
457, 40, 2.691563
457, 41, 1.722695
457, 42, 1.011686
457, 43, 1.442728
457, 44, 0.519650
457, 45, 1.414373
457, 46, 2.290785
457, 47, 1.415481
457, 48, 2.598700
457, 49, -0.160065
457, 50, 2.187935
457, 51, 0.700052
457, 52, 1.514256
457, 53, -0.000015
457, 54, 2.783582
457, 55, 3.166833
457, 56, 2.522203
457, 57, 2.954621
457, 58, 0.829374
457, 59, 1.691667
457, 60, 0.000000
457, 61, 1.402721
457, 62, 2.046885
457, 63, 1.722669
457, 64, 2.057648
457, 65, 3.454185
457, 66, 1.750670
457, 67, 2.514823
457, 68, 1.616038
457, 69, 2.722718
457, 70, 2.953846
457, 71, 2.583029
457, 72, 3.798043
457, 73, 3.210306
457, 74, 1.580833
457, 75, 1.934788
457, 76, 1.049166
457, 77, 1.420346
457, 78, 1.805377
457, 79, 2.797782
457, 80, 2.673874
457, 81, 1.824092
457, 82, -0.104136
457, 83, 1.218933
457, 84, 0.939994
457, 85, 2.945450
457, 86, 3.343223
457, 87, 2.334270
457, 88, 1.398646
457, 89, 0.544654
457, 90, 1.203638
457, 91, 1.289411
457, 92, 0.672629
457, 93, 2.667203
457, 94, 1.663215
457, 95, 0.932176
457, 96, 1.639882
457, 97, 4.307875
457, 98, 2.131584
457, 99, 1.159450
457, 100, 0.792004
457, 101, -0.031273
457, 102, 1.856339
457, 103, 0.000000
457, 104, 3.530940
457, 105, 2.742066
457, 106, 1.431670
457, 107, 1.913740
457, 108, 0.639675
457, 109, -0.016499
457, 110, 1.771988
457, 111, 0.831578
457, 112, 1.185186
457, 113, 3.538413
457, 114, 1.068332
457, 115, 2.084575
457, 116, 1.442276
457, 117, 2.359978
457, 118, 1.574485
457, 119, 1.334032
457, 120, 2.296070
457, 121, 3.599767
457, 122, 2.491351
457, 123, 0.346461
457, 124, 2.149925
457, 125, 4.246448
457, 126, 1.210861
457, 127, 0.838413
457, 128, 0.513854
457, 129, 0.074872
457, 130, 1.536904
457, 131, 1.765901
457, 132, 1.469572
457, 133, 0.903695
457, 134, 1.165754
457, 135, 0.744959
457, 136, 0.236954
457, 137, 1.585706
457, 138, 0.987940
457, 139, 0.937750
457, 140, 3.507189
457, 141, 2.065898
457, 142, 3.141883
457, 143, 1.938514
457, 144, 1.581656
457, 145, 1.208066
457, 146, 1.966183
457, 147, 3.911414
457, 148, 2.469827
457, 149, 3.525174
457, 150, 1.562608
457, 151, 1.924515
457, 152, 2.086525
457, 153, 0.000000
457, 154, 1.593774
457, 155, 2.281404
457, 156, -0.010000
457, 157, 3.007360
457, 158, 1.993107
457, 159, 1.077614
457, 160, 2.913533
457, 161, 2.040008
457, 162, 3.451675
457, 163, 2.510499
457, 164, 3.356864
457, 165, 2.993183
457, 166, 3.621936
457, 167, 1.409328
457, 168, 0.369980
457, 169, 1.762360
457, 170, 1.509260
457, 171, 2.784485
457, 172, 2.348172
457, 173, 2.610819
457, 174, 2.073409
457, 175, 1.279134
457, 176, 3.366682
457, 177, 2.485315
457, 178, 0.529260
457, 179, 3.036261
457, 180, 3.491721
457, 181, 0.965567
457, 182, 3.133410
457, 183, -0.040000
457, 184, 0.631502
457, 185, 1.880346
457, 186, 3.381906
457, 187, 0.000000
457, 188, 2.214488
457, 189, 3.107121
457, 190, 2.387929
457, 191, 0.717938
457, 192, 2.142148
457, 193, 2.744363
457, 194, 1.537434
457, 195, -0.255044
457, 196, 3.982698
457, 197, 2.389081
457, 198, 2.283663
457, 199, 1.452204
459, 0, 1.503664
459, 1, 1.547396
459, 2, 2.297238
459, 3, 1.150859
459, 4, -0.339888
459, 5, 1.971138
459, 6, -0.000013
459, 7, 1.283830
459, 8, 3.367294
459, 9, 1.727999
459, 10, 1.799201
459, 11, 2.271102
459, 12, 2.540179
459, 13, 0.000000
459, 14, 2.589104
459, 15, 2.250900
459, 16, 1.129258
459, 17, 3.208623
459, 18, 3.578847
459, 19, 2.593091
459, 20, 4.255026
459, 21, 0.436530
459, 22, 2.161510
459, 23, 1.270559
459, 24, 1.273971
459, 25, 2.046121
459, 26, 1.236685
459, 27, 0.812977
459, 28, 1.975656
459, 29, 1.904589
459, 30, 0.668950
459, 31, 2.626751
459, 32, -0.040000
459, 33, 2.784533
459, 34, 2.345663
459, 35, 2.600317
459, 36, 2.293138
459, 37, 1.663679
459, 38, 0.375477
459, 39, 1.567825
459, 40, 2.691563
459, 41, 1.722810
459, 42, 1.011686
459, 43, 1.442728
459, 44, 0.519650
459, 45, 1.414373
459, 46, 2.284328
459, 47, 1.415481
459, 48, 2.599607
459, 49, -0.160065
459, 50, 2.187935
459, 51, 0.700052
459, 52, 1.514256
459, 53, -0.000015
459, 54, 2.716551
459, 55, 3.165360
459, 56, 2.518689
459, 57, 2.954673
459, 58, 0.829374
459, 59, 1.691667
459, 60, 0.000000
459, 61, 1.402721
459, 62, 2.046885
459, 63, 1.722669
459, 64, 2.057648
459, 65, 3.459031
459, 66, 1.750670
459, 67, 2.514823
459, 68, 1.616038
459, 69, 2.722718
459, 70, 2.952924
459, 71, 2.586250
459, 72, 3.799172
459, 73, 3.217615
459, 74, 1.580833
459, 75, 1.934788
459, 76, 1.049166
459, 77, 1.420346
459, 78, 1.805377
459, 79, 2.797782
459, 80, 2.674218
459, 81, 1.819551
459, 82, -0.102377
459, 83, 1.218934
459, 84, 0.939994
459, 85, 2.945451
459, 86, 3.355324
459, 87, 2.334270
459, 88, 1.398646
459, 89, 0.544654
459, 90, 1.203637
459, 91, 1.272063
459, 92, 0.672629
459, 93, 2.672668
459, 94, 1.675136
459, 95, 0.916064
459, 96, 1.644811
459, 97, 4.307873
459, 98, 2.132610
459, 99, 1.159450
459, 100, 0.792004
459, 101, -0.031273
459, 102, 1.856339
459, 103, 0.000000
459, 104, 3.533333
459, 105, 2.757086
459, 106, 1.431670
459, 107, 1.932997
459, 108, 0.639675
459, 109, -0.016499
459, 110, 1.771988
459, 111, 0.831443
459, 112, 1.185186
459, 113, 3.555425
459, 114, 1.068332
459, 115, 1.999160
459, 116, 1.442276
459, 117, 2.359978
459, 118, 1.566886
459, 119, 1.334032
459, 120, 2.296070
459, 121, 3.669745
459, 122, 2.491351
459, 123, 0.346461
459, 124, 2.149925
459, 125, 4.280934
459, 126, 1.211727
459, 127, 0.838413
459, 128, 0.513854
459, 129, 0.074872
459, 130, 1.536904
459, 131, 1.765901
459, 132, 1.469579
459, 133, 0.903702
459, 134, 1.165754
459, 135, 0.744959
459, 136, 0.236954
459, 137, 1.585338
459, 138, 0.987940
459, 139, 0.937750
459, 140, 3.509608
459, 141, 2.065885
459, 142, 3.151730
459, 143, 1.947522
459, 144, 1.581656
459, 145, 1.208066
459, 146, 1.966183
459, 147, 3.907919
459, 148, 2.469827
459, 149, 3.525370
459, 150, 1.562608
459, 151, 1.923065
459, 152, 2.086525
459, 153, 0.000000
459, 154, 1.593774
459, 155, 2.281412
459, 156, -0.010000
459, 157, 3.007387
459, 158, 1.993107
459, 159, 1.071481
459, 160, 2.871592
459, 161, 1.969029
459, 162, 3.454619
459, 163, 2.510499
459, 164, 3.356863
459, 165, 2.992044
459, 166, 3.627309
459, 167, 1.409328
459, 168, 0.369980
459, 169, 1.762360
459, 170, 1.509260
459, 171, 2.777281
459, 172, 2.296620
459, 173, 2.610146
459, 174, 2.025335
459, 175, 1.283503
459, 176, 3.363709
459, 177, 2.492822
459, 178, 0.529260
459, 179, 3.037286
459, 180, 3.512472
459, 181, 0.965567
459, 182, 3.133410
459, 183, -0.040000
459, 184, 0.631502
459, 185, 1.880346
459, 186, 3.369067
459, 187, 0.000000
459, 188, 2.214488
459, 189, 3.112656
459, 190, 2.387929
459, 191, 0.717938
459, 192, 2.163964
459, 193, 2.744377
459, 194, 1.537436
459, 195, -0.255044
459, 196, 3.983059
459, 197, 2.385667
459, 198, 2.283636
459, 199, 1.452204
461, 0, 1.503664
461, 1, 1.547395
461, 2, 2.307387
461, 3, 1.150856
461, 4, -0.339888
461, 5, 1.973354
461, 6, -0.000013
461, 7, 1.283828
461, 8, 3.374177
461, 9, 1.717014
461, 10, 1.799200
461, 11, 2.271102
461, 12, 2.548127
461, 13, 0.000000
461, 14, 2.589097
461, 15, 2.237558
461, 16, 1.129258
461, 17, 3.231011
461, 18, 3.586653
461, 19, 2.593091
461, 20, 4.240235
461, 21, 0.436530
461, 22, 2.161510
461, 23, 1.270559
461, 24, 1.241373
461, 25, 2.046121
461, 26, 1.302909
461, 27, 0.812977
461, 28, 1.975783
461, 29, 1.905573
461, 30, 0.668950
461, 31, 2.632319
461, 32, -0.040000
461, 33, 2.704780
461, 34, 2.387212
461, 35, 2.600275
461, 36, 2.296111
461, 37, 1.663959
461, 38, 0.375477
461, 39, 1.567825
461, 40, 2.691563
461, 41, 1.722920
461, 42, 1.011686
461, 43, 1.442728
461, 44, 0.519650
461, 45, 1.415929
461, 46, 2.253633
461, 47, 1.415481
461, 48, 2.597888
461, 49, -0.160065
461, 50, 2.187935
461, 51, 0.700052
461, 52, 1.514256
461, 53, -0.000015
461, 54, 2.739687
461, 55, 3.168788
461, 56, 2.519159
461, 57, 2.954706
461, 58, 0.829374
461, 59, 1.691667
461, 60, 0.000000
461, 61, 1.402721
461, 62, 2.046886
461, 63, 1.722669
461, 64, 2.057648
461, 65, 3.445913
461, 66, 1.750670
461, 67, 2.514823
461, 68, 1.616038
461, 69, 2.722718
461, 70, 2.953726
461, 71, 2.586250
461, 72, 3.798679
461, 73, 3.221038
461, 74, 1.580833
461, 75, 1.934788
461, 76, 1.049166
461, 77, 1.420346
461, 78, 1.805377
461, 79, 2.797783
461, 80, 2.674537
461, 81, 1.822891
461, 82, -0.105323
461, 83, 1.218931
461, 84, 0.939994
461, 85, 2.945451
461, 86, 3.338171
461, 87, 2.334270
461, 88, 1.398646
461, 89, 0.544654
461, 90, 1.203637
461, 91, 1.297944
461, 92, 0.672629
461, 93, 2.638115
461, 94, 1.676363
461, 95, 0.908332
461, 96, 1.647909
461, 97, 4.307898
461, 98, 2.144256
461, 99, 1.159450
461, 100, 0.792004
461, 101, -0.031273
461, 102, 1.856339
461, 103, 0.000000
461, 104, 3.532192
461, 105, 2.749071
461, 106, 1.431670
461, 107, 1.893824
461, 108, 0.639675
461, 109, -0.016499
461, 110, 1.771988
461, 111, 0.830428
461, 112, 1.185186
461, 113, 3.554893
461, 114, 1.068332
461, 115, 2.084711
461, 116, 1.442276
461, 117, 2.359978
461, 118, 1.579797
461, 119, 1.334032
461, 120, 2.296069
461, 121, 3.696257
461, 122, 2.491351
461, 123, 0.346461
461, 124, 2.149925
461, 125, 4.280478
461, 126, 1.212554
461, 127, 0.838413
461, 128, 0.513854
461, 129, 0.074872
461, 130, 1.536905
461, 131, 1.765901
461, 132, 1.469581
461, 133, 0.903698
461, 134, 1.165754
461, 135, 0.744959
461, 136, 0.236954
461, 137, 1.584966
461, 138, 0.987940
461, 139, 0.937750
461, 140, 3.506792
461, 141, 2.065876
461, 142, 3.139377
461, 143, 1.954347
461, 144, 1.581656
461, 145, 1.208066
461, 146, 1.966183
461, 147, 3.905045
461, 148, 2.469827
461, 149, 3.524972
461, 150, 1.562608
461, 151, 1.930915
461, 152, 2.086525
461, 153, 0.000000
461, 154, 1.593774
461, 155, 2.281419
461, 156, -0.010000
461, 157, 3.007398
461, 158, 1.993107
461, 159, 1.071481
461, 160, 2.931333
461, 161, 2.051791
461, 162, 3.458079
461, 163, 2.510499
461, 164, 3.356865
461, 165, 2.992413
461, 166, 3.632136
461, 167, 1.409328
461, 168, 0.369980
461, 169, 1.762537
461, 170, 1.509260
461, 171, 2.815415
461, 172, 2.349197
461, 173, 2.610796
461, 174, 2.014180
461, 175, 1.288033
461, 176, 3.361731
461, 177, 2.496356
461, 178, 0.529260
461, 179, 3.039991
461, 180, 3.517403
461, 181, 0.965567
461, 182, 3.133410
461, 183, -0.040000
461, 184, 0.631502
461, 185, 1.880345
461, 186, 3.373716
461, 187, 0.000000
461, 188, 2.163537
461, 189, 3.118281
461, 190, 2.387929
461, 191, 0.717938
461, 192, 2.140196
461, 193, 2.735515
461, 194, 1.537434
461, 195, -0.255041
461, 196, 3.982419
461, 197, 2.385667
461, 198, 2.283618
461, 199, 1.452205
463, 0, 1.503664
463, 1, 1.547395
463, 2, 2.292852
463, 3, 1.150858
463, 4, -0.339888
463, 5, 1.974512
463, 6, -0.000013
463, 7, 1.283830
463, 8, 3.370427
463, 9, 1.717014
463, 10, 1.799201
463, 11, 2.271102
463, 12, 2.550359
463, 13, 0.000000
463, 14, 2.589081
463, 15, 2.229192
463, 16, 1.129258
463, 17, 3.225573
463, 18, 3.588150
463, 19, 2.593091
463, 20, 4.260439
463, 21, 0.436530
463, 22, 2.161510
463, 23, 1.270559
463, 24, 1.216976
463, 25, 2.046121
463, 26, 1.363156
463, 27, 0.812977
463, 28, 1.975963
463, 29, 1.905975
463, 30, 0.668950
463, 31, 2.634634
463, 32, -0.040000
463, 33, 2.770298
463, 34, 2.379972
463, 35, 2.600228
463, 36, 2.298719
463, 37, 1.747890
463, 38, 0.375477
463, 39, 1.567825
463, 40, 2.691563
463, 41, 1.723010
463, 42, 1.011686
463, 43, 1.442728
463, 44, 0.519650
463, 45, 1.416291
463, 46, 2.260695
463, 47, 1.415481
463, 48, 2.594760
463, 49, -0.160065
463, 50, 2.187935
463, 51, 0.700052
463, 52, 1.514256
463, 53, -0.000015
463, 54, 2.750925
463, 55, 3.166162
463, 56, 2.526961
463, 57, 2.954764
463, 58, 0.829374
463, 59, 1.691667
463, 60, 0.000000
463, 61, 1.402721
463, 62, 2.046886
463, 63, 1.722669
463, 64, 2.057648
463, 65, 3.450446
463, 66, 1.750670
463, 67, 2.514823
463, 68, 1.616038
463, 69, 2.722718
463, 70, 2.955133
463, 71, 2.586250
463, 72, 3.798598
463, 73, 3.221514
463, 74, 1.580833
463, 75, 1.934788
463, 76, 1.049166
463, 77, 1.420346
463, 78, 1.805377
463, 79, 2.797782
463, 80, 2.674014
463, 81, 1.797887
463, 82, -0.106373
463, 83, 1.218932
463, 84, 0.939994
463, 85, 2.945450
463, 86, 3.344064
463, 87, 2.334270
463, 88, 1.398646
463, 89, 0.544654
463, 90, 1.203636
463, 91, 1.295379
463, 92, 0.672629
463, 93, 2.655888
463, 94, 1.671609
463, 95, 0.928756
463, 96, 1.649861
463, 97, 4.307897
463, 98, 2.146215
463, 99, 1.159450
463, 100, 0.792004
463, 101, -0.031273
463, 102, 1.856339
463, 103, 0.000000
463, 104, 3.530841
463, 105, 2.741546
463, 106, 1.431670
463, 107, 1.881019
463, 108, 0.639675
463, 109, -0.016499
463, 110, 1.771988
463, 111, 0.829347
463, 112, 1.185186
463, 113, 3.555429
463, 114, 1.068332
463, 115, 1.998914
463, 116, 1.442276
463, 117, 2.359978
463, 118, 1.595428
463, 119, 1.334032
463, 120, 2.296070
463, 121, 3.670697
463, 122, 2.491351
463, 123, 0.346461
463, 124, 2.149925
463, 125, 4.284263
463, 126, 1.213390
463, 127, 0.838413
463, 128, 0.513854
463, 129, 0.074872
463, 130, 1.536904
463, 131, 1.765902
463, 132, 1.469584
463, 133, 0.903694
463, 134, 1.165754
463, 135, 0.744959
463, 136, 0.236954
463, 137, 1.584612
463, 138, 0.987940
463, 139, 0.937750
463, 140, 3.506232
463, 141, 2.065876
463, 142, 3.147605
463, 143, 1.951230
463, 144, 1.581656
463, 145, 1.208066
463, 146, 1.966183
463, 147, 3.905490
463, 148, 2.469827
463, 149, 3.525418
463, 150, 1.562608
463, 151, 1.927808
463, 152, 2.086525
463, 153, 0.000000
463, 154, 1.593774
463, 155, 2.281424
463, 156, -0.010000
463, 157, 3.007403
463, 158, 1.993107
463, 159, 1.071481
463, 160, 2.905920
463, 161, 2.051791
463, 162, 3.458011
463, 163, 2.510499
463, 164, 3.356863
463, 165, 2.992260
463, 166, 3.629471
463, 167, 1.409328
463, 168, 0.369980
463, 169, 1.762613
463, 170, 1.509260
463, 171, 2.784425
463, 172, 2.350479
463, 173, 2.610114
463, 174, 2.035616
463, 175, 1.292107
463, 176, 3.357566
463, 177, 2.489399
463, 178, 0.529260
463, 179, 3.037882
463, 180, 3.511165
463, 181, 0.965567
463, 182, 3.133410
463, 183, -0.040000
463, 184, 0.631502
463, 185, 1.880346
463, 186, 3.376846
463, 187, 0.000000
463, 188, 2.150668
463, 189, 3.121456
463, 190, 2.387929
463, 191, 0.717938
463, 192, 2.162333
463, 193, 2.742700
463, 194, 1.537433
463, 195, -0.255042
463, 196, 3.982494
463, 197, 2.384392
463, 198, 2.283595
463, 199, 1.452205
465, 0, 1.503664
465, 1, 1.547395
465, 2, 2.286376
465, 3, 1.150858
465, 4, -0.339888
465, 5, 1.976057
465, 6, -0.000013
465, 7, 1.283832
465, 8, 3.374687
465, 9, 1.717014
465, 10, 1.799201
465, 11, 2.271102
465, 12, 2.545601
465, 13, 0.000000
465, 14, 2.589069
465, 15, 2.212309
465, 16, 1.129258
465, 17, 3.229980
465, 18, 3.588225
465, 19, 2.599064
465, 20, 4.291079
465, 21, 0.436530
465, 22, 2.161510
465, 23, 1.270559
465, 24, 1.225714
465, 25, 2.046121
465, 26, 1.444638
465, 27, 0.812977
465, 28, 1.976075
465, 29, 1.907586
465, 30, 0.668950
465, 31, 2.629240
465, 32, -0.040000
465, 33, 2.777784
465, 34, 2.381901
465, 35, 2.600183
465, 36, 2.297675
465, 37, 1.644601
465, 38, 0.375477
465, 39, 1.567825
465, 40, 2.691563
465, 41, 1.723105
465, 42, 1.011686
465, 43, 1.442728
465, 44, 0.519650
465, 45, 1.417737
465, 46, 2.266086
465, 47, 1.415481
465, 48, 2.595954
465, 49, -0.160065
465, 50, 2.187935
465, 51, 0.700052
465, 52, 1.514256
465, 53, -0.000015
465, 54, 2.738926
465, 55, 3.167216
465, 56, 2.519659
465, 57, 2.954822
465, 58, 0.829374
465, 59, 1.691667
465, 60, 0.000000
465, 61, 1.402721
465, 62, 2.046885
465, 63, 1.722669
465, 64, 2.057648
465, 65, 3.467298
465, 66, 1.750670
465, 67, 2.514823
465, 68, 1.616038
465, 69, 2.722718
465, 70, 2.955113
465, 71, 2.586251
465, 72, 3.799115
465, 73, 3.219983
465, 74, 1.580833
465, 75, 1.934788
465, 76, 1.049166
465, 77, 1.420346
465, 78, 1.805377
465, 79, 2.797782
465, 80, 2.673845
465, 81, 1.783660
465, 82, -0.107282
465, 83, 1.218933
465, 84, 0.939994
465, 85, 2.945451
465, 86, 3.299957
465, 87, 2.334270
465, 88, 1.398646
465, 89, 0.544654
465, 90, 1.203636
465, 91, 1.339050
465, 92, 0.672629
465, 93, 2.667572
465, 94, 1.667290
465, 95, 0.926971
465, 96, 1.651090
465, 97, 4.307896
465, 98, 2.146656
465, 99, 1.159450
465, 100, 0.792004
465, 101, -0.031273
465, 102, 1.856339
465, 103, 0.000000
465, 104, 3.527768
465, 105, 2.727909
465, 106, 1.431670
465, 107, 1.892217
465, 108, 0.639675
465, 109, -0.016499
465, 110, 1.771988
465, 111, 0.828386
465, 112, 1.185186
465, 113, 3.552677
465, 114, 1.068332
465, 115, 2.084603
465, 116, 1.442276
465, 117, 2.359978
465, 118, 1.594153
465, 119, 1.334032
465, 120, 2.296069
465, 121, 3.686700
465, 122, 2.491351
465, 123, 0.346461
465, 124, 2.149925
465, 125, 4.289982
465, 126, 1.214199
465, 127, 0.838413
465, 128, 0.513854
465, 129, 0.074872
465, 130, 1.536904
465, 131, 1.765901
465, 132, 1.469586
465, 133, 0.903692
465, 134, 1.165754
465, 135, 0.744959
465, 136, 0.236954
465, 137, 1.584258
465, 138, 0.987940
465, 139, 0.937750
465, 140, 3.509666
465, 141, 2.065876
465, 142, 3.148629
465, 143, 1.950623
465, 144, 1.581656
465, 145, 1.208066
465, 146, 1.966183
465, 147, 3.902061
465, 148, 2.469827
465, 149, 3.525187
465, 150, 1.562608
465, 151, 1.924651
465, 152, 2.086525
465, 153, 0.000000
465, 154, 1.593774
465, 155, 2.281426
465, 156, -0.010000
465, 157, 3.007405
465, 158, 1.993107
465, 159, 1.081609
465, 160, 2.947823
465, 161, 2.051791
465, 162, 3.457514
465, 163, 2.510499
465, 164, 3.356865
465, 165, 2.994272
465, 166, 3.624830
465, 167, 1.409328
465, 168, 0.369980
465, 169, 1.762570
465, 170, 1.509260
465, 171, 2.786129
465, 172, 2.352140
465, 173, 2.610816
465, 174, 2.046956
465, 175, 1.295805
465, 176, 3.357566
465, 177, 2.487701
465, 178, 0.529260
465, 179, 3.040209
465, 180, 3.506718
465, 181, 0.965567
465, 182, 3.133410
465, 183, -0.040000
465, 184, 0.631502
465, 185, 1.880346
465, 186, 3.369804
465, 187, 0.000000
465, 188, 2.146554
465, 189, 3.129429
465, 190, 2.387929
465, 191, 0.717938
465, 192, 2.144232
465, 193, 2.742743
465, 194, 1.537433
465, 195, -0.255043
465, 196, 3.981376
465, 197, 2.382256
465, 198, 2.283576
465, 199, 1.452205
467, 0, 1.503664
467, 1, 1.547395
467, 2, 2.249542
467, 3, 1.150859
467, 4, -0.339888
467, 5, 1.969447
467, 6, -0.000013
467, 7, 1.283833
467, 8, 3.371648
467, 9, 1.717014
467, 10, 1.799201
467, 11, 2.271102
467, 12, 2.546608
467, 13, 0.000000
467, 14, 2.589048
467, 15, 2.190555
467, 16, 1.129258
467, 17, 3.229934
467, 18, 3.575640
467, 19, 2.595232
467, 20, 4.295393
467, 21, 0.436530
467, 22, 2.161510
467, 23, 1.270559
467, 24, 1.251450
467, 25, 2.046121
467, 26, 1.480695
467, 27, 0.812977
467, 28, 1.978822
467, 29, 1.912608
467, 30, 0.668950
467, 31, 2.628882
467, 32, -0.040000
467, 33, 2.781164
467, 34, 2.382121
467, 35, 2.600131
467, 36, 2.296171
467, 37, 1.681800
467, 38, 0.375477
467, 39, 1.567825
467, 40, 2.691563
467, 41, 1.723195
467, 42, 1.011686
467, 43, 1.442728
467, 44, 0.519650
467, 45, 1.427467
467, 46, 2.259063
467, 47, 1.415481
467, 48, 2.594789
467, 49, -0.160065
467, 50, 2.187935
467, 51, 0.700052
467, 52, 1.514256
467, 53, -0.000015
467, 54, 2.780489
467, 55, 3.169196
467, 56, 2.524936
467, 57, 2.954874
467, 58, 0.829374
467, 59, 1.691667
467, 60, 0.000000
467, 61, 1.402721
467, 62, 2.046885
467, 63, 1.722669
467, 64, 2.057648
467, 65, 3.464887
467, 66, 1.750670
467, 67, 2.514823
467, 68, 1.616038
467, 69, 2.722718
467, 70, 2.955071
467, 71, 2.583016
467, 72, 3.799231
467, 73, 3.221680
467, 74, 1.580833
467, 75, 1.934788
467, 76, 1.049166
467, 77, 1.420346
467, 78, 1.805377
467, 79, 2.797782
467, 80, 2.670795
467, 81, 1.766464
467, 82, -0.113783
467, 83, 1.218933
467, 84, 0.939994
467, 85, 2.945451
467, 86, 3.302057
467, 87, 2.334270
467, 88, 1.398646
467, 89, 0.544654
467, 90, 1.203636
467, 91, 1.357818
467, 92, 0.672629
467, 93, 2.647097
467, 94, 1.660610
467, 95, 0.945520
467, 96, 1.651863
467, 97, 4.307816
467, 98, 2.155328
467, 99, 1.159450
467, 100, 0.792004
467, 101, -0.031273
467, 102, 1.856339
467, 103, 0.000000
467, 104, 3.532925
467, 105, 2.787174
467, 106, 1.431670
467, 107, 1.900781
467, 108, 0.639675
467, 109, -0.016499
467, 110, 1.771988
467, 111, 0.827373
467, 112, 1.185186
467, 113, 3.552344
467, 114, 1.068332
467, 115, 1.999111
467, 116, 1.442276
467, 117, 2.359978
467, 118, 1.596224
467, 119, 1.334032
467, 120, 2.296070
467, 121, 3.583057
467, 122, 2.491351
467, 123, 0.346461
467, 124, 2.149925
467, 125, 4.261189
467, 126, 1.214976
467, 127, 0.838413
467, 128, 0.513854
467, 129, 0.074872
467, 130, 1.536904
467, 131, 1.765902
467, 132, 1.469586
467, 133, 0.903691
467, 134, 1.165754
467, 135, 0.744959
467, 136, 0.236954
467, 137, 1.583903
467, 138, 0.987940
467, 139, 0.937750
467, 140, 3.509516
467, 141, 2.065876
467, 142, 3.152328
467, 143, 1.951849
467, 144, 1.581656
467, 145, 1.208066
467, 146, 1.966183
467, 147, 3.901074
467, 148, 2.469827
467, 149, 3.525460
467, 150, 1.562608
467, 151, 1.925796
467, 152, 2.086525
467, 153, 0.000000
467, 154, 1.593774
467, 155, 2.281428
467, 156, -0.010000
467, 157, 3.012294
467, 158, 1.993107
467, 159, 1.088358
467, 160, 2.924663
467, 161, 2.051791
467, 162, 3.460081
467, 163, 2.510499
467, 164, 3.356864
467, 165, 2.996100
467, 166, 3.630819
467, 167, 1.409328
467, 168, 0.369980
467, 169, 1.761950
467, 170, 1.509260
467, 171, 2.814972
467, 172, 2.352461
467, 173, 2.610140
467, 174, 2.075591
467, 175, 1.298954
467, 176, 3.361431
467, 177, 2.496881
467, 178, 0.529260
467, 179, 3.041638
467, 180, 3.504491
467, 181, 0.965567
467, 182, 3.133410
467, 183, -0.040000
467, 184, 0.631502
467, 185, 1.880346
467, 186, 3.365132
467, 187, 0.000000
467, 188, 2.138398
467, 189, 3.140321
467, 190, 2.387929
467, 191, 0.717938
467, 192, 2.160291
467, 193, 2.742257
467, 194, 1.537432
467, 195, -0.255044
467, 196, 3.982683
467, 197, 2.382897
467, 198, 2.283554
467, 199, 1.452204
469, 0, 1.503664
469, 1, 1.547395
469, 2, 2.250211
469, 3, 1.150859
469, 4, -0.339888
469, 5, 1.966623
469, 6, -0.000013
469, 7, 1.283834
469, 8, 3.381170
469, 9, 1.717014
469, 10, 1.799201
469, 11, 2.271102
469, 12, 2.557805
469, 13, 0.000000
469, 14, 2.589036
469, 15, 2.215495
469, 16, 1.129258
469, 17, 3.228312
469, 18, 3.585864
469, 19, 2.595232
469, 20, 4.296316
469, 21, 0.436530
469, 22, 2.161510
469, 23, 1.270559
469, 24, 1.274706
469, 25, 2.046121
469, 26, 1.529587
469, 27, 0.812977
469, 28, 1.980536
469, 29, 1.911773
469, 30, 0.668950
469, 31, 2.637376
469, 32, -0.040000
469, 33, 2.786497
469, 34, 2.360871
469, 35, 2.600087
469, 36, 2.296035
469, 37, 1.539476
469, 38, 0.375477
469, 39, 1.567825
469, 40, 2.691563
469, 41, 1.723280
469, 42, 1.011686
469, 43, 1.442728
469, 44, 0.519650
469, 45, 1.426773
469, 46, 2.256651
469, 47, 1.415481
469, 48, 2.599919
469, 49, -0.160065
469, 50, 2.187935
469, 51, 0.700052
469, 52, 1.514256
469, 53, -0.000015
469, 54, 2.779098
469, 55, 3.169400
469, 56, 2.512933
469, 57, 2.954931
469, 58, 0.829374
469, 59, 1.691667
469, 60, 0.000000
469, 61, 1.402721
469, 62, 2.046885
469, 63, 1.722669
469, 64, 2.057648
469, 65, 3.448805
469, 66, 1.750670
469, 67, 2.514823
469, 68, 1.616038
469, 69, 2.722718
469, 70, 2.954047
469, 71, 2.583023
469, 72, 3.798680
469, 73, 3.224412
469, 74, 1.580833
469, 75, 1.934788
469, 76, 1.049166
469, 77, 1.420346
469, 78, 1.805377
469, 79, 2.797782
469, 80, 2.670173
469, 81, 1.740947
469, 82, -0.113213
469, 83, 1.218934
469, 84, 0.939994
469, 85, 2.945450
469, 86, 3.308242
469, 87, 2.334270
469, 88, 1.398646
469, 89, 0.544654
469, 90, 1.203635
469, 91, 1.350158
469, 92, 0.672629
469, 93, 2.657573
469, 94, 1.651150
469, 95, 0.944082
469, 96, 1.647714
469, 97, 4.307140
469, 98, 2.127539
469, 99, 1.159450
469, 100, 0.792004
469, 101, -0.031273
469, 102, 1.856339
469, 103, 0.000000
469, 104, 3.533380
469, 105, 2.784943
469, 106, 1.431670
469, 107, 1.920194
469, 108, 0.639675
469, 109, -0.016499
469, 110, 1.771988
469, 111, 0.826234
469, 112, 1.185186
469, 113, 3.513444
469, 114, 1.068332
469, 115, 2.084691
469, 116, 1.442276
469, 117, 2.359978
469, 118, 1.592502
469, 119, 1.334032
469, 120, 2.296070
469, 121, 3.662941
469, 122, 2.491351
469, 123, 0.346461
469, 124, 2.149925
469, 125, 4.286170
469, 126, 1.215769
469, 127, 0.838413
469, 128, 0.513854
469, 129, 0.074872
469, 130, 1.536904
469, 131, 1.765901
469, 132, 1.469587
469, 133, 0.903690
469, 134, 1.165754
469, 135, 0.744959
469, 136, 0.236954
469, 137, 1.583569
469, 138, 0.987940
469, 139, 0.937750
469, 140, 3.502215
469, 141, 2.065876
469, 142, 3.157780
469, 143, 1.949883
469, 144, 1.581656
469, 145, 1.208066
469, 146, 1.966183
469, 147, 3.901682
469, 148, 2.469827
469, 149, 3.525480
469, 150, 1.562608
469, 151, 1.923609
469, 152, 2.086525
469, 153, 0.000000
469, 154, 1.593774
469, 155, 2.281428
469, 156, -0.010000
469, 157, 3.010591
469, 158, 1.993107
469, 159, 1.088358
469, 160, 2.933872
469, 161, 2.051791
469, 162, 3.460955
469, 163, 2.510499
469, 164, 3.356865
469, 165, 2.995850
469, 166, 3.631316
469, 167, 1.409328
469, 168, 0.369980
469, 169, 1.761147
469, 170, 1.509260
469, 171, 2.808823
469, 172, 2.352674
469, 173, 2.610800
469, 174, 2.081009
469, 175, 1.301828
469, 176, 3.360067
469, 177, 2.496102
469, 178, 0.529260
469, 179, 3.038220
469, 180, 3.443322
469, 181, 0.965567
469, 182, 3.133410
469, 183, -0.040000
469, 184, 0.631502
469, 185, 1.880346
469, 186, 3.359215
469, 187, 0.000000
469, 188, 2.128451
469, 189, 3.141477
469, 190, 2.387929
469, 191, 0.717938
469, 192, 2.154561
469, 193, 2.744539
469, 194, 1.537432
469, 195, -0.255044
469, 196, 3.981470
469, 197, 2.386684
469, 198, 2.283535
469, 199, 1.452204
471, 0, 1.503664
471, 1, 1.547395
471, 2, 2.284687
471, 3, 1.150856
471, 4, -0.339888
471, 5, 1.967616
471, 6, -0.000013
471, 7, 1.283830
471, 8, 3.374175
471, 9, 1.717014
471, 10, 1.799200
471, 11, 2.271102
471, 12, 2.565395
471, 13, 0.000000
471, 14, 2.589019
471, 15, 2.146521
471, 16, 1.129258
471, 17, 3.217576
471, 18, 3.587904
471, 19, 2.603592
471, 20, 4.265897
471, 21, 0.436530
471, 22, 2.161510
471, 23, 1.270559
471, 24, 1.268450
471, 25, 2.046121
471, 26, 1.529452
471, 27, 0.812977
471, 28, 1.981601
471, 29, 1.908837
471, 30, 0.668950
471, 31, 2.642759
471, 32, -0.040000
471, 33, 2.740482
471, 34, 2.388727
471, 35, 2.600039
471, 36, 2.299207
471, 37, 1.643021
471, 38, 0.375477
471, 39, 1.567825
471, 40, 2.691563
471, 41, 1.723354
471, 42, 1.011686
471, 43, 1.442728
471, 44, 0.519650
471, 45, 1.424130
471, 46, 2.252997
471, 47, 1.415481
471, 48, 2.594603
471, 49, -0.160065
471, 50, 2.187935
471, 51, 0.700052
471, 52, 1.514256
471, 53, -0.000015
471, 54, 2.774926
471, 55, 3.169684
471, 56, 2.510702
471, 57, 2.954960
471, 58, 0.829374
471, 59, 1.691667
471, 60, 0.000000
471, 61, 1.402721
471, 62, 2.046886
471, 63, 1.722669
471, 64, 2.057648
471, 65, 3.441343
471, 66, 1.750670
471, 67, 2.514823
471, 68, 1.616038
471, 69, 2.722718
471, 70, 2.954718
471, 71, 2.583026
471, 72, 3.797822
471, 73, 3.224378
471, 74, 1.580833
471, 75, 1.934788
471, 76, 1.049166
471, 77, 1.420346
471, 78, 1.805377
471, 79, 2.797783
471, 80, 2.670456
471, 81, 1.732859
471, 82, -0.111466
471, 83, 1.218931
471, 84, 0.939994
471, 85, 2.945451
471, 86, 3.322623
471, 87, 2.334270
471, 88, 1.398646
471, 89, 0.544654
471, 90, 1.203634
471, 91, 1.331103
471, 92, 0.672629
471, 93, 2.676116
471, 94, 1.646626
471, 95, 0.921243
471, 96, 1.645084
471, 97, 4.306279
471, 98, 2.147345
471, 99, 1.159450
471, 100, 0.792004
471, 101, -0.031273
471, 102, 1.856339
471, 103, 0.000000
471, 104, 3.532868
471, 105, 2.787986
471, 106, 1.431670
471, 107, 1.913206
471, 108, 0.639675
471, 109, -0.016499
471, 110, 1.771988
471, 111, 0.824773
471, 112, 1.185186
471, 113, 3.553961
471, 114, 1.068332
471, 115, 1.998935
471, 116, 1.442276
471, 117, 2.359978
471, 118, 1.567526
471, 119, 1.334032
471, 120, 2.296069
471, 121, 3.687938
471, 122, 2.491351
471, 123, 0.346461
471, 124, 2.149925
471, 125, 4.287171
471, 126, 1.216532
471, 127, 0.838413
471, 128, 0.513854
471, 129, 0.074872
471, 130, 1.536905
471, 131, 1.765901
471, 132, 1.469587
471, 133, 0.903681
471, 134, 1.165754
471, 135, 0.744959
471, 136, 0.169991
471, 137, 1.583233
471, 138, 0.987940
471, 139, 0.937750
471, 140, 3.495218
471, 141, 2.065876
471, 142, 3.141971
471, 143, 1.942755
471, 144, 1.581656
471, 145, 1.208066
471, 146, 1.966183
471, 147, 3.908809
471, 148, 2.469827
471, 149, 3.524371
471, 150, 1.562608
471, 151, 1.938985
471, 152, 2.086526
471, 153, 0.000000
471, 154, 1.593774
471, 155, 2.281428
471, 156, -0.010000
471, 157, 3.010598
471, 158, 1.993107
471, 159, 1.082351
471, 160, 2.891546
471, 161, 2.051791
471, 162, 3.439141
471, 163, 2.510499
471, 164, 3.356865
471, 165, 2.994602
471, 166, 3.626540
471, 167, 1.409328
471, 168, 0.369980
471, 169, 1.760725
471, 170, 1.509260
471, 171, 2.824995
471, 172, 2.352698
471, 173, 2.610117
471, 174, 2.096270
471, 175, 1.317505
471, 176, 3.360067
471, 177, 2.500990
471, 178, 0.529260
471, 179, 3.036899
471, 180, 3.515188
471, 181, 0.965567
471, 182, 3.133410
471, 183, -0.040000
471, 184, 0.631502
471, 185, 1.880346
471, 186, 3.383275
471, 187, 0.000000
471, 188, 2.153703
471, 189, 3.166955
471, 190, 2.387929
471, 191, 0.717938
471, 192, 2.131878
471, 193, 2.739458
471, 194, 1.537430
471, 195, -0.255041
471, 196, 3.982756
471, 197, 2.386684
471, 198, 2.283513
471, 199, 1.452205
473, 0, 1.503664
473, 1, 1.547395
473, 2, 2.321136
473, 3, 1.150858
473, 4, -0.339888
473, 5, 1.969469
473, 6, -0.000013
473, 7, 1.283832
473, 8, 3.384610
473, 9, 1.717014
473, 10, 1.799201
473, 11, 2.271102
473, 12, 2.565899
473, 13, 0.000000
473, 14, 2.588839
473, 15, 2.194322
473, 16, 1.129258
473, 17, 3.229090
473, 18, 3.587480
473, 19, 2.593091
473, 20, 4.235728
473, 21, 0.436530
473, 22, 2.161510
473, 23, 1.270559
473, 24, 1.229346
473, 25, 2.046121
473, 26, 1.530646
473, 27, 0.812977
473, 28, 1.979412
473, 29, 1.907472
473, 30, 0.668950
473, 31, 2.624872
473, 32, -0.040000
473, 33, 2.747326
473, 34, 2.390756
473, 35, 2.599999
473, 36, 2.301334
473, 37, 1.663257
473, 38, 0.375477
473, 39, 1.567825
473, 40, 2.691563
473, 41, 1.723428
473, 42, 1.011686
473, 43, 1.442728
473, 44, 0.519650
473, 45, 1.426976
473, 46, 2.260236
473, 47, 1.415481
473, 48, 2.593094
473, 49, -0.160065
473, 50, 2.187935
473, 51, 0.700052
473, 52, 1.514256
473, 53, -0.000015
473, 54, 2.732007
473, 55, 3.160875
473, 56, 2.518655
473, 57, 2.955019
473, 58, 0.829374
473, 59, 1.691667
473, 60, 0.000000
473, 61, 1.402721
473, 62, 2.046886
473, 63, 1.722669
473, 64, 2.057648
473, 65, 3.483438
473, 66, 1.750670
473, 67, 2.514823
473, 68, 1.616038
473, 69, 2.722718
473, 70, 2.955177
473, 71, 2.589167
473, 72, 3.798582
473, 73, 3.225548
473, 74, 1.580833
473, 75, 1.934788
473, 76, 1.049166
473, 77, 1.420346
473, 78, 1.805377
473, 79, 2.797782
473, 80, 2.671482
473, 81, 1.732228
473, 82, -0.113335
473, 83, 1.218932
473, 84, 0.939994
473, 85, 2.945451
473, 86, 3.314662
473, 87, 2.334270
473, 88, 1.398646
473, 89, 0.544654
473, 90, 1.203634
473, 91, 1.344250
473, 92, 0.672629
473, 93, 2.657961
473, 94, 1.659128
473, 95, 0.939710
473, 96, 1.643434
473, 97, 4.295535
473, 98, 2.145388
473, 99, 1.159450
473, 100, 0.792004
473, 101, -0.031273
473, 102, 1.856339
473, 103, 0.000000
473, 104, 3.533374
473, 105, 2.785511
473, 106, 1.431670
473, 107, 1.920893
473, 108, 0.639675
473, 109, -0.016499
473, 110, 1.771988
473, 111, 0.822672
473, 112, 1.185186
473, 113, 3.552860
473, 114, 1.068332
473, 115, 2.084612
473, 116, 1.446281
473, 117, 2.359978
473, 118, 1.587113
473, 119, 1.334032
473, 120, 2.296070
473, 121, 3.673159
473, 122, 2.491351
473, 123, 0.346461
473, 124, 2.149925
473, 125, 4.285604
473, 126, 1.217302
473, 127, 0.838413
473, 128, 0.513854
473, 129, 0.074872
473, 130, 1.536904
473, 131, 1.765901
473, 132, 1.469587
473, 133, 0.903684
473, 134, 1.165754
473, 135, 0.744959
473, 136, 0.169991
473, 137, 1.582913
473, 138, 0.987940
473, 139, 0.937750
473, 140, 3.501845
473, 141, 2.065876
473, 142, 3.150396
473, 143, 1.951319
473, 144, 1.581656
473, 145, 1.208066
473, 146, 1.966183
473, 147, 3.841311
473, 148, 2.469827
473, 149, 3.525469
473, 150, 1.562608
473, 151, 1.930859
473, 152, 2.086525
473, 153, 0.000000
473, 154, 1.593774
473, 155, 2.281428
473, 156, -0.010000
473, 157, 3.010601
473, 158, 1.993107
473, 159, 1.082351
473, 160, 2.948429
473, 161, 2.051791
473, 162, 3.446140
473, 163, 2.510499
473, 164, 3.357171
473, 165, 2.994130
473, 166, 3.617905
473, 167, 1.409328
473, 168, 0.369980
473, 169, 1.760495
473, 170, 1.509260
473, 171, 2.779399
473, 172, 2.352703
473, 173, 2.610813
473, 174, 2.026121
473, 175, 1.321397
473, 176, 3.356692
473, 177, 2.489468
473, 178, 0.529260
473, 179, 3.037556
473, 180, 3.502775
473, 181, 0.965567
473, 182, 3.133410
473, 183, -0.040000
473, 184, 0.631502
473, 185, 1.880346
473, 186, 3.378351
473, 187, 0.000000
473, 188, 2.177737
473, 189, 3.181601
473, 190, 2.387929
473, 191, 0.717938
473, 192, 2.153564
473, 193, 2.741979
473, 194, 1.537431
473, 195, -0.255042
473, 196, 3.953202
473, 197, 2.382833
473, 198, 2.283494
473, 199, 1.452205
475, 0, 1.503664
475, 1, 1.547395
475, 2, 2.321824
475, 3, 1.150858
475, 4, -0.339888
475, 5, 1.970644
475, 6, -0.000013
475, 7, 1.283833
475, 8, 3.368362
475, 9, 1.717014
475, 10, 1.799201
475, 11, 2.271102
475, 12, 2.555773
475, 13, 0.000000
475, 14, 2.588792
475, 15, 2.216739
475, 16, 1.129258
475, 17, 3.228426
475, 18, 3.588642
475, 19, 2.604109
475, 20, 4.286689
475, 21, 0.436530
475, 22, 2.161510
475, 23, 1.270559
475, 24, 1.211033
475, 25, 2.046121
475, 26, 1.523943
475, 27, 0.812977
475, 28, 1.976999
475, 29, 1.906689
475, 30, 0.668950
475, 31, 2.614303
475, 32, -0.040000
475, 33, 2.743341
475, 34, 2.320931
475, 35, 2.599929
475, 36, 2.306227
475, 37, 1.705420
475, 38, 0.375477
475, 39, 1.567825
475, 40, 2.691563
475, 41, 1.723508
475, 42, 1.011686
475, 43, 1.442728
475, 44, 0.519650
475, 45, 1.426280
475, 46, 2.278131
475, 47, 1.415481
475, 48, 2.595100
475, 49, -0.160065
475, 50, 2.187935
475, 51, 0.700052
475, 52, 1.514256
475, 53, -0.000015
475, 54, 2.745068
475, 55, 3.169934
475, 56, 2.522702
475, 57, 2.955057
475, 58, 0.829374
475, 59, 1.691667
475, 60, 0.000000
475, 61, 1.402721
475, 62, 2.046885
475, 63, 1.722669
475, 64, 2.057648
475, 65, 3.471342
475, 66, 1.750670
475, 67, 2.514823
475, 68, 1.616038
475, 69, 2.722731
475, 70, 2.949517
475, 71, 2.586574
475, 72, 3.799041
475, 73, 3.222630
475, 74, 1.580833
475, 75, 1.934788
475, 76, 1.049166
475, 77, 1.420346
475, 78, 1.805377
475, 79, 2.797782
475, 80, 2.671932
475, 81, 1.739843
475, 82, -0.112810
475, 83, 1.218933
475, 84, 0.939994
475, 85, 2.945450
475, 86, 3.301276
475, 87, 2.334270
475, 88, 1.398646
475, 89, 0.544654
475, 90, 1.203637
475, 91, 1.355047
475, 92, 0.672629
475, 93, 2.674242
475, 94, 1.663381
475, 95, 0.935163
475, 96, 1.646379
475, 97, 4.307547
475, 98, 2.146897
475, 99, 1.159450
475, 100, 0.792004
475, 101, -0.031273
475, 102, 1.856339
475, 103, 0.000000
475, 104, 3.532874
475, 105, 2.787959
475, 106, 1.431670
475, 107, 1.916165
475, 108, 0.639675
475, 109, -0.016499
475, 110, 1.771988
475, 111, 0.821311
475, 112, 1.185186
475, 113, 3.522168
475, 114, 1.068332
475, 115, 1.999094
475, 116, 1.446281
475, 117, 2.359978
475, 118, 1.585210
475, 119, 1.334032
475, 120, 2.300940
475, 121, 3.670435
475, 122, 2.491351
475, 123, 0.346461
475, 124, 2.149925
475, 125, 4.288327
475, 126, 1.218097
475, 127, 0.838413
475, 128, 0.513854
475, 129, 0.074872
475, 130, 1.536904
475, 131, 1.765901
475, 132, 1.469588
475, 133, 0.903685
475, 134, 1.165754
475, 135, 0.744959
475, 136, 0.169991
475, 137, 1.582617
475, 138, 0.987940
475, 139, 0.937750
475, 140, 3.505823
475, 141, 2.065876
475, 142, 3.134260
475, 143, 1.963900
475, 144, 1.581656
475, 145, 1.208066
475, 146, 1.966183
475, 147, 3.901839
475, 148, 2.469827
475, 149, 3.524081
475, 150, 1.562608
475, 151, 1.927551
475, 152, 2.086525
475, 153, 0.000000
475, 154, 1.593774
475, 155, 2.281429
475, 156, -0.010000
475, 157, 3.007393
475, 158, 1.993107
475, 159, 1.082351
475, 160, 2.917905
475, 161, 2.051791
475, 162, 3.454807
475, 163, 2.510499
475, 164, 3.356865
475, 165, 2.993856
475, 166, 3.627118
475, 167, 1.409328
475, 168, 0.369980
475, 169, 1.760221
475, 170, 1.509260
475, 171, 2.805246
475, 172, 2.352698
475, 173, 2.610138
475, 174, 2.045835
475, 175, 1.324826
475, 176, 3.356692
475, 177, 2.498466
475, 178, 0.529260
475, 179, 3.042401
475, 180, 3.467076
475, 181, 0.965567
475, 182, 3.133410
475, 183, -0.040000
475, 184, 0.631502
475, 185, 1.880346
475, 186, 3.374674
475, 187, 0.000000
475, 188, 2.168894
475, 189, 3.125041
475, 190, 2.387929
475, 191, 0.717938
475, 192, 2.128600
475, 193, 2.742036
475, 194, 1.537432
475, 195, -0.261263
475, 196, 3.980822
475, 197, 2.382833
475, 198, 2.283482
475, 199, 1.452205
477, 0, 1.503664
477, 1, 1.547396
477, 2, 2.306751
477, 3, 1.150859
477, 4, -0.339888
477, 5, 1.969887
477, 6, -0.000013
477, 7, 1.283834
477, 8, 3.369909
477, 9, 1.717014
477, 10, 1.799201
477, 11, 2.271102
477, 12, 2.552029
477, 13, 0.000000
477, 14, 2.588855
477, 15, 2.241999
477, 16, 1.129258
477, 17, 3.228401
477, 18, 3.585421
477, 19, 2.593091
477, 20, 4.275499
477, 21, 0.436530
477, 22, 2.161510
477, 23, 1.270559
477, 24, 1.190416
477, 25, 2.046121
477, 26, 1.555731
477, 27, 0.812977
477, 28, 1.978102
477, 29, 1.910136
477, 30, 0.668950
477, 31, 2.609681
477, 32, -0.040000
477, 33, 2.733669
477, 34, 2.371202
477, 35, 2.599938
477, 36, 2.302260
477, 37, 1.499106
477, 38, 0.375477
477, 39, 1.567825
477, 40, 2.691563
477, 41, 1.723572
477, 42, 1.011686
477, 43, 1.442728
477, 44, 0.519650
477, 45, 1.429384
477, 46, 2.281006
477, 47, 1.415481
477, 48, 2.594328
477, 49, -0.160065
477, 50, 2.187935
477, 51, 0.700052
477, 52, 1.514256
477, 53, -0.000015
477, 54, 2.717490
477, 55, 3.170185
477, 56, 2.513395
477, 57, 2.955149
477, 58, 0.829374
477, 59, 1.691667
477, 60, 0.000000
477, 61, 1.402721
477, 62, 2.046885
477, 63, 1.722669
477, 64, 2.057648
477, 65, 3.466865
477, 66, 1.750670
477, 67, 2.514823
477, 68, 1.616038
477, 69, 2.722739
477, 70, 2.954405
477, 71, 2.583012
477, 72, 3.799197
477, 73, 3.221402
477, 74, 1.580833
477, 75, 1.934788
477, 76, 1.049166
477, 77, 1.420346
477, 78, 1.805377
477, 79, 2.797782
477, 80, 2.671433
477, 81, 1.722515
477, 82, -0.114862
477, 83, 1.218933
477, 84, 0.939994
477, 85, 2.945451
477, 86, 3.310674
477, 87, 2.334270
477, 88, 1.398646
477, 89, 0.544654
477, 90, 1.203638
477, 91, 1.352315
477, 92, 0.672629
477, 93, 2.678901
477, 94, 1.663671
477, 95, 0.910910
477, 96, 1.645432
477, 97, 4.304029
477, 98, 2.148740
477, 99, 1.159450
477, 100, 0.792004
477, 101, -0.031273
477, 102, 1.856339
477, 103, 0.000000
477, 104, 3.533369
477, 105, 2.785539
477, 106, 1.431670
477, 107, 1.915833
477, 108, 0.639675
477, 109, -0.016499
477, 110, 1.771988
477, 111, 0.820397
477, 112, 1.185186
477, 113, 3.555819
477, 114, 1.068332
477, 115, 2.084683
477, 116, 1.446281
477, 117, 2.359978
477, 118, 1.562142
477, 119, 1.334032
477, 120, 2.301234
477, 121, 3.590989
477, 122, 2.491351
477, 123, 0.346461
477, 124, 2.149926
477, 125, 4.261827
477, 126, 1.218786
477, 127, 0.838413
477, 128, 0.513854
477, 129, 0.074872
477, 130, 1.536904
477, 131, 1.765901
477, 132, 1.469588
477, 133, 0.903686
477, 134, 1.165754
477, 135, 0.744959
477, 136, 0.169991
477, 137, 1.582310
477, 138, 0.987940
477, 139, 0.937750
477, 140, 3.510513
477, 141, 2.065876
477, 142, 3.140522
477, 143, 1.952265
477, 144, 1.581656
477, 145, 1.208066
477, 146, 1.966183
477, 147, 3.906680
477, 148, 2.469827
477, 149, 3.525439
477, 150, 1.562608
477, 151, 1.925743
477, 152, 2.086525
477, 153, 0.000000
477, 154, 1.593774
477, 155, 2.281428
477, 156, -0.010000
477, 157, 3.007389
477, 158, 1.993107
477, 159, 1.082351
477, 160, 2.951985
477, 161, 2.051791
477, 162, 3.456230
477, 163, 2.512393
477, 164, 3.356864
477, 165, 2.994447
477, 166, 3.626625
477, 167, 1.409328
477, 168, 0.369980
477, 169, 1.759928
477, 170, 1.509260
477, 171, 2.809601
477, 172, 2.352757
477, 173, 2.610801
477, 174, 2.062045
477, 175, 1.327690
477, 176, 3.361631
477, 177, 2.501259
477, 178, 0.529260
477, 179, 3.044947
477, 180, 3.512903
477, 181, 0.965567
477, 182, 3.133410
477, 183, -0.040000
477, 184, 0.631502
477, 185, 1.880346
477, 186, 3.374990
477, 187, 0.000000
477, 188, 2.159395
477, 189, 3.140453
477, 190, 2.387929
477, 191, 0.717938
477, 192, 2.151740
477, 193, 2.738721
477, 194, 1.537432
477, 195, -0.269771
477, 196, 3.982542
477, 197, 2.387599
477, 198, 2.283456
477, 199, 1.452204
479, 0, 1.503664
479, 1, 1.547395
479, 2, 2.312476
479, 3, 1.150859
479, 4, -0.339888
479, 5, 1.970932
479, 6, -0.000013
479, 7, 1.283834
479, 8, 3.373014
479, 9, 1.717014
479, 10, 1.799201
479, 11, 2.271102
479, 12, 2.559209
479, 13, 0.000000
479, 14, 2.588801
479, 15, 2.284734
479, 16, 1.129258
479, 17, 3.229055
479, 18, 3.572768
479, 19, 2.593091
479, 20, 4.248754
479, 21, 0.436530
479, 22, 2.161510
479, 23, 1.270559
479, 24, 1.191665
479, 25, 2.046121
479, 26, 1.460060
479, 27, 0.812977
479, 28, 1.980086
479, 29, 1.908413
479, 30, 0.668950
479, 31, 2.614989
479, 32, -0.040000
479, 33, 2.705667
479, 34, 2.346967
479, 35, 2.599864
479, 36, 2.302047
479, 37, 1.585063
479, 38, 0.375477
479, 39, 1.567825
479, 40, 2.691563
479, 41, 1.723669
479, 42, 1.011686
479, 43, 1.442728
479, 44, 0.519650
479, 45, 1.427833
479, 46, 2.264285
479, 47, 1.415481
479, 48, 2.593878
479, 49, -0.160065
479, 50, 2.187935
479, 51, 0.700052
479, 52, 1.514256
479, 53, -0.000015
479, 54, 2.748371
479, 55, 3.166497
479, 56, 2.521952
479, 57, 2.955184
479, 58, 0.829374
479, 59, 1.691667
479, 60, 0.000000
479, 61, 1.402721
479, 62, 2.046885
479, 63, 1.722669
479, 64, 2.057648
479, 65, 3.463413
479, 66, 1.750670
479, 67, 2.514823
479, 68, 1.593087
479, 69, 2.722745
479, 70, 2.952492
479, 71, 2.583022
479, 72, 3.799288
479, 73, 3.223134
479, 74, 1.580833
479, 75, 1.934788
479, 76, 1.049166
479, 77, 1.420346
479, 78, 1.805377
479, 79, 2.797782
479, 80, 2.671861
479, 81, 1.723070
479, 82, -0.112951
479, 83, 1.218934
479, 84, 0.939994
479, 85, 2.945451
479, 86, 3.316458
479, 87, 2.334270
479, 88, 1.398646
479, 89, 0.544654
479, 90, 1.203635
479, 91, 1.341276
479, 92, 0.672629
479, 93, 2.652765
479, 94, 1.669280
479, 95, 0.935815
479, 96, 1.648322
479, 97, 4.292639
479, 98, 2.149376
479, 99, 1.159450
479, 100, 0.792004
479, 101, -0.031273
479, 102, 1.856339
479, 103, 0.000000
479, 104, 3.532880
479, 105, 2.787933
479, 106, 1.431670
479, 107, 1.928712
479, 108, 0.639675
479, 109, -0.016499
479, 110, 1.771988
479, 111, 0.819264
479, 112, 1.185186
479, 113, 3.555923
479, 114, 1.068332
479, 115, 1.998964
479, 116, 1.446281
479, 117, 2.359978
479, 118, 1.574763
479, 119, 1.334032
479, 120, 2.301332
479, 121, 3.665281
479, 122, 2.491351
479, 123, 0.346461
479, 124, 2.149925
479, 125, 4.288512
479, 126, 1.219400
479, 127, 0.838413
479, 128, 0.513854
479, 129, 0.074872
479, 130, 1.536904
479, 131, 1.765902
479, 132, 1.469588
479, 133, 0.903687
479, 134, 1.165754
479, 135, 0.744959
479, 136, 0.169991
479, 137, 1.581953
479, 138, 0.987940
479, 139, 0.937750
479, 140, 3.502004
479, 141, 2.065876
479, 142, 3.148197
479, 143, 1.956103
479, 144, 1.581656
479, 145, 1.208066
479, 146, 1.966183
479, 147, 3.889333
479, 148, 2.469827
479, 149, 3.524648
479, 150, 1.562608
479, 151, 1.927353
479, 152, 2.086525
479, 153, 0.000000
479, 154, 1.593774
479, 155, 2.281428
479, 156, -0.010000
479, 157, 3.007399
479, 158, 1.993107
479, 159, 1.082351
479, 160, 2.931074
479, 161, 2.062106
479, 162, 3.458836
479, 163, 2.512393
479, 164, 3.356866
479, 165, 2.993834
479, 166, 3.629423
479, 167, 1.409328
479, 168, 0.369980
479, 169, 1.759636
479, 170, 1.509260
479, 171, 2.809827
479, 172, 2.348259
479, 173, 2.610121
479, 174, 2.046294
479, 175, 1.330664
479, 176, 3.356692
479, 177, 2.498937
479, 178, 0.529260
479, 179, 3.046034
479, 180, 3.513088
479, 181, 0.965567
479, 182, 3.133410
479, 183, -0.040000
479, 184, 0.631502
479, 185, 1.880346
479, 186, 3.364326
479, 187, 0.000000
479, 188, 2.149154
479, 189, 3.155720
479, 190, 2.387929
479, 191, 0.717938
479, 192, 2.135387
479, 193, 2.740261
479, 194, 1.537431
479, 195, -0.274739
479, 196, 3.977941
479, 197, 2.384139
479, 198, 2.283431
479, 199, 1.452204
481, 0, 1.503664
481, 1, 1.547395
481, 2, 2.301872
481, 3, 1.150856
481, 4, -0.339888
481, 5, 1.966353
481, 6, -0.000013
481, 7, 1.283830
481, 8, 3.380979
481, 9, 1.717014
481, 10, 1.799200
481, 11, 2.271101
481, 12, 2.560616
481, 13, 0.000000
481, 14, 2.588833
481, 15, 2.292311
481, 16, 1.129258
481, 17, 3.226415
481, 18, 3.586344
481, 19, 2.607561
481, 20, 4.293735
481, 21, 0.436530
481, 22, 2.161510
481, 23, 1.270559
481, 24, 1.202251
481, 25, 2.046121
481, 26, 1.494917
481, 27, 0.812977
481, 28, 1.981321
481, 29, 1.923224
481, 30, 0.668950
481, 31, 2.615093
481, 32, -0.040000
481, 33, 2.739189
481, 34, 2.340468
481, 35, 2.599852
481, 36, 2.300855
481, 37, 1.561790
481, 38, 0.375477
481, 39, 1.578366
481, 40, 2.691563
481, 41, 1.723758
481, 42, 1.011686
481, 43, 1.442728
481, 44, 0.519650
481, 45, 1.440163
481, 46, 2.244427
481, 47, 1.415481
481, 48, 2.591637
481, 49, -0.160065
481, 50, 2.187935
481, 51, 0.700052
481, 52, 1.514256
481, 53, -0.000015
481, 54, 2.763051
481, 55, 3.159558
481, 56, 2.519980
481, 57, 2.955259
481, 58, 0.829374
481, 59, 1.691667
481, 60, 0.000000
481, 61, 1.402721
481, 62, 2.046886
481, 63, 1.722669
481, 64, 2.057648
481, 65, 3.469441
481, 66, 1.750670
481, 67, 2.514823
481, 68, 1.593087
481, 69, 2.722747
481, 70, 2.951887
481, 71, 2.584951
481, 72, 3.799337
481, 73, 3.223317
481, 74, 1.580833
481, 75, 1.934788
481, 76, 1.049166
481, 77, 1.420346
481, 78, 1.805377
481, 79, 2.797783
481, 80, 2.670269
481, 81, 1.772272
481, 82, -0.121524
481, 83, 1.218931
481, 84, 0.939994
481, 85, 2.945451
481, 86, 3.249465
481, 87, 2.334270
481, 88, 1.398646
481, 89, 0.544654
481, 90, 1.203632
481, 91, 1.357985
481, 92, 0.672629
481, 93, 2.673390
481, 94, 1.664687
481, 95, 0.927344
481, 96, 1.657328
481, 97, 4.306097
481, 98, 2.150267
481, 99, 1.159450
481, 100, 0.792004
481, 101, -0.031273
481, 102, 1.856339
481, 103, 0.000000
481, 104, 3.533346
481, 105, 2.785848
481, 106, 1.431670
481, 107, 1.907003
481, 108, 0.639675
481, 109, -0.016499
481, 110, 1.771988
481, 111, 0.817991
481, 112, 1.185186
481, 113, 3.542133
481, 114, 1.068332
481, 115, 2.084623
481, 116, 1.446281
481, 117, 2.359978
481, 118, 1.595812
481, 119, 1.334032
481, 120, 2.301364
481, 121, 3.701684
481, 122, 2.491351
481, 123, 0.346461
481, 124, 2.149925
481, 125, 4.285141
481, 126, 1.220137
481, 127, 0.838413
481, 128, 0.513854
481, 129, 0.074872
481, 130, 1.536905
481, 131, 1.765901
481, 132, 1.469587
481, 133, 0.903674
481, 134, 1.165754
481, 135, 0.744959
481, 136, 0.169991
481, 137, 1.581683
481, 138, 0.987940
481, 139, 0.937750
481, 140, 3.501811
481, 141, 2.070529
481, 142, 3.148891
481, 143, 1.950497
481, 144, 1.581656
481, 145, 1.208066
481, 146, 1.966183
481, 147, 3.875110
481, 148, 2.469827
481, 149, 3.525486
481, 150, 1.562608
481, 151, 1.926916
481, 152, 2.086525
481, 153, 0.000000
481, 154, 1.593774
481, 155, 2.281428
481, 156, -0.010000
481, 157, 3.007402
481, 158, 1.993107
481, 159, 1.080212
481, 160, 2.926522
481, 161, 2.050373
481, 162, 3.460378
481, 163, 2.512393
481, 164, 3.356865
481, 165, 2.997664
481, 166, 3.631636
481, 167, 1.409328
481, 168, 0.369980
481, 169, 1.759590
481, 170, 1.509260
481, 171, 2.780344
481, 172, 2.352067
481, 173, 2.610812
481, 174, 2.031459
481, 175, 1.333372
481, 176, 3.358673
481, 177, 2.491891
481, 178, 0.529260
481, 179, 3.049821
481, 180, 3.491514
481, 181, 0.965567
481, 182, 3.133410
481, 183, -0.040000
481, 184, 0.631502
481, 185, 1.880346
481, 186, 3.354670
481, 187, 0.000000
481, 188, 2.133791
481, 189, 3.091767
481, 190, 2.387929
481, 191, 0.717938
481, 192, 2.155492
481, 193, 2.743109
481, 194, 1.537429
481, 195, -0.277590
481, 196, 3.965952
481, 197, 2.384139
481, 198, 2.283410
481, 199, 1.452205
483, 0, 1.503664
483, 1, 1.547395
483, 2, 2.268480
483, 3, 1.150858
483, 4, -0.339888
483, 5, 1.963475
483, 6, -0.000013
483, 7, 1.283832
483, 8, 3.352730
483, 9, 1.717014
483, 10, 1.799199
483, 11, 2.271102
483, 12, 2.561184
483, 13, 0.000000
483, 14, 2.588757
483, 15, 2.202574
483, 16, 1.129258
483, 17, 3.205978
483, 18, 3.588204
483, 19, 2.593091
483, 20, 4.265481
483, 21, 0.436530
483, 22, 2.161510
483, 23, 1.270559
483, 24, 1.203942
483, 25, 2.046121
483, 26, 1.467444
483, 27, 0.812977
483, 28, 1.980497
483, 29, 1.925237
483, 30, 0.668950
483, 31, 2.613142
483, 32, -0.040000
483, 33, 2.757946
483, 34, 2.385169
483, 35, 2.599814
483, 36, 2.300292
483, 37, 1.502949
483, 38, 0.375477
483, 39, 1.571532
483, 40, 2.691563
483, 41, 1.723834
483, 42, 1.011686
483, 43, 1.442728
483, 44, 0.519650
483, 45, 1.443020
483, 46, 2.230407
483, 47, 1.415481
483, 48, 2.596136
483, 49, -0.160065
483, 50, 2.187935
483, 51, 0.700052
483, 52, 1.514256
483, 53, -0.000015
483, 54, 2.758890
483, 55, 3.171203
483, 56, 2.514155
483, 57, 2.955317
483, 58, 0.829374
483, 59, 1.691667
483, 60, 0.000000
483, 61, 1.402721
483, 62, 2.046886
483, 63, 1.722669
483, 64, 2.057648
483, 65, 3.466609
483, 66, 1.750670
483, 67, 2.514823
483, 68, 1.593087
483, 69, 2.722747
483, 70, 2.954216
483, 71, 2.589636
483, 72, 3.799143
483, 73, 3.222888
483, 74, 1.580833
483, 75, 1.934788
483, 76, 1.049166
483, 77, 1.420346
483, 78, 1.805377
483, 79, 2.797782
483, 80, 2.669394
483, 81, 1.766512
483, 82, -0.123368
483, 83, 1.218932
483, 84, 0.939994
483, 85, 2.951766
483, 86, 3.281198
483, 87, 2.334270
483, 88, 1.398646
483, 89, 0.544654
483, 90, 1.203631
483, 91, 1.333709
483, 92, 0.672629
483, 93, 2.677871
483, 94, 1.659788
483, 95, 0.906400
483, 96, 1.649496
483, 97, 4.289620
483, 98, 2.155632
483, 99, 1.159450
483, 100, 0.792004
483, 101, -0.031273
483, 102, 1.856339
483, 103, 0.000000
483, 104, 3.532838
483, 105, 2.788689
483, 106, 1.431670
483, 107, 1.911763
483, 108, 0.639675
483, 109, -0.016499
483, 110, 1.771988
483, 111, 0.816659
483, 112, 1.185186
483, 113, 3.554759
483, 114, 1.068332
483, 115, 1.999074
483, 116, 1.446281
483, 117, 2.359978
483, 118, 1.595869
483, 119, 1.334032
483, 120, 2.301375
483, 121, 3.652356
483, 122, 2.491351
483, 123, 0.346461
483, 124, 2.149925
483, 125, 4.282644
483, 126, 1.220787
483, 127, 0.838413
483, 128, 0.513854
483, 129, 0.074872
483, 130, 1.536904
483, 131, 1.765901
483, 132, 1.469587
483, 133, 0.893435
483, 134, 1.165754
483, 135, 0.744959
483, 136, 0.100007
483, 137, 1.581365
483, 138, 0.987940
483, 139, 0.937750
483, 140, 3.503809
483, 141, 2.094750
483, 142, 3.154742
483, 143, 1.950615
483, 144, 1.581656
483, 145, 1.208066
483, 146, 1.966183
483, 147, 3.908643
483, 148, 2.469827
483, 149, 3.525163
483, 150, 1.562608
483, 151, 1.928388
483, 152, 2.086526
483, 153, 0.000000
483, 154, 1.593774
483, 155, 2.281428
483, 156, -0.010000
483, 157, 3.010380
483, 158, 1.993107
483, 159, 1.076072
483, 160, 2.893821
483, 161, 2.050373
483, 162, 3.460670
483, 163, 2.514609
483, 164, 3.356865
483, 165, 2.996194
483, 166, 3.630658
483, 167, 1.409328
483, 168, 0.369980
483, 169, 1.757736
483, 170, 1.509260
483, 171, 2.816695
483, 172, 2.352301
483, 173, 2.610135
483, 174, 2.021400
483, 175, 1.349065
483, 176, 3.360993
483, 177, 2.505786
483, 178, 0.529260
483, 179, 3.052749
483, 180, 3.516597
483, 181, 0.965567
483, 182, 3.133410
483, 183, -0.040000
483, 184, 0.631502
483, 185, 1.880346
483, 186, 3.370766
483, 187, 0.000000
483, 188, 2.124902
483, 189, 3.134945
483, 190, 2.387929
483, 191, 0.717938
483, 192, 2.143726
483, 193, 2.737497
483, 194, 1.537428
483, 195, -0.279216
483, 196, 3.981203
483, 197, 2.386926
483, 198, 2.283381
483, 199, 1.452205
485, 0, 1.503664
485, 1, 1.547395
485, 2, 2.289625
485, 3, 1.150858
485, 4, -0.339888
485, 5, 1.964685
485, 6, -0.000013
485, 7, 1.283833
485, 8, 3.365465
485, 9, 1.717014
485, 10, 1.799198
485, 11, 2.271102
485, 12, 2.564375
485, 13, 0.000000
485, 14, 2.588768
485, 15, 2.233726
485, 16, 1.129258
485, 17, 3.230844
485, 18, 3.580580
485, 19, 2.598215
485, 20, 4.296701
485, 21, 0.436530
485, 22, 2.161510
485, 23, 1.270559
485, 24, 1.214991
485, 25, 2.046121
485, 26, 1.364225
485, 27, 0.812977
485, 28, 1.977418
485, 29, 1.922264
485, 30, 0.668950
485, 31, 2.615030
485, 32, -0.040000
485, 33, 2.750090
485, 34, 2.328958
485, 35, 2.599786
485, 36, 2.301044
485, 37, 1.593232
485, 38, 0.375477
485, 39, 1.571532
485, 40, 2.691563
485, 41, 1.723939
485, 42, 1.011686
485, 43, 1.442728
485, 44, 0.519650
485, 45, 1.440271
485, 46, 2.246886
485, 47, 1.415481
485, 48, 2.596982
485, 49, -0.160065
485, 50, 2.187935
485, 51, 0.700052
485, 52, 1.514256
485, 53, -0.000015
485, 54, 2.777873
485, 55, 3.170612
485, 56, 2.517189
485, 57, 2.955381
485, 58, 0.829374
485, 59, 1.691667
485, 60, 0.000000
485, 61, 1.402721
485, 62, 2.046885
485, 63, 1.722669
485, 64, 2.057648
485, 65, 3.461554
485, 66, 1.750670
485, 67, 2.514823
485, 68, 1.593087
485, 69, 2.722747
485, 70, 2.950172
485, 71, 2.586738
485, 72, 3.798742
485, 73, 3.223578
485, 74, 1.580833
485, 75, 1.934788
485, 76, 1.049166
485, 77, 1.420346
485, 78, 1.805377
485, 79, 2.797782
485, 80, 2.670426
485, 81, 1.795304
485, 82, -0.121280
485, 83, 1.218933
485, 84, 0.939994
485, 85, 2.956358
485, 86, 3.277155
485, 87, 2.334270
485, 88, 1.398646
485, 89, 0.544654
485, 90, 1.203631
485, 91, 1.332114
485, 92, 0.672629
485, 93, 2.659722
485, 94, 1.652405
485, 95, 0.925846
485, 96, 1.646527
485, 97, 4.306856
485, 98, 2.155858
485, 99, 1.159450
485, 100, 0.792004
485, 101, -0.031273
485, 102, 1.856339
485, 103, 0.000000
485, 104, 3.533343
485, 105, 2.786215
485, 106, 1.431670
485, 107, 1.913408
485, 108, 0.639675
485, 109, -0.016499
485, 110, 1.771988
485, 111, 0.815330
485, 112, 1.185186
485, 113, 3.552912
485, 114, 1.068332
485, 115, 2.084674
485, 116, 1.446281
485, 117, 2.359978
485, 118, 1.594472
485, 119, 1.334032
485, 120, 2.301378
485, 121, 3.604435
485, 122, 2.491351
485, 123, 0.346461
485, 124, 2.149925
485, 125, 4.264624
485, 126, 1.221431
485, 127, 0.838413
485, 128, 0.513854
485, 129, 0.074872
485, 130, 1.536904
485, 131, 1.765902
485, 132, 1.469587
485, 133, 0.855429
485, 134, 1.165754
485, 135, 0.744959
485, 136, 0.100007
485, 137, 1.581056
485, 138, 0.987940
485, 139, 0.937750
485, 140, 3.502687
485, 141, 2.111471
485, 142, 3.158296
485, 143, 1.949930
485, 144, 1.581656
485, 145, 1.208066
485, 146, 1.966183
485, 147, 3.911088
485, 148, 2.469827
485, 149, 3.525431
485, 150, 1.562608
485, 151, 1.928771
485, 152, 2.086525
485, 153, 0.000000
485, 154, 1.593774
485, 155, 2.281427
485, 156, -0.010000
485, 157, 3.014861
485, 158, 1.993107
485, 159, 1.076072
485, 160, 2.950536
485, 161, 1.958652
485, 162, 3.457762
485, 163, 2.513025
485, 164, 3.356866
485, 165, 2.995884
485, 166, 3.622726
485, 167, 1.409328
485, 168, 0.369980
485, 169, 1.756788
485, 170, 1.509260
485, 171, 2.805820
485, 172, 2.303753
485, 173, 2.610803
485, 174, 2.043069
485, 175, 1.352107
485, 176, 3.361558
485, 177, 2.498846
485, 178, 0.529260
485, 179, 3.046649
485, 180, 3.507174
485, 181, 0.965567
485, 182, 3.133410
485, 183, -0.040000
485, 184, 0.631502
485, 185, 1.880346
485, 186, 3.380730
485, 187, 0.000000
485, 188, 2.125886
485, 189, 3.127892
485, 190, 2.387929
485, 191, 0.717938
485, 192, 2.161783
485, 193, 2.740870
485, 194, 1.537427
485, 195, -0.280135
485, 196, 3.981964
485, 197, 2.385244
485, 198, 2.283359
485, 199, 1.452205
487, 0, 1.503664
487, 1, 1.547396
487, 2, 2.284255
487, 3, 1.150859
487, 4, -0.339888
487, 5, 1.965194
487, 6, -0.000013
487, 7, 1.283834
487, 8, 3.374819
487, 9, 1.717014
487, 10, 1.799198
487, 11, 2.271102
487, 12, 2.568746
487, 13, 0.000000
487, 14, 2.588757
487, 15, 2.276308
487, 16, 1.129258
487, 17, 3.228876
487, 18, 3.583328
487, 19, 2.593091
487, 20, 4.291163
487, 21, 0.436530
487, 22, 2.161510
487, 23, 1.270559
487, 24, 1.233164
487, 25, 2.046121
487, 26, 1.400885
487, 27, 0.812977
487, 28, 1.974936
487, 29, 1.922101
487, 30, 0.668950
487, 31, 2.615112
487, 32, -0.040000
487, 33, 2.701140
487, 34, 2.377222
487, 35, 2.599745
487, 36, 2.300286
487, 37, 1.614987
487, 38, 0.375477
487, 39, 1.571532
487, 40, 2.691563
487, 41, 1.724020
487, 42, 1.011686
487, 43, 1.442728
487, 44, 0.519650
487, 45, 1.440131
487, 46, 2.257869
487, 47, 1.415481
487, 48, 2.595367
487, 49, -0.160065
487, 50, 2.187935
487, 51, 0.700052
487, 52, 1.514256
487, 53, -0.000015
487, 54, 2.705477
487, 55, 3.168431
487, 56, 2.517043
487, 57, 2.955436
487, 58, 0.829374
487, 59, 1.691667
487, 60, 0.000000
487, 61, 1.402721
487, 62, 2.046885
487, 63, 1.722669
487, 64, 2.057648
487, 65, 3.462958
487, 66, 1.750670
487, 67, 2.514823
487, 68, 1.593087
487, 69, 2.722747
487, 70, 2.954726
487, 71, 2.586334
487, 72, 3.799210
487, 73, 3.223735
487, 74, 1.580833
487, 75, 1.934788
487, 76, 1.049166
487, 77, 1.420346
487, 78, 1.805377
487, 79, 2.797782
487, 80, 2.670753
487, 81, 1.812441
487, 82, -0.121099
487, 83, 1.218933
487, 84, 0.939994
487, 85, 2.960759
487, 86, 3.286909
487, 87, 2.334270
487, 88, 1.398646
487, 89, 0.544654
487, 90, 1.203630
487, 91, 1.322226
487, 92, 0.672629
487, 93, 2.666209
487, 94, 1.658567
487, 95, 0.921904
487, 96, 1.642123
487, 97, 4.306034
487, 98, 2.157143
487, 99, 1.159450
487, 100, 0.792004
487, 101, -0.031273
487, 102, 1.856339
487, 103, 0.000000
487, 104, 3.532805
487, 105, 2.789233
487, 106, 1.431670
487, 107, 1.935300
487, 108, 0.639675
487, 109, -0.016499
487, 110, 1.771988
487, 111, 0.813810
487, 112, 1.185186
487, 113, 3.534635
487, 114, 1.068332
487, 115, 1.998981
487, 116, 1.446281
487, 117, 2.359978
487, 118, 1.584791
487, 119, 1.334032
487, 120, 2.301379
487, 121, 3.675029
487, 122, 2.491351
487, 123, 0.346461
487, 124, 2.149925
487, 125, 4.287948
487, 126, 1.222080
487, 127, 0.838413
487, 128, 0.513854
487, 129, 0.074872
487, 130, 1.536904
487, 131, 1.765901
487, 132, 1.469588
487, 133, 0.805447
487, 134, 1.165754
487, 135, 0.744959
487, 136, 0.100007
487, 137, 1.580761
487, 138, 0.987940
487, 139, 0.937750
487, 140, 3.503603
487, 141, 2.124795
487, 142, 3.146660
487, 143, 1.944686
487, 144, 1.581656
487, 145, 1.208066
487, 146, 1.966183
487, 147, 3.903815
487, 148, 2.469827
487, 149, 3.525378
487, 150, 1.562608
487, 151, 1.926209
487, 152, 2.086525
487, 153, 0.000000
487, 154, 1.593774
487, 155, 2.281427
487, 156, -0.010000
487, 157, 3.009868
487, 158, 1.993107
487, 159, 1.071481
487, 160, 2.953146
487, 161, 2.045075
487, 162, 3.454565
487, 163, 2.513025
487, 164, 3.356865
487, 165, 2.995248
487, 166, 3.627585
487, 167, 1.409328
487, 168, 0.369980
487, 169, 1.756290
487, 170, 1.509260
487, 171, 2.816254
487, 172, 2.350482
487, 173, 2.610123
487, 174, 2.057845
487, 175, 1.354822
487, 176, 3.357573
487, 177, 2.502447
487, 178, 0.529260
487, 179, 3.047837
487, 180, 3.483583
487, 181, 0.965567
487, 182, 3.133410
487, 183, -0.040000
487, 184, 0.631502
487, 185, 1.880346
487, 186, 3.374954
487, 187, 0.000000
487, 188, 2.144668
487, 189, 3.082596
487, 190, 2.387929
487, 191, 0.717938
487, 192, 2.149263
487, 193, 2.740905
487, 194, 1.537427
487, 195, -0.280654
487, 196, 3.982111
487, 197, 2.382256
487, 198, 2.283332
487, 199, 1.452204
489, 0, 1.503664
489, 1, 1.547395
489, 2, 2.298726
489, 3, 1.150859
489, 4, -0.339888
489, 5, 1.964047
489, 6, -0.000013
489, 7, 1.283834
489, 8, 3.372784
489, 9, 1.717014
489, 10, 1.799201
489, 11, 2.271102
489, 12, 2.560524
489, 13, 0.000000
489, 14, 2.588741
489, 15, 2.307672
489, 16, 1.129258
489, 17, 3.228558
489, 18, 3.587304
489, 19, 2.593091
489, 20, 4.267266
489, 21, 0.436530
489, 22, 2.161510
489, 23, 1.270559
489, 24, 1.222177
489, 25, 2.046121
489, 26, 1.440624
489, 27, 0.812977
489, 28, 1.975357
489, 29, 1.924069
489, 30, 0.668950
489, 31, 2.606757
489, 32, -0.040000
489, 33, 2.730617
489, 34, 2.385521
489, 35, 2.599699
489, 36, 2.300901
489, 37, 1.677805
489, 38, 0.375477
489, 39, 1.571532
489, 40, 2.691563
489, 41, 1.724128
489, 42, 1.011686
489, 43, 1.442728
489, 44, 0.519650
489, 45, 1.442017
489, 46, 2.240302
489, 47, 1.415481
489, 48, 2.592227
489, 49, -0.160065
489, 50, 2.187935
489, 51, 0.700052
489, 52, 1.514256
489, 53, -0.000015
489, 54, 2.731781
489, 55, 3.152705
489, 56, 2.520441
489, 57, 2.955485
489, 58, 0.829374
489, 59, 1.691667
489, 60, 0.000000
489, 61, 1.402721
489, 62, 2.046885
489, 63, 1.722669
489, 64, 2.057648
489, 65, 3.473280
489, 66, 1.750670
489, 67, 2.511020
489, 68, 1.593087
489, 69, 2.722747
489, 70, 2.955144
489, 71, 2.582991
489, 72, 3.799231
489, 73, 3.220886
489, 74, 1.580833
489, 75, 1.934788
489, 76, 1.049166
489, 77, 1.420346
489, 78, 1.805377
489, 79, 2.797782
489, 80, 2.670901
489, 81, 1.774007
489, 82, -0.120722
489, 83, 1.218934
489, 84, 0.939994
489, 85, 2.969606
489, 86, 3.280338
489, 87, 2.334270
489, 88, 1.398646
489, 89, 0.544654
489, 90, 1.203630
489, 91, 1.327658
489, 92, 0.672629
489, 93, 2.637021
489, 94, 1.666682
489, 95, 0.932187
489, 96, 1.641614
489, 97, 4.289278
489, 98, 2.155916
489, 99, 1.159450
489, 100, 0.792004
489, 101, -0.031273
489, 102, 1.856339
489, 103, 0.000000
489, 104, 3.533342
489, 105, 2.786600
489, 106, 1.431670
489, 107, 1.947717
489, 108, 0.639675
489, 109, -0.016499
489, 110, 1.771988
489, 111, 0.812300
489, 112, 1.185186
489, 113, 3.555067
489, 114, 1.068332
489, 115, 2.084632
489, 116, 1.446281
489, 117, 2.359978
489, 118, 1.568180
489, 119, 1.334032
489, 120, 2.301379
489, 121, 3.660485
489, 122, 2.491351
489, 123, 0.346461
489, 124, 2.149925
489, 125, 4.285198
489, 126, 1.222709
489, 127, 0.838413
489, 128, 0.513854
489, 129, 0.074872
489, 130, 1.536904
489, 131, 1.765901
489, 132, 1.469588
489, 133, 0.763119
489, 134, 1.165754
489, 135, 0.744959
489, 136, 0.100007
489, 137, 1.580467
489, 138, 0.987940
489, 139, 0.937750
489, 140, 3.508028
489, 141, 2.138068
489, 142, 3.148779
489, 143, 1.940318
489, 144, 1.581656
489, 145, 1.208066
489, 146, 1.966183
489, 147, 3.908303
489, 148, 2.469827
489, 149, 3.525181
489, 150, 1.562608
489, 151, 1.924861
489, 152, 2.086525
489, 153, 0.000000
489, 154, 1.593774
489, 155, 2.281427
489, 156, -0.010000
489, 157, 3.011135
489, 158, 1.993107
489, 159, 1.071481
489, 160, 2.919835
489, 161, 2.052672
489, 162, 3.455687
489, 163, 2.511240
489, 164, 3.356867
489, 165, 2.995987
489, 166, 3.629062
489, 167, 1.409328
489, 168, 0.369980
489, 169, 1.755933
489, 170, 1.509260
489, 171, 2.767584
489, 172, 2.352055
489, 173, 2.610811
489, 174, 2.029918
489, 175, 1.357407
489, 176, 3.358572
489, 177, 2.493807
489, 178, 0.529260
489, 179, 3.049447
489, 180, 3.516887
489, 181, 0.965567
489, 182, 3.133410
489, 183, -0.040000
489, 184, 0.631502
489, 185, 1.880346
489, 186, 3.356957
489, 187, 0.000000
489, 188, 2.148797
489, 189, 3.063642
489, 190, 2.387929
489, 191, 0.717938
489, 192, 2.144109
489, 193, 2.742781
489, 194, 1.537427
489, 195, -0.280946
489, 196, 3.982847
489, 197, 2.385405
489, 198, 2.283311
489, 199, 1.452204
491, 0, 1.503664
491, 1, 1.547395
491, 2, 2.284331
491, 3, 1.150856
491, 4, -0.339888
491, 5, 1.963850
491, 6, -0.000013
491, 7, 1.283830
491, 8, 3.366255
491, 9, 1.717014
491, 10, 1.799202
491, 11, 2.431083
491, 12, 2.713972
491, 13, 0.000000
491, 14, 2.588726
491, 15, 2.369825
491, 16, 1.168128
491, 17, 3.227912
491, 18, 3.588568
491, 19, 2.593091
491, 20, 4.252462
491, 21, 0.436530
491, 22, 2.178479
491, 23, 1.270559
491, 24, 1.218631
491, 25, 2.046121
491, 26, 1.572628
491, 27, 0.842982
491, 28, 1.978372
491, 29, 1.923118
491, 30, 0.668950
491, 31, 2.610509
491, 32, -0.040000
491, 33, 2.755967
491, 34, 2.329880
491, 35, 2.599654
491, 36, 2.299626
491, 37, 1.450248
491, 38, 0.375477
491, 39, 1.571532
491, 40, 2.691563
491, 41, 1.724205
491, 42, 1.011686
491, 43, 1.442728
491, 44, 0.519650
491, 45, 1.449113
491, 46, 2.417894
491, 47, 1.415481
491, 48, 2.792162
491, 49, -0.160065
491, 50, 2.187935
491, 51, 0.700052
491, 52, 1.514256
491, 53, -0.000015
491, 54, 2.886952
491, 55, 3.171400
491, 56, 2.516409
491, 57, 2.955537
491, 58, 0.829374
491, 59, 1.691667
491, 60, 0.000000
491, 61, 1.402721
491, 62, 2.046886
491, 63, 1.722669
491, 64, 2.057648
491, 65, 3.469451
491, 66, 1.750670
491, 67, 2.511020
491, 68, 1.593087
491, 69, 2.722747
491, 70, 2.951002
491, 71, 2.583014
491, 72, 3.799058
491, 73, 3.222112
491, 74, 1.580833
491, 75, 1.934788
491, 76, 1.049166
491, 77, 1.420346
491, 78, 1.805377
491, 79, 2.797782
491, 80, 2.670897
491, 81, 1.768114
491, 82, -0.120014
491, 83, 1.218931
491, 84, 0.939994
491, 85, 2.975456
491, 86, 3.284050
491, 87, 2.334270
491, 88, 1.398646
491, 89, 0.544654
491, 90, 1.203628
491, 91, 1.322139
491, 92, 0.672629
491, 93, 2.653981
491, 94, 1.666660
491, 95, 0.945823
491, 96, 1.643509
491, 97, 4.285553
491, 98, 2.199678
491, 99, 1.159450
491, 100, 0.792004
491, 101, -0.031273
491, 102, 1.856339
491, 103, 0.000000
491, 104, 3.532794
491, 105, 2.789284
491, 106, 1.431670
491, 107, 1.935033
491, 108, 0.639675
491, 109, -0.016499
491, 110, 1.771988
491, 111, 0.811529
491, 112, 1.185186
491, 113, 3.555549
491, 114, 1.068332
491, 115, 1.999027
491, 116, 1.446281
491, 117, 2.360151
491, 118, 1.568083
491, 119, 1.334032
491, 120, 2.301380
491, 121, 3.678004
491, 122, 2.491351
491, 123, 0.346461
491, 124, 2.149925
491, 125, 4.289588
491, 126, 1.223372
491, 127, 0.838413
491, 128, 0.513854
491, 129, 0.074872
491, 130, 1.536905
491, 131, 1.765901
491, 132, 1.469588
491, 133, 0.716147
491, 134, 1.165754
491, 135, 0.744959
491, 136, 0.100007
491, 137, 1.580203
491, 138, 0.987940
491, 139, 0.937750
491, 140, 3.499930
491, 141, 2.162994
491, 142, 3.154225
491, 143, 1.950298
491, 144, 1.581656
491, 145, 1.190415
491, 146, 1.966183
491, 147, 3.911137
491, 148, 2.469827
491, 149, 3.525454
491, 150, 1.562608
491, 151, 1.923912
491, 152, 2.086526
491, 153, 0.000000
491, 154, 1.593774
491, 155, 2.281426
491, 156, -0.010000
491, 157, 3.007381
491, 158, 1.993107
491, 159, 1.071481
491, 160, 2.951609
491, 161, 2.051501
491, 162, 3.447997
491, 163, 2.511240
491, 164, 3.356866
491, 165, 2.995642
491, 166, 3.627158
491, 167, 1.409328
491, 168, 0.369980
491, 169, 1.758063
491, 170, 1.509260
491, 171, 2.816862
491, 172, 2.352418
491, 173, 2.610128
491, 174, 2.046538
491, 175, 1.359862
491, 176, 3.356692
491, 177, 2.493423
491, 178, 0.529260
491, 179, 3.051122
491, 180, 3.512190
491, 181, 0.965567
491, 182, 3.133410
491, 183, -0.040000
491, 184, 0.631502
491, 185, 1.880346
491, 186, 3.375163
491, 187, 0.000000
491, 188, 2.172622
491, 189, 3.088660
491, 190, 2.387929
491, 191, 0.717938
491, 192, 2.160641
491, 193, 2.744204
491, 194, 1.537425
491, 195, -0.281106
491, 196, 3.982683
491, 197, 2.385410
491, 198, 2.283287
491, 199, 1.452205
493, 0, 1.503664
493, 1, 1.547395
493, 2, 2.323100
493, 3, 1.150858
493, 4, -0.339888
493, 5, 1.964690
493, 6, -0.000013
493, 7, 1.283832
493, 8, 3.380152
493, 9, 1.717014
493, 10, 1.799204
493, 11, 2.271102
493, 12, 2.576347
493, 13, 0.000000
493, 14, 2.588712
493, 15, 2.402790
493, 16, 1.129258
493, 17, 3.230822
493, 18, 3.581826
493, 19, 2.593091
493, 20, 4.294455
493, 21, 0.436530
493, 22, 2.161510
493, 23, 1.270559
493, 24, 1.208357
493, 25, 2.046121
493, 26, 1.480261
493, 27, 0.812977
493, 28, 1.980256
493, 29, 1.922225
493, 30, 0.668950
493, 31, 2.620128
493, 32, -0.040000
493, 33, 2.722108
493, 34, 2.389253
493, 35, 2.599610
493, 36, 2.298517
493, 37, 1.579321
493, 38, 0.375477
493, 39, 1.571532
493, 40, 2.691563
493, 41, 1.724291
493, 42, 1.011686
493, 43, 1.442728
493, 44, 0.519650
493, 45, 1.448971
493, 46, 2.260761
493, 47, 1.415481
493, 48, 2.593874
493, 49, -0.160065
493, 50, 2.187935
493, 51, 0.700052
493, 52, 1.514256
493, 53, -0.000015
493, 54, 2.699660
493, 55, 3.167349
493, 56, 2.520963
493, 57, 2.955586
493, 58, 0.829374
493, 59, 1.691667
493, 60, 0.000000
493, 61, 1.402721
493, 62, 2.046886
493, 63, 1.722669
493, 64, 2.057648
493, 65, 3.472256
493, 66, 1.750670
493, 67, 2.511020
493, 68, 1.593087
493, 69, 2.722754
493, 70, 2.955207
493, 71, 2.588022
493, 72, 3.799131
493, 73, 3.225081
493, 74, 1.580833
493, 75, 1.934788
493, 76, 1.049166
493, 77, 1.420346
493, 78, 1.805377
493, 79, 2.797782
493, 80, 2.671216
493, 81, 1.775212
493, 82, -0.119351
493, 83, 1.218920
493, 84, 0.939994
493, 85, 2.980065
493, 86, 3.294700
493, 87, 2.334270
493, 88, 1.398646
493, 89, 0.544654
493, 90, 1.203629
493, 91, 1.309841
493, 92, 0.672629
493, 93, 2.671168
493, 94, 1.668249
493, 95, 0.934593
493, 96, 1.644447
493, 97, 4.307433
493, 98, 2.134974
493, 99, 1.159450
493, 100, 0.792004
493, 101, -0.031273
493, 102, 1.856339
493, 103, 0.000000
493, 104, 3.533313
493, 105, 2.756927
493, 106, 1.431670
493, 107, 1.945015
493, 108, 0.639675
493, 109, -0.016499
493, 110, 1.771988
493, 111, 0.809750
493, 112, 1.185186
493, 113, 3.555757
493, 114, 1.068332
493, 115, 2.084652
493, 116, 1.446281
493, 117, 2.365345
493, 118, 1.574063
493, 119, 1.334032
493, 120, 2.301379
493, 121, 3.651781
493, 122, 2.491351
493, 123, 0.346461
493, 124, 2.149925
493, 125, 4.284190
493, 126, 1.224017
493, 127, 0.838413
493, 128, 0.513854
493, 129, 0.074872
493, 130, 1.536904
493, 131, 1.765902
493, 132, 1.469588
493, 133, 0.676937
493, 134, 1.165754
493, 135, 0.744959
493, 136, 0.100007
493, 137, 1.579937
493, 138, 0.987940
493, 139, 0.937750
493, 140, 3.495224
493, 141, 2.177222
493, 142, 3.142034
493, 143, 1.951280
493, 144, 1.581656
493, 145, 1.160662
493, 146, 1.966183
493, 147, 3.897159
493, 148, 2.469827
493, 149, 3.525466
493, 150, 1.562608
493, 151, 1.925969
493, 152, 2.086525
493, 153, 0.000000
493, 154, 1.593774
493, 155, 2.281427
493, 156, -0.010000
493, 157, 3.007385
493, 158, 1.993107
493, 159, 1.071481
493, 160, 2.938750
493, 161, 2.046737
493, 162, 3.451919
493, 163, 2.511240
493, 164, 3.356866
493, 165, 2.994840
493, 166, 3.626186
493, 167, 1.409328
493, 168, 0.369980
493, 169, 1.761180
493, 170, 1.509260
493, 171, 2.805457
493, 172, 2.352100
493, 173, 2.610807
493, 174, 2.071160
493, 175, 1.361880
493, 176, 3.356693
493, 177, 2.488250
493, 178, 0.529260
493, 179, 3.047055
493, 180, 3.512554
493, 181, 0.965567
493, 182, 3.133410
493, 183, -0.040000
493, 184, 0.631502
493, 185, 1.880346
493, 186, 3.364545
493, 187, 0.000000
493, 188, 2.172730
493, 189, 3.009239
493, 190, 2.387929
493, 191, 0.717938
493, 192, 2.153324
493, 193, 2.742282
493, 194, 1.537426
493, 195, -0.281200
493, 196, 3.977639
493, 197, 2.385459
493, 198, 2.283264
493, 199, 1.452205
495, 0, 1.503664
495, 1, 1.547395
495, 2, 2.336331
495, 3, 1.150858
495, 4, -0.339888
495, 5, 1.966898
495, 6, -0.000013
495, 7, 1.283833
495, 8, 3.388194
495, 9, 1.717014
495, 10, 1.799204
495, 11, 2.271102
495, 12, 2.579945
495, 13, 0.000000
495, 14, 2.588699
495, 15, 2.461887
495, 16, 1.129258
495, 17, 3.227898
495, 18, 3.586801
495, 19, 2.597351
495, 20, 4.285851
495, 21, 0.436530
495, 22, 2.161510
495, 23, 1.270559
495, 24, 1.180198
495, 25, 2.046121
495, 26, 1.511499
495, 27, 0.812977
495, 28, 1.981431
495, 29, 1.920595
495, 30, 0.668950
495, 31, 2.622689
495, 32, -0.040000
495, 33, 2.738595
495, 34, 2.358248
495, 35, 2.599567
495, 36, 2.297852
495, 37, 1.653976
495, 38, 0.375477
495, 39, 1.571532
495, 40, 2.691563
495, 41, 1.724389
495, 42, 1.011686
495, 43, 1.442728
495, 44, 0.519650
495, 45, 1.447913
495, 46, 2.245145
495, 47, 1.415481
495, 48, 2.596042
495, 49, -0.160065
495, 50, 2.187935
495, 51, 0.700052
495, 52, 1.514256
495, 53, -0.000015
495, 54, 2.728286
495, 55, 3.170835
495, 56, 2.524520
495, 57, 2.955637
495, 58, 0.829374
495, 59, 1.691667
495, 60, 0.000000
495, 61, 1.402721
495, 62, 2.046885
495, 63, 1.722669
495, 64, 2.057648
495, 65, 3.468146
495, 66, 1.750670
495, 67, 2.511020
495, 68, 1.593087
495, 69, 2.722764
495, 70, 2.953953
495, 71, 2.583026
495, 72, 3.799372
495, 73, 3.225989
495, 74, 1.580833
495, 75, 1.934788
495, 76, 1.049166
495, 77, 1.420346
495, 78, 1.805377
495, 79, 2.797782
495, 80, 2.672054
495, 81, 1.791089
495, 82, -0.118211
495, 83, 1.218895
495, 84, 0.939994
495, 85, 2.983139
495, 86, 3.296090
495, 87, 2.334270
495, 88, 1.398646
495, 89, 0.544654
495, 90, 1.203631
495, 91, 1.300370
495, 92, 0.672629
495, 93, 2.675905
495, 94, 1.677468
495, 95, 0.916569
495, 96, 1.643215
495, 97, 4.304276
495, 98, 2.141233
495, 99, 1.159450
495, 100, 0.792004
495, 101, -0.031273
495, 102, 1.856339
495, 103, 0.000000
495, 104, 3.532223
495, 105, 2.749218
495, 106, 1.431670
495, 107, 1.939229
495, 108, 0.639675
495, 109, -0.016499
495, 110, 1.771988
495, 111, 0.807844
495, 112, 1.185186
495, 113, 3.554816
495, 114, 1.068332
495, 115, 1.999019
495, 116, 1.446281
495, 117, 2.365776
495, 118, 1.561624
495, 119, 1.334032
495, 120, 2.301380
495, 121, 3.698634
495, 122, 2.491351
495, 123, 0.346461
495, 124, 2.149925
495, 125, 4.282081
495, 126, 1.224618
495, 127, 0.838413
495, 128, 0.513854
495, 129, 0.074872
495, 130, 1.536904
495, 131, 1.765902
495, 132, 1.469588
495, 133, 0.624705
495, 134, 1.165754
495, 135, 0.744959
495, 136, 0.100007
495, 137, 1.579661
495, 138, 0.987940
495, 139, 0.937750
495, 140, 3.494237
495, 141, 2.183619
495, 142, 3.113437
495, 143, 1.944610
495, 144, 1.581656
495, 145, 1.160662
495, 146, 1.966183
495, 147, 3.880633
495, 148, 2.469827
495, 149, 3.524162
495, 150, 1.562608
495, 151, 1.927717
495, 152, 2.086525
495, 153, 0.000000
495, 154, 1.593774
495, 155, 2.281427
495, 156, -0.010000
495, 157, 3.007378
495, 158, 1.993107
495, 159, 1.076174
495, 160, 2.919587
495, 161, 1.976142
495, 162, 3.449278
495, 163, 2.511240
495, 164, 3.356866
495, 165, 2.994235
495, 166, 3.632130
495, 167, 1.409328
495, 168, 0.369980
495, 169, 1.763130
495, 170, 1.509260
495, 171, 2.810674
495, 172, 2.332285
495, 173, 2.610128
495, 174, 2.089215
495, 175, 1.363482
495, 176, 3.356692
495, 177, 2.491509
495, 178, 0.529260
495, 179, 3.050297
495, 180, 3.516841
495, 181, 0.965567
495, 182, 3.133410
495, 183, -0.040000
495, 184, 0.631502
495, 185, 1.880346
495, 186, 3.355122
495, 187, 0.000000
495, 188, 2.174192
495, 189, 2.996560
495, 190, 2.387929
495, 191, 0.717938
495, 192, 2.129488
495, 193, 2.743243
495, 194, 1.537426
495, 195, -0.281253
495, 196, 3.971549
495, 197, 2.385468
495, 198, 2.283248
495, 199, 1.452205
497, 0, 1.503664
497, 1, 1.547396
497, 2, 2.322624
497, 3, 1.150859
497, 4, -0.339888
497, 5, 1.967961
497, 6, -0.000013
497, 7, 1.283834
497, 8, 3.398005
497, 9, 1.717014
497, 10, 1.799204
497, 11, 2.271102
497, 12, 2.579937
497, 13, 0.000000
497, 14, 2.588685
497, 15, 2.504383
497, 16, 1.129258
497, 17, 3.210154
497, 18, 3.588415
497, 19, 2.597351
497, 20, 4.276640
497, 21, 0.436530
497, 22, 2.161510
497, 23, 1.270559
497, 24, 1.167505
497, 25, 2.046121
497, 26, 1.536266
497, 27, 0.812977
497, 28, 1.982164
497, 29, 1.920350
497, 30, 0.668950
497, 31, 2.621960
497, 32, -0.040000
497, 33, 2.736882
497, 34, 2.397214
497, 35, 2.599523
497, 36, 2.298589
497, 37, 1.707974
497, 38, 0.375477
497, 39, 1.571532
497, 40, 2.691563
497, 41, 1.724474
497, 42, 1.011686
497, 43, 1.442728
497, 44, 0.519650
497, 45, 1.447788
497, 46, 2.233348
497, 47, 1.415481
497, 48, 2.594314
497, 49, -0.160065
497, 50, 2.187935
497, 51, 0.620515
497, 52, 1.514256
497, 53, -0.000015
497, 54, 2.742750
497, 55, 3.160336
497, 56, 2.528589
497, 57, 2.955687
497, 58, 0.829374
497, 59, 1.691667
497, 60, 0.000000
497, 61, 1.402721
497, 62, 2.046885
497, 63, 1.722669
497, 64, 2.057648
497, 65, 3.467686
497, 66, 1.750670
497, 67, 2.511020
497, 68, 1.593087
497, 69, 2.722770
497, 70, 2.954877
497, 71, 2.583028
497, 72, 3.799146
497, 73, 3.225946
497, 74, 1.580833
497, 75, 1.934788
497, 76, 1.049166
497, 77, 1.420346
497, 78, 1.805377
497, 79, 2.797782
497, 80, 2.672299
497, 81, 1.725333
497, 82, -0.117987
497, 83, 1.218895
497, 84, 0.939994
497, 85, 2.986069
497, 86, 3.297284
497, 87, 2.334270
497, 88, 1.398646
497, 89, 0.544654
497, 90, 1.203633
497, 91, 1.298655
497, 92, 0.672629
497, 93, 2.645355
497, 94, 1.674996
497, 95, 0.943243
497, 96, 1.644185
497, 97, 4.296619
497, 98, 2.143101
497, 99, 1.159450
497, 100, 0.792004
497, 101, -0.031273
497, 102, 1.856339
497, 103, 0.000000
497, 104, 3.530927
497, 105, 2.741998
497, 106, 1.431670
497, 107, 1.934497
497, 108, 0.639675
497, 109, -0.016499
497, 110, 1.771988
497, 111, 0.805689
497, 112, 1.185186
497, 113, 3.555303
497, 114, 1.068332
497, 115, 2.084650
497, 116, 1.446281
497, 117, 2.365966
497, 118, 1.557331
497, 119, 1.334032
497, 120, 2.301379
497, 121, 3.657754
497, 122, 2.491351
497, 123, 0.346461
497, 124, 2.149925
497, 125, 4.285928
497, 126, 1.225241
497, 127, 0.838413
497, 128, 0.513854
497, 129, 0.074872
497, 130, 1.536904
497, 131, 1.765901
497, 132, 1.469588
497, 133, 0.585250
497, 134, 1.165754
497, 135, 0.744959
497, 136, 0.100007
497, 137, 1.579407
497, 138, 0.987940
497, 139, 0.937750
497, 140, 3.497063
497, 141, 2.209748
497, 142, 3.123939
497, 143, 1.942332
497, 144, 1.577029
497, 145, 1.160662
497, 146, 1.966183
497, 147, 3.871710
497, 148, 2.469827
497, 149, 3.525448
497, 150, 1.562608
497, 151, 1.924173
497, 152, 2.086525
497, 153, 0.000000
497, 154, 1.593774
497, 155, 2.281428
497, 156, -0.010000
497, 157, 3.007384
497, 158, 1.993107
497, 159, 1.076649
497, 160, 2.868190
497, 161, 2.033507
497, 162, 3.452100
497, 163, 2.510499
497, 164, 3.356867
497, 165, 2.994200
497, 166, 3.632570
497, 167, 1.409328
497, 168, 0.369980
497, 169, 1.767453
497, 170, 1.509260
497, 171, 2.780874
497, 172, 2.348834
497, 173, 2.610807
497, 174, 2.099922
497, 175, 1.364789
497, 176, 3.359911
497, 177, 2.491889
497, 178, 0.529260
497, 179, 3.053360
497, 180, 3.511130
497, 181, 0.965567
497, 182, 3.133410
497, 183, -0.040000
497, 184, 0.631502
497, 185, 1.880346
497, 186, 3.365839
497, 187, 0.000000
497, 188, 2.172551
497, 189, 2.904122
497, 190, 2.387929
497, 191, 0.717938
497, 192, 2.152234
497, 193, 2.742229
497, 194, 1.537426
497, 195, -0.281282
497, 196, 3.967820
497, 197, 2.382859
497, 198, 2.283229
497, 199, 1.452204
499, 0, 1.503664
499, 1, 1.547395
499, 2, 2.275814
499, 3, 1.150859
499, 4, -0.339888
499, 5, 1.968608
499, 6, -0.000013
499, 7, 1.283834
499, 8, 3.363163
499, 9, 1.717014
499, 10, 1.799204
499, 11, 2.271102
499, 12, 2.578695
499, 13, 0.000000
499, 14, 2.588664
499, 15, 2.556539
499, 16, 1.129258
499, 17, 3.229450
499, 18, 3.579509
499, 19, 2.597351
499, 20, 4.288523
499, 21, 0.436530
499, 22, 2.161510
499, 23, 1.270559
499, 24, 1.196586
499, 25, 2.046121
499, 26, 1.565177
499, 27, 0.812977
499, 28, 1.982622
499, 29, 1.920289
499, 30, 0.668950
499, 31, 2.620137
499, 32, -0.040000
499, 33, 2.721910
499, 34, 2.382103
499, 35, 2.599475
499, 36, 2.297473
499, 37, 1.642924
499, 38, 0.375477
499, 39, 1.571532
499, 40, 2.691563
499, 41, 1.724555
499, 42, 1.011686
499, 43, 1.442728
499, 44, 0.519650
499, 45, 1.447854
499, 46, 2.272886
499, 47, 1.415481
499, 48, 2.595318
499, 49, -0.160065
499, 50, 2.187935
499, 51, 0.620515
499, 52, 1.514256
499, 53, -0.000015
499, 54, 2.690503
499, 55, 3.171070
499, 56, 2.525637
499, 57, 2.955730
499, 58, 0.829374
499, 59, 1.691667
499, 60, 0.000000
499, 61, 1.402721
499, 62, 2.046885
499, 63, 1.722669
499, 64, 2.057648
499, 65, 3.476515
499, 66, 1.750670
499, 67, 2.511020
499, 68, 1.593087
499, 69, 2.722774
499, 70, 2.954774
499, 71, 2.583029
499, 72, 3.797360
499, 73, 3.225255
499, 74, 1.580833
499, 75, 1.934788
499, 76, 1.049166
499, 77, 1.420346
499, 78, 1.805377
499, 79, 2.797782
499, 80, 2.672401
499, 81, 1.660821
499, 82, -0.117494
499, 83, 1.218914
499, 84, 0.939994
499, 85, 2.990515
499, 86, 3.296548
499, 87, 2.334270
499, 88, 1.398646
499, 89, 0.544654
499, 90, 1.203635
499, 91, 1.298066
499, 92, 0.672629
499, 93, 2.675147
499, 94, 1.674536
499, 95, 0.929311
499, 96, 1.661046
499, 97, 4.306131
499, 98, 2.133621
499, 99, 1.159450
499, 100, 0.792004
499, 101, -0.031273
499, 102, 1.856339
499, 103, 0.000000
499, 104, 3.532225
499, 105, 2.749269
499, 106, 1.431670
499, 107, 1.934084
499, 108, 0.639675
499, 109, -0.016499
499, 110, 1.771988
499, 111, 0.803780
499, 112, 1.185186
499, 113, 3.554036
499, 114, 1.068332
499, 115, 1.999026
499, 116, 1.446281
499, 117, 2.370087
499, 118, 1.563337
499, 119, 1.334032
499, 120, 2.301380
499, 121, 3.675539
499, 122, 2.491351
499, 123, 0.346461
499, 124, 2.149925
499, 125, 4.288548
499, 126, 1.225852
499, 127, 0.838413
499, 128, 0.513854
499, 129, 0.074872
499, 130, 1.536904
499, 131, 1.765901
499, 132, 1.469588
499, 133, 0.536999
499, 134, 1.165754
499, 135, 0.744959
499, 136, 0.027703
499, 137, 1.579156
499, 138, 0.987940
499, 139, 0.937750
499, 140, 3.497466
499, 141, 2.222440
499, 142, 3.141815
499, 143, 1.945629
499, 144, 1.577029
499, 145, 1.160662
499, 146, 1.966183
499, 147, 3.909554
499, 148, 2.469827
499, 149, 3.524508
499, 150, 1.562608
499, 151, 1.923780
499, 152, 2.086525
499, 153, 0.000000
499, 154, 1.593774
499, 155, 2.281428
499, 156, -0.010000
499, 157, 3.007392
499, 158, 1.993107
499, 159, 1.071481
499, 160, 2.925812
499, 161, 2.017468
499, 162, 3.455453
499, 163, 2.510499
499, 164, 3.356866
499, 165, 2.994179
499, 166, 3.612165
499, 167, 1.409328
499, 168, 0.369980
499, 169, 1.768682
499, 170, 1.509260
499, 171, 2.820781
499, 172, 2.328095
499, 173, 2.610129
499, 174, 2.116895
499, 175, 1.379370
499, 176, 3.356692
499, 177, 2.484856
499, 178, 0.529260
499, 179, 3.047292
499, 180, 3.510430
499, 181, 0.965567
499, 182, 3.133410
499, 183, -0.040000
499, 184, 0.631502
499, 185, 1.880346
499, 186, 3.389896
499, 187, 0.000000
499, 188, 2.165974
499, 189, 2.840628
499, 190, 2.387929
499, 191, 0.717938
499, 192, 2.133558
499, 193, 2.745116
499, 194, 1.537427
499, 195, -0.281299
499, 196, 3.980588
499, 197, 2.382888
499, 198, 2.283208
499, 199, 1.452205
501, 0, 1.503664
501, 1, 1.547395
501, 2, 2.276488
501, 3, 1.150856
501, 4, -0.339888
501, 5, 1.969383
501, 6, -0.000013
501, 7, 1.283830
501, 8, 3.367802
501, 9, 1.717014
501, 10, 1.799204
501, 11, 2.271102
501, 12, 2.574916
501, 13, 0.000000
501, 14, 2.588651
501, 15, 2.570872
501, 16, 1.129258
501, 17, 3.209989
501, 18, 3.586004
501, 19, 2.597351
501, 20, 4.295603
501, 21, 0.436530
501, 22, 2.161510
501, 23, 1.270559
501, 24, 1.214459
501, 25, 2.046121
501, 26, 1.591814
501, 27, 0.812977
501, 28, 1.982903
501, 29, 1.919348
501, 30, 0.668950
501, 31, 2.616054
501, 32, -0.040000
501, 33, 2.708356
501, 34, 2.361537
501, 35, 2.599433
501, 36, 2.297825
501, 37, 1.592839
501, 38, 0.375477
501, 39, 1.571532
501, 40, 2.691563
501, 41, 1.724626
501, 42, 1.011686
501, 43, 1.442728
501, 44, 0.519650
501, 45, 1.447622
501, 46, 2.303005
501, 47, 1.415481
501, 48, 2.594366
501, 49, -0.160065
501, 50, 2.187935
501, 51, 0.533793
501, 52, 1.514256
501, 53, -0.000015
501, 54, 2.722909
501, 55, 3.169508
501, 56, 2.516530
501, 57, 2.955778
501, 58, 0.829374
501, 59, 1.691667
501, 60, 0.000000
501, 61, 1.402721
501, 62, 2.046886
501, 63, 1.722669
501, 64, 2.057648
501, 65, 3.468695
501, 66, 1.750670
501, 67, 2.511020
501, 68, 1.593087
501, 69, 2.722780
501, 70, 2.954026
501, 71, 2.583029
501, 72, 3.796886
501, 73, 3.224706
501, 74, 1.580833
501, 75, 1.934788
501, 76, 1.049166
501, 77, 1.420346
501, 78, 1.805377
501, 79, 2.797782
501, 80, 2.672399
501, 81, 1.703408
501, 82, -0.117238
501, 83, 1.218922
501, 84, 0.939994
501, 85, 2.993659
501, 86, 3.276436
501, 87, 2.334270
501, 88, 1.398646
501, 89, 0.544654
501, 90, 1.203636
501, 91, 1.316311
501, 92, 0.672629
501, 93, 2.636862
501, 94, 1.676422
501, 95, 0.936484
501, 96, 1.662302
501, 97, 4.305417
501, 98, 2.142658
501, 99, 1.159450
501, 100, 0.792004
501, 101, -0.031273
501, 102, 1.856339
501, 103, 0.000000
501, 104, 3.528106
501, 105, 2.729237
501, 106, 1.431670
501, 107, 1.922037
501, 108, 0.639675
501, 109, -0.016499
501, 110, 1.771988
501, 111, 0.802989
501, 112, 1.185186
501, 113, 3.546268
501, 114, 1.068332
501, 115, 2.084651
501, 116, 1.446281
501, 117, 2.375691
501, 118, 1.550908
501, 119, 1.334032
501, 120, 2.301379
501, 121, 3.611741
501, 122, 2.491351
501, 123, 0.346461
501, 124, 2.149925
501, 125, 4.264350
501, 126, 1.226464
501, 127, 0.838413
501, 128, 0.513854
501, 129, 0.074872
501, 130, 1.536904
501, 131, 1.765901
501, 132, 1.469587
501, 133, 0.479663
501, 134, 1.165754
501, 135, 0.744959
501, 136, 0.027703
501, 137, 1.578916
501, 138, 0.987940
501, 139, 0.937750
501, 140, 3.503397
501, 141, 2.247472
501, 142, 3.148764
501, 143, 1.937885
501, 144, 1.577029
501, 145, 1.130063
501, 146, 1.966183
501, 147, 3.888678
501, 148, 2.477738
501, 149, 3.525478
501, 150, 1.562608
501, 151, 1.927514
501, 152, 2.086525
501, 153, 0.000000
501, 154, 1.593774
501, 155, 2.281428
501, 156, -0.010000
501, 157, 3.007387
501, 158, 1.993107
501, 159, 1.079596
501, 160, 2.884500
501, 161, 2.071264
501, 162, 3.449425
501, 163, 2.510499
501, 164, 3.356867
501, 165, 2.995352
501, 166, 3.616140
501, 167, 1.409328
501, 168, 0.369980
501, 169, 1.769443
501, 170, 1.509260
501, 171, 2.826382
501, 172, 2.353798
501, 173, 2.610807
501, 174, 2.104434
501, 175, 1.380848
501, 176, 3.363128
501, 177, 2.490331
501, 178, 0.529260
501, 179, 3.042126
501, 180, 3.486437
501, 181, 0.965567
501, 182, 3.133410
501, 183, -0.040000
501, 184, 0.631502
501, 185, 1.880346
501, 186, 3.375105
501, 187, 0.000000
501, 188, 2.187827
501, 189, 2.866690
501, 190, 2.387929
501, 191, 0.717938
501, 192, 2.154485
501, 193, 2.742795
501, 194, 1.537425
501, 195, -0.281305
501, 196, 3.972813
501, 197, 2.382892
501, 198, 2.283189
501, 199, 1.452204
503, 0, 1.503664
503, 1, 1.547395
503, 2, 2.238528
503, 3, 1.150858
503, 4, -0.339888
503, 5, 1.965105
503, 6, -0.000013
503, 7, 1.283829
503, 8, 3.383174
503, 9, 1.717014
503, 10, 1.799204
503, 11, 2.271102
503, 12, 2.569751
503, 13, 0.000000
503, 14, 2.588359
503, 15, 2.591482
503, 16, 1.129258
503, 17, 3.229261
503, 18, 3.588170
503, 19, 2.593091
503, 20, 4.289683
503, 21, 0.436530
503, 22, 2.161510
503, 23, 1.270559
503, 24, 1.242953
503, 25, 2.046121
503, 26, 1.529303
503, 27, 0.812977
503, 28, 1.983080
503, 29, 1.924194
503, 30, 0.668950
503, 31, 2.610721
503, 32, -0.040000
503, 33, 2.697714
503, 34, 2.389499
503, 35, 2.599192
503, 36, 2.298921
503, 37, 1.494736
503, 38, 0.375477
503, 39, 1.571532
503, 40, 2.691563
503, 41, 1.724698
503, 42, 1.011686
503, 43, 1.442728
503, 44, 0.519650
503, 45, 1.450324
503, 46, 2.294216
503, 47, 1.415481
503, 48, 2.597699
503, 49, -0.160065
503, 50, 2.187935
503, 51, 0.533793
503, 52, 1.514256
503, 53, -0.000015
503, 54, 2.739896
503, 55, 3.166246
503, 56, 2.515062
503, 57, 2.955692
503, 58, 0.829374
503, 59, 1.691667
503, 60, 0.000000
503, 61, 1.402721
503, 62, 2.046886
503, 63, 1.722669
503, 64, 2.057648
503, 65, 3.485826
503, 66, 1.750670
503, 67, 2.511020
503, 68, 1.593087
503, 69, 2.722785
503, 70, 2.955001
503, 71, 2.583029
503, 72, 3.797216
503, 73, 3.223226
503, 74, 1.580833
503, 75, 1.934788
503, 76, 1.049166
503, 77, 1.420346
503, 78, 1.805377
503, 79, 2.797782
503, 80, 2.670605
503, 81, 1.710750
503, 82, -0.119659
503, 83, 1.218843
503, 84, 0.939994
503, 85, 2.998092
503, 86, 3.283446
503, 87, 2.334270
503, 88, 1.398646
503, 89, 0.544654
503, 90, 1.203636
503, 91, 1.317181
503, 92, 0.672629
503, 93, 2.650717
503, 94, 1.676407
503, 95, 0.949159
503, 96, 1.658992
503, 97, 4.304580
503, 98, 2.143129
503, 99, 1.159450
503, 100, 0.792004
503, 101, -0.031273
503, 102, 1.856339
503, 103, 0.000000
503, 104, 3.532713
503, 105, 2.789327
503, 106, 1.431670
503, 107, 1.936868
503, 108, 0.639675
503, 109, -0.016499
503, 110, 1.771988
503, 111, 0.801693
503, 112, 1.185186
503, 113, 3.553291
503, 114, 1.068332
503, 115, 1.999022
503, 116, 1.446281
503, 117, 2.375901
503, 118, 1.546086
503, 119, 1.334032
503, 120, 2.301380
503, 121, 3.678632
503, 122, 2.491351
503, 123, 0.346461
503, 124, 2.149925
503, 125, 4.289774
503, 126, 1.227143
503, 127, 0.838413
503, 128, 0.513854
503, 129, 0.074872
503, 130, 1.536904
503, 131, 1.765901
503, 132, 1.469587
503, 133, 0.429173
503, 134, 1.165754
503, 135, 0.744959
503, 136, 0.027703
503, 137, 1.578718
503, 138, 0.987940
503, 139, 0.937750
503, 140, 3.500483
503, 141, 2.260476
503, 142, 3.152858
503, 143, 1.942031
503, 144, 1.577029
503, 145, 1.130063
503, 146, 1.966183
503, 147, 3.889978
503, 148, 2.479715
503, 149, 3.524285
503, 150, 1.562608
503, 151, 1.924715
503, 152, 2.086525
503, 153, 0.000000
503, 154, 1.593774
503, 155, 2.281428
503, 156, -0.010000
503, 157, 3.007399
503, 158, 1.993107
503, 159, 1.074853
503, 160, 2.952590
503, 161, 2.089905
503, 162, 3.452076
503, 163, 2.510499
503, 164, 3.357199
503, 165, 2.996405
503, 166, 3.621100
503, 167, 1.409328
503, 168, 0.324529
503, 169, 1.769779
503, 170, 1.509260
503, 171, 2.812582
503, 172, 2.355985
503, 173, 2.610128
503, 174, 2.078537
503, 175, 1.382380
503, 176, 3.356692
503, 177, 2.484742
503, 178, 0.529260
503, 179, 3.040513
503, 180, 3.518410
503, 181, 0.965567
503, 182, 3.133410
503, 183, -0.040000
503, 184, 0.631502
503, 185, 1.880346
503, 186, 3.350627
503, 187, 0.000000
503, 188, 2.178549
503, 189, 2.890599
503, 190, 2.387929
503, 191, 0.717938
503, 192, 2.130870
503, 193, 2.744413
503, 194, 1.537426
503, 195, -0.281311
503, 196, 3.975274
503, 197, 2.382894
503, 198, 2.283179
503, 199, 1.452204
505, 0, 1.503664
505, 1, 1.547395
505, 2, 2.258861
505, 3, 1.150858
505, 4, -0.339888
505, 5, 1.965891
505, 6, -0.000013
505, 7, 1.283827
505, 8, 3.383172
505, 9, 1.717014
505, 10, 1.799204
505, 11, 2.271102
505, 12, 2.567754
505, 13, 0.000000
505, 14, 2.588625
505, 15, 2.623379
505, 16, 1.129258
505, 17, 3.231019
505, 18, 3.587397
505, 19, 2.593091
505, 20, 4.279354
505, 21, 0.436530
505, 22, 2.161510
505, 23, 1.270559
505, 24, 1.260337
505, 25, 2.046121
505, 26, 1.528778
505, 27, 0.812977
505, 28, 1.983188
505, 29, 1.920456
505, 30, 0.668950
505, 31, 2.610844
505, 32, -0.040000
505, 33, 2.719421
505, 34, 2.388700
505, 35, 2.599195
505, 36, 2.295061
505, 37, 1.579360
505, 38, 0.375477
505, 39, 1.571532
505, 40, 2.691563
505, 41, 1.724734
505, 42, 1.011686
505, 43, 1.442728
505, 44, 0.519650
505, 45, 1.446608
505, 46, 2.287258
505, 47, 1.415481
505, 48, 2.596830
505, 49, -0.160065
505, 50, 2.187935
505, 51, 0.485420
505, 52, 1.514256
505, 53, -0.000015
505, 54, 2.780284
505, 55, 3.170220
505, 56, 2.517869
505, 57, 2.955770
505, 58, 0.829374
505, 59, 1.691667
505, 60, 0.000000
505, 61, 1.402721
505, 62, 2.046885
505, 63, 1.722669
505, 64, 2.057648
505, 65, 3.468301
505, 66, 1.750670
505, 67, 2.511020
505, 68, 1.593087
505, 69, 2.722788
505, 70, 2.953745
505, 71, 2.583029
505, 72, 3.799166
505, 73, 3.223343
505, 74, 1.580833
505, 75, 1.934788
505, 76, 1.049166
505, 77, 1.420346
505, 78, 1.805377
505, 79, 2.797782
505, 80, 2.670641
505, 81, 1.710896
505, 82, -0.117047
505, 83, 1.218830
505, 84, 0.939994
505, 85, 3.001246
505, 86, 3.305083
505, 87, 2.334270
505, 88, 1.398646
505, 89, 0.544654
505, 90, 1.203636
505, 91, 1.289014
505, 92, 0.672629
505, 93, 2.665248
505, 94, 1.666428
505, 95, 0.941711
505, 96, 1.648622
505, 97, 4.304966
505, 98, 2.132409
505, 99, 1.159450
505, 100, 0.792004
505, 101, -0.031273
505, 102, 1.856339
505, 103, 0.000000
505, 104, 3.533248
505, 105, 2.756297
505, 106, 1.431670
505, 107, 1.919381
505, 108, 0.639675
505, 109, -0.016499
505, 110, 1.771988
505, 111, 0.800588
505, 112, 1.185186
505, 113, 3.554997
505, 114, 1.068332
505, 115, 2.084651
505, 116, 1.446281
505, 117, 2.375991
505, 118, 1.543721
505, 119, 1.334032
505, 120, 2.301380
505, 121, 3.691493
505, 122, 2.491351
505, 123, 0.346461
505, 124, 2.149925
505, 125, 4.288391
505, 126, 1.227937
505, 127, 0.838413
505, 128, 0.513854
505, 129, 0.074872
505, 130, 1.536904
505, 131, 1.765901
505, 132, 1.469588
505, 133, 0.369915
505, 134, 1.165754
505, 135, 0.744959
505, 136, 0.027703
505, 137, 1.578583
505, 138, 0.987940
505, 139, 0.937750
505, 140, 3.502445
505, 141, 2.276699
505, 142, 3.156743
505, 143, 1.940795
505, 144, 1.577029
505, 145, 1.130063
505, 146, 1.966183
505, 147, 3.882919
505, 148, 2.480981
505, 149, 3.519541
505, 150, 1.562608
505, 151, 1.936800
505, 152, 2.086525
505, 153, 0.000000
505, 154, 1.593774
505, 155, 2.281429
505, 156, -0.010000
505, 157, 3.007399
505, 158, 1.993107
505, 159, 1.076259
505, 160, 2.939902
505, 161, 2.095658
505, 162, 3.453783
505, 163, 2.510499
505, 164, 3.356865
505, 165, 2.994574
505, 166, 3.625207
505, 167, 1.409328
505, 168, 0.324529
505, 169, 1.770092
505, 170, 1.509260
505, 171, 2.825080
505, 172, 2.416623
505, 173, 2.610807
505, 174, 2.090910
505, 175, 1.383832
505, 176, 3.357937
505, 177, 2.494118
505, 178, 0.529260
505, 179, 3.046218
505, 180, 3.512989
505, 181, 0.965567
505, 182, 3.133410
505, 183, -0.040000
505, 184, 0.631502
505, 185, 1.880346
505, 186, 3.371965
505, 187, 0.000000
505, 188, 2.169456
505, 189, 2.806636
505, 190, 2.387929
505, 191, 0.717938
505, 192, 2.017274
505, 193, 2.735589
505, 194, 1.537424
505, 195, -0.281315
505, 196, 3.971270
505, 197, 2.382895
505, 198, 2.283185
505, 199, 1.452204
507, 0, 1.503664
507, 1, 1.547395
507, 2, 2.226602
507, 3, 1.150859
507, 4, -0.339888
507, 5, 1.965779
507, 6, -0.000013
507, 7, 1.283825
507, 8, 3.395716
507, 9, 1.717014
507, 10, 1.799204
507, 11, 2.271102
507, 12, 2.567517
507, 13, 0.000000
507, 14, 2.588694
507, 15, 2.484913
507, 16, 1.129258
507, 17, 3.229047
507, 18, 3.586935
507, 19, 2.593091
507, 20, 4.263731
507, 21, 0.436530
507, 22, 2.161510
507, 23, 1.270559
507, 24, 1.290422
507, 25, 2.046121
507, 26, 1.479683
507, 27, 0.812977
507, 28, 1.983256
507, 29, 1.919884
507, 30, 0.668950
507, 31, 2.609969
507, 32, 0.422124
507, 33, 2.783977
507, 34, 2.346485
507, 35, 2.599215
507, 36, 2.296810
507, 37, 1.544475
507, 38, 0.375477
507, 39, 1.571532
507, 40, 2.691563
507, 41, 1.724761
507, 42, 1.011686
507, 43, 1.442728
507, 44, 0.519650
507, 45, 1.447744
507, 46, 2.269939
507, 47, 1.415481
507, 48, 2.596641
507, 49, -0.160065
507, 50, 2.187935
507, 51, 0.485420
507, 52, 1.514256
507, 53, -0.000015
507, 54, 2.729137
507, 55, 3.169385
507, 56, 2.523740
507, 57, 2.955869
507, 58, 0.829374
507, 59, 1.691667
507, 60, 0.000000
507, 61, 1.402721
507, 62, 2.046885
507, 63, 1.722669
507, 64, 2.057648
507, 65, 3.464989
507, 66, 1.750670
507, 67, 2.511020
507, 68, 1.593087
507, 69, 2.722788
507, 70, 2.953097
507, 71, 2.583029
507, 72, 3.792353
507, 73, 3.222776
507, 74, 1.580833
507, 75, 1.934788
507, 76, 1.049166
507, 77, 1.420346
507, 78, 1.805377
507, 79, 2.797782
507, 80, 2.671001
507, 81, 1.710896
507, 82, -0.117753
507, 83, 1.218828
507, 84, 0.939994
507, 85, 3.005672
507, 86, 3.285398
507, 87, 2.334270
507, 88, 1.398646
507, 89, 0.544654
507, 90, 1.203636
507, 91, 1.310535
507, 92, 0.672629
507, 93, 2.657906
507, 94, 1.672470
507, 95, 0.946990
507, 96, 1.650382
507, 97, 4.305836
507, 98, 2.139370
507, 99, 1.159450
507, 100, 0.792004
507, 101, -0.031273
507, 102, 1.856339
507, 103, 0.000000
507, 104, 3.532388
507, 105, 2.750224
507, 106, 1.431670
507, 107, 1.904359
507, 108, 0.639675
507, 109, -0.016499
507, 110, 1.771988
507, 111, 0.799601
507, 112, 1.185186
507, 113, 3.554208
507, 114, 1.068332
507, 115, 1.999023
507, 116, 1.446281
507, 117, 2.376029
507, 118, 1.567704
507, 119, 1.334032
507, 120, 2.301379
507, 121, 3.706631
507, 122, 2.491351
507, 123, 0.346461
507, 124, 2.149925
507, 125, 4.276583
507, 126, 1.228464
507, 127, 0.838413
507, 128, 0.513854
507, 129, 0.074872
507, 130, 1.536904
507, 131, 1.765902
507, 132, 1.469588
507, 133, 0.317904
507, 134, 1.165754
507, 135, 0.744959
507, 136, 0.027703
507, 137, 1.578331
507, 138, 0.987940
507, 139, 0.937750
507, 140, 3.502668
507, 141, 2.288999
507, 142, 3.159930
507, 143, 1.950797
507, 144, 1.577029
507, 145, 1.130063
507, 146, 1.966183
507, 147, 3.909819
507, 148, 2.480981
507, 149, 3.525900
507, 150, 1.562608
507, 151, 1.935198
507, 152, 2.086525
507, 153, 0.000000
507, 154, 1.593774
507, 155, 2.281430
507, 156, -0.010000
507, 157, 3.007403
507, 158, 1.993107
507, 159, 1.077853
507, 160, 2.936311
507, 161, 2.095658
507, 162, 3.454635
507, 163, 2.510499
507, 164, 3.356866
507, 165, 2.995999
507, 166, 3.629895
507, 167, 1.409328
507, 168, 0.324529
507, 169, 1.770462
507, 170, 1.509260
507, 171, 2.812504
507, 172, 2.451030
507, 173, 2.610129
507, 174, 2.108338
507, 175, 1.384960
507, 176, 3.357937
507, 177, 2.505993
507, 178, 0.529260
507, 179, 3.046830
507, 180, 3.514982
507, 181, 0.965567
507, 182, 3.133410
507, 183, -0.040000
507, 184, 0.631502
507, 185, 1.880346
507, 186, 3.360895
507, 187, 0.000000
507, 188, 2.164138
507, 189, 2.860914
507, 190, 2.387929
507, 191, 0.717938
507, 192, 2.085511
507, 193, 2.741129
507, 194, 1.537423
507, 195, -0.281317
507, 196, 3.983803
507, 197, 2.382895
507, 198, 2.283163
507, 199, 1.452204
509, 0, 1.503664
509, 1, 1.547395
509, 2, 2.222403
509, 3, 1.150859
509, 4, -0.339888
509, 5, 1.965089
509, 6, -0.000013
509, 7, 1.283824
509, 8, 3.400774
509, 9, 1.717014
509, 10, 1.799204
509, 11, 2.271102
509, 12, 2.569555
509, 13, 0.000000
509, 14, 2.588702
509, 15, 2.483501
509, 16, 1.129258
509, 17, 3.228137
509, 18, 3.588456
509, 19, 2.593091
509, 20, 4.271242
509, 21, 0.436530
509, 22, 2.161510
509, 23, 1.270559
509, 24, 1.308937
509, 25, 2.046121
509, 26, 1.409620
509, 27, 0.812977
509, 28, 1.982800
509, 29, 1.918743
509, 30, 0.668950
509, 31, 2.611188
509, 32, 0.422124
509, 33, 2.786120
509, 34, 2.371740
509, 35, 2.599190
509, 36, 2.297695
509, 37, 1.455777
509, 38, 0.375477
509, 39, 1.571532
509, 40, 2.691563
509, 41, 1.724835
509, 42, 1.011686
509, 43, 1.442728
509, 44, 0.519650
509, 45, 1.446629
509, 46, 2.097958
509, 47, 1.415481
509, 48, 2.600513
509, 49, -0.160065
509, 50, 2.187935
509, 51, 0.485420
509, 52, 1.514256
509, 53, -0.000015
509, 54, 2.743333
509, 55, 3.167520
509, 56, 2.518039
509, 57, 2.955927
509, 58, 0.829374
509, 59, 1.691667
509, 60, 0.000000
509, 61, 1.402721
509, 62, 2.046885
509, 63, 1.722669
509, 64, 2.057648
509, 65, 3.469195
509, 66, 1.750670
509, 67, 2.511020
509, 68, 1.593087
509, 69, 2.722788
509, 70, 2.954650
509, 71, 2.583028
509, 72, 3.798359
509, 73, 3.223332
509, 74, 1.580833
509, 75, 1.934788
509, 76, 1.049166
509, 77, 1.420346
509, 78, 1.805377
509, 79, 2.797782
509, 80, 2.670674
509, 81, 1.710896
509, 82, -0.118533
509, 83, 1.218853
509, 84, 0.939994
509, 85, 3.010060
509, 86, 3.294779
509, 87, 2.334270
509, 88, 1.398646
509, 89, 0.544654
509, 90, 1.203636
509, 91, 1.303718
509, 92, 0.672629
509, 93, 2.655304
509, 94, 1.672634
509, 95, 0.945072
509, 96, 1.650356
509, 97, 4.306855
509, 98, 2.142921
509, 99, 1.159450
509, 100, 0.792004
509, 101, -0.031273
509, 102, 1.856339
509, 103, 0.000000
509, 104, 3.525260
509, 105, 2.794195
509, 106, 1.431670
509, 107, 1.879493
509, 108, 0.639675
509, 109, -0.016499
509, 110, 1.771988
509, 111, 0.798579
509, 112, 1.185186
509, 113, 3.547792
509, 114, 1.068332
509, 115, 2.084651
509, 116, 1.446281
509, 117, 2.376046
509, 118, 1.556737
509, 119, 1.334032
509, 120, 2.301379
509, 121, 3.698073
509, 122, 2.491351
509, 123, 0.346461
509, 124, 2.149925
509, 125, 4.286358
509, 126, 1.228964
509, 127, 0.838413
509, 128, 0.513854
509, 129, 0.074872
509, 130, 1.536904
509, 131, 1.765901
509, 132, 1.469588
509, 133, 0.257054
509, 134, 1.165754
509, 135, 0.744959
509, 136, 0.027703
509, 137, 1.578074
509, 138, 0.987940
509, 139, 0.937750
509, 140, 3.502013
509, 141, 2.299073
509, 142, 3.157599
509, 143, 1.944936
509, 144, 1.577029
509, 145, 1.130063
509, 146, 1.966183
509, 147, 3.907793
509, 148, 2.480981
509, 149, 3.529825
509, 150, 1.562608
509, 151, 1.931991
509, 152, 2.086525
509, 153, 0.000000
509, 154, 1.593774
509, 155, 2.281430
509, 156, -0.010000
509, 157, 3.008800
509, 158, 1.993107
509, 159, 1.077853
509, 160, 2.951508
509, 161, 2.095658
509, 162, 3.455140
509, 163, 2.510499
509, 164, 3.356867
509, 165, 2.995574
509, 166, 3.630375
509, 167, 1.409328
509, 168, 0.324529
509, 169, 1.770589
509, 170, 1.509260
509, 171, 2.785204
509, 172, 2.510697
509, 173, 2.610806
509, 174, 2.137620
509, 175, 1.390604
509, 176, 3.359033
509, 177, 2.502304
509, 178, 0.529260
509, 179, 3.049359
509, 180, 3.495764
509, 181, 0.965567
509, 182, 3.133410
509, 183, -0.040000
509, 184, 0.631502
509, 185, 1.880346
509, 186, 3.382043
509, 187, 0.000000
509, 188, 2.160181
509, 189, 2.925053
509, 190, 2.387929
509, 191, 0.717938
509, 192, 2.074841
509, 193, 2.741227
509, 194, 1.537422
509, 195, -0.281318
509, 196, 3.983562
509, 197, 2.382895
509, 198, 2.283137
509, 199, 1.452205
511, 0, 1.503664
511, 1, 1.547395
511, 2, 2.205762
511, 3, 1.150859
511, 4, -0.339888
511, 5, 1.966475
511, 6, -0.000013
511, 7, 1.283819
511, 8, 3.407863
511, 9, 1.717014
511, 10, 1.799203
511, 11, 2.271102
511, 12, 2.569910
511, 13, 0.000000
511, 14, 2.588051
511, 15, 2.490855
511, 16, 1.129258
511, 17, 3.231748
511, 18, 3.583978
511, 19, 2.593091
511, 20, 4.241409
511, 21, 0.436530
511, 22, 2.161510
511, 23, 1.270559
511, 24, 1.327574
511, 25, 2.046121
511, 26, 1.355367
511, 27, 0.812977
511, 28, 1.983010
511, 29, 1.915681
511, 30, 0.668950
511, 31, 2.610906
511, 32, 0.422124
511, 33, 2.712559
511, 34, 2.387892
511, 35, 2.598696
511, 36, 2.296904
511, 37, 1.623013
511, 38, 0.375477
511, 39, 1.571532
511, 40, 2.691563
511, 41, 1.724917
511, 42, 1.011686
511, 43, 1.442728
511, 44, 0.519650
511, 45, 1.443649
511, 46, 2.160553
511, 47, 1.415481
511, 48, 2.597938
511, 49, -0.160065
511, 50, 2.187935
511, 51, 0.485420
511, 52, 1.514256
511, 53, -0.000015
511, 54, 2.710696
511, 55, 3.169161
511, 56, 2.516124
511, 57, 2.955668
511, 58, 0.829374
511, 59, 1.691667
511, 60, 0.000000
511, 61, 1.402721
511, 62, 2.046886
511, 63, 1.722669
511, 64, 2.057648
511, 65, 3.468683
511, 66, 1.750670
511, 67, 2.511020
511, 68, 1.593087
511, 69, 2.722788
511, 70, 2.954162
511, 71, 2.583029
511, 72, 3.798769
511, 73, 3.223331
511, 74, 1.580833
511, 75, 1.934788
511, 76, 1.049166
511, 77, 1.420346
511, 78, 1.805377
511, 79, 2.797782
511, 80, 2.671444
511, 81, 1.710896
511, 82, -0.116440
511, 83, 1.218860
511, 84, 0.939994
511, 85, 3.014461
511, 86, 3.313089
511, 87, 2.334270
511, 88, 1.398646
511, 89, 0.544654
511, 90, 1.203634
511, 91, 1.279662
511, 92, 0.672629
511, 93, 2.649303
511, 94, 1.670205
511, 95, 0.940467
511, 96, 1.649441
511, 97, 4.293698
511, 98, 2.140699
511, 99, 1.159450
511, 100, 0.792004
511, 101, -0.031273
511, 102, 1.856339
511, 103, 0.000000
511, 104, 3.524350
511, 105, 2.808840
511, 106, 1.431670
511, 107, 1.897537
511, 108, 0.639675
511, 109, -0.016499
511, 110, 1.771988
511, 111, 0.797428
511, 112, 1.185186
511, 113, 3.553021
511, 114, 1.068332
511, 115, 1.998993
511, 116, 1.446281
511, 117, 2.376050
511, 118, 1.560871
511, 119, 1.334032
511, 120, 2.301380
511, 121, 3.670898
511, 122, 2.491351
511, 123, 0.346461
511, 124, 2.149925
511, 125, 4.286922
511, 126, 1.229496
511, 127, 0.838413
511, 128, 0.513854
511, 129, 0.074872
511, 130, 1.536904
511, 131, 1.765901
511, 132, 1.469588
511, 133, 0.191980
511, 134, 1.165754
511, 135, 0.744959
511, 136, 0.027703
511, 137, 1.577850
511, 138, 0.987940
511, 139, 0.937750
511, 140, 3.502484
511, 141, 2.307688
511, 142, 3.158653
511, 143, 1.953504
511, 144, 1.577029
511, 145, 1.130063
511, 146, 1.966183
511, 147, 3.903778
511, 148, 2.480981
511, 149, 3.530936
511, 150, 1.562608
511, 151, 1.928043
511, 152, 2.086526
511, 153, 0.000000
511, 154, 1.593774
511, 155, 2.281431
511, 156, -0.010000
511, 157, 3.008800
511, 158, 1.993107
511, 159, 1.077853
511, 160, 2.945498
511, 161, 2.095658
511, 162, 3.450564
511, 163, 2.510499
511, 164, 3.358015
511, 165, 2.994411
511, 166, 3.632928
511, 167, 1.409328
511, 168, 0.324529
511, 169, 1.770776
511, 170, 1.509260
511, 171, 2.813933
511, 172, 2.499968
511, 173, 2.610124
511, 174, 2.104918
511, 175, 1.390996
511, 176, 3.357206
511, 177, 2.482713
511, 178, 0.529260
511, 179, 3.045831
511, 180, 3.518191
511, 181, 0.965567
511, 182, 3.133410
511, 183, -0.040000
511, 184, 0.631502
511, 185, 1.880346
511, 186, 3.377359
511, 187, 0.000000
511, 188, 2.173155
511, 189, 2.946803
511, 190, 2.387929
511, 191, 0.717938
511, 192, 2.133153
511, 193, 2.740229
511, 194, 1.537420
511, 195, -0.281316
511, 196, 3.982850
511, 197, 2.382895
511, 198, 2.283115
511, 199, 1.452205
513, 0, 1.503664
513, 1, 1.547395
513, 2, 2.224079
513, 3, 1.150859
513, 4, -0.339888
513, 5, 1.969762
513, 6, -0.000013
513, 7, 1.283820
513, 8, 3.410933
513, 9, 1.717014
513, 10, 1.799204
513, 11, 2.271102
513, 12, 2.566330
513, 13, 0.000000
513, 14, 2.588017
513, 15, 2.521218
513, 16, 1.129258
513, 17, 3.204523
513, 18, 3.587519
513, 19, 2.605823
513, 20, 4.282806
513, 21, 0.436530
513, 22, 2.161510
513, 23, 1.270559
513, 24, 1.325789
513, 25, 2.046121
513, 26, 1.309114
513, 27, 0.812977
513, 28, 1.983144
513, 29, 1.912994
513, 30, 0.668950
513, 31, 2.609024
513, 32, 0.422124
513, 33, 2.700312
513, 34, 2.322860
513, 35, 2.598850
513, 36, 2.298335
513, 37, 1.627001
513, 38, 0.375477
513, 39, 1.571532
513, 40, 2.691563
513, 41, 1.724937
513, 42, 1.011686
513, 43, 1.442728
513, 44, 0.519650
513, 45, 1.441079
513, 46, 2.181383
513, 47, 1.415481
513, 48, 2.595481
513, 49, -0.160065
513, 50, 2.187935
513, 51, 0.485420
513, 52, 1.514256
513, 53, -0.000015
513, 54, 2.733803
513, 55, 3.169286
513, 56, 2.519069
513, 57, 2.955844
513, 58, 0.829374
513, 59, 1.691667
513, 60, 0.000000
513, 61, 1.402721
513, 62, 2.046886
513, 63, 1.722669
513, 64, 2.057648
513, 65, 3.449179
513, 66, 1.750670
513, 67, 2.511020
513, 68, 1.593087
513, 69, 2.722788
513, 70, 2.949913
513, 71, 2.583029
513, 72, 3.797927
513, 73, 3.222849
513, 74, 1.580833
513, 75, 1.934788
513, 76, 1.049166
513, 77, 1.420346
513, 78, 1.805377
513, 79, 2.797782
513, 80, 2.672330
513, 81, 1.710896
513, 82, -0.114640
513, 83, 1.218861
513, 84, 0.939994
513, 85, 3.016661
513, 86, 3.327362
513, 87, 2.334270
513, 88, 1.398646
513, 89, 0.544654
513, 90, 1.203634
513, 91, 1.260282
513, 92, 0.672629
513, 93, 2.674578
513, 94, 1.673338
513, 95, 0.923437
513, 96, 1.650001
513, 97, 4.302962
513, 98, 2.152048
513, 99, 1.159450
513, 100, 0.792004
513, 101, -0.031273
513, 102, 1.856339
513, 103, 0.000000
513, 104, 3.524171
513, 105, 2.811155
513, 106, 1.431670
513, 107, 1.904096
513, 108, 0.639675
513, 109, -0.016499
513, 110, 1.771988
513, 111, 0.796481
513, 112, 1.185186
513, 113, 3.553388
513, 114, 1.068332
513, 115, 2.084637
513, 116, 1.446281
513, 117, 2.376054
513, 118, 1.547927
513, 119, 1.334032
513, 120, 2.301380
513, 121, 3.693541
513, 122, 2.491351
513, 123, 0.346461
513, 124, 2.149925
513, 125, 4.287869
513, 126, 1.230583
513, 127, 0.838413
513, 128, 0.513854
513, 129, 0.074872
513, 130, 1.536904
513, 131, 1.765901
513, 132, 1.469588
513, 133, 0.158527
513, 134, 1.165754
513, 135, 0.744959
513, 136, 0.027703
513, 137, 1.577887
513, 138, 0.987940
513, 139, 0.937750
513, 140, 3.505020
513, 141, 2.321106
513, 142, 3.155632
513, 143, 1.945269
513, 144, 1.551700
513, 145, 1.130063
513, 146, 1.966183
513, 147, 3.898597
513, 148, 2.480981
513, 149, 3.530871
513, 150, 1.562608
513, 151, 1.931845
513, 152, 2.086525
513, 153, 0.000000
513, 154, 1.593774
513, 155, 2.281430
513, 156, -0.010000
513, 157, 3.007403
513, 158, 1.993107
513, 159, 1.077853
513, 160, 2.868025
513, 161, 2.095658
513, 162, 3.454602
513, 163, 2.510499
513, 164, 3.356861
513, 165, 2.992946
513, 166, 3.635893
513, 167, 1.409328
513, 168, 0.324529
513, 169, 1.771284
513, 170, 1.509260
513, 171, 2.820566
513, 172, 2.525208
513, 173, 2.610809
513, 174, 2.115858
513, 175, 1.396049
513, 176, 3.356692
513, 177, 2.506098
513, 178, 0.529260
513, 179, 3.045291
513, 180, 3.513309
513, 181, 0.965567
513, 182, 3.133410
513, 183, -0.040000
513, 184, 0.631502
513, 185, 1.880346
513, 186, 3.386180
513, 187, 0.000000
513, 188, 2.168734
513, 189, 2.754608
513, 190, 2.387929
513, 191, 0.717938
513, 192, 2.116655
513, 193, 2.740309
513, 194, 1.537421
513, 195, -0.281318
513, 196, 3.980618
513, 197, 2.382895
513, 198, 2.283133
513, 199, 1.452205
515, 0, 1.503664
515, 1, 1.547395
515, 2, 2.237196
515, 3, 1.150859
515, 4, -0.339888
515, 5, 1.970957
515, 6, -0.000013
515, 7, 1.283821
515, 8, 3.404722
515, 9, 1.717014
515, 10, 1.799204
515, 11, 2.271102
515, 12, 2.574319
515, 13, 0.000000
515, 14, 2.587834
515, 15, 2.572067
515, 16, 1.129258
515, 17, 3.231206
515, 18, 3.588632
515, 19, 2.593091
515, 20, 4.255890
515, 21, 0.436530
515, 22, 2.161510
515, 23, 1.270559
515, 24, 1.322829
515, 25, 2.046121
515, 26, 1.281596
515, 27, 0.812977
515, 28, 1.983228
515, 29, 1.911294
515, 30, 0.668950
515, 31, 2.615631
515, 32, 0.422124
515, 33, 2.726189
515, 34, 2.384583
515, 35, 2.598688
515, 36, 2.302770
515, 37, 1.673400
515, 38, 0.375477
515, 39, 1.571532
515, 40, 2.691563
515, 41, 1.724969
515, 42, 1.011686
515, 43, 1.442728
515, 44, 0.519650
515, 45, 1.439487
515, 46, 2.199532
515, 47, 1.415481
515, 48, 2.594489
515, 49, -0.160065
515, 50, 2.187935
515, 51, 0.485420
515, 52, 1.514256
515, 53, -0.000015
515, 54, 2.745765
515, 55, 3.150185
515, 56, 2.521533
515, 57, 2.955808
515, 58, 0.829374
515, 59, 1.691667
515, 60, 0.000000
515, 61, 1.402721
515, 62, 2.046886
515, 63, 1.722669
515, 64, 2.057648
515, 65, 3.455531
515, 66, 1.750670
515, 67, 2.511020
515, 68, 1.593087
515, 69, 2.722792
515, 70, 2.955129
515, 71, 2.588544
515, 72, 3.794525
515, 73, 3.224848
515, 74, 1.580833
515, 75, 1.934788
515, 76, 1.049166
515, 77, 1.420346
515, 78, 1.805377
515, 79, 2.797782
515, 80, 2.672497
515, 81, 1.710896
515, 82, -0.113502
515, 83, 1.218867
515, 84, 0.939994
515, 85, 3.017851
515, 86, 3.313884
515, 87, 2.334270
515, 88, 1.398646
515, 89, 0.544654
515, 90, 1.203637
515, 91, 1.276784
515, 92, 0.672629
515, 93, 2.639081
515, 94, 1.672141
515, 95, 0.932317
515, 96, 1.649530
515, 97, 4.298904
515, 98, 2.151613
515, 99, 1.159450
515, 100, 0.792004
515, 101, -0.031273
515, 102, 1.856339
515, 103, 0.000000
515, 104, 3.522523
515, 105, 2.814644
515, 106, 1.431670
515, 107, 1.899069
515, 108, 0.639675
515, 109, -0.016499
515, 110, 1.771988
515, 111, 0.795856
515, 112, 1.185186
515, 113, 3.540667
515, 114, 1.068332
515, 115, 1.999047
515, 116, 1.427192
515, 117, 2.376057
515, 118, 1.528545
515, 119, 1.334032
515, 120, 2.301380
515, 121, 3.611421
515, 122, 2.491351
515, 123, 0.346461
515, 124, 2.149926
515, 125, 4.265638
515, 126, 1.230886
515, 127, 0.838413
515, 128, 0.513854
515, 129, 0.074872
515, 130, 1.536904
515, 131, 1.765901
515, 132, 1.469588
515, 133, 0.158527
515, 134, 1.165754
515, 135, 0.744959
515, 136, -0.000010
515, 137, 1.577561
515, 138, 0.987940
515, 139, 0.937750
515, 140, 3.493668
515, 141, 2.327318
515, 142, 3.158734
515, 143, 1.942189
515, 144, 1.551700
515, 145, 1.130063
515, 146, 1.966183
515, 147, 3.909928
515, 148, 2.480981
515, 149, 3.531090
515, 150, 1.562608
515, 151, 1.926828
515, 152, 2.086525
515, 153, 0.000000
515, 154, 1.593774
515, 155, 2.281431
515, 156, -0.010000
515, 157, 3.007402
515, 158, 1.993107
515, 159, 1.077853
515, 160, 2.933554
515, 161, 2.095658
515, 162, 3.442829
515, 163, 2.510499
515, 164, 3.357826
515, 165, 2.993993
515, 166, 3.630491
515, 167, 1.409328
515, 168, 0.324529
515, 169, 1.771910
515, 170, 1.509260
515, 171, 2.760756
515, 172, 2.517668
515, 173, 2.610132
515, 174, 2.134813
515, 175, 1.400149
515, 176, 3.362350
515, 177, 2.494290
515, 178, 0.529260
515, 179, 3.042112
515, 180, 3.475328
515, 181, 0.965567
515, 182, 3.133410
515, 183, -0.040000
515, 184, 0.631502
515, 185, 1.880346
515, 186, 3.369167
515, 187, 0.000000
515, 188, 2.177710
515, 189, 2.839910
515, 190, 2.387929
515, 191, 0.717938
515, 192, 2.125592
515, 193, 2.742884
515, 194, 1.537421
515, 195, -0.281319
515, 196, 3.983065
515, 197, 2.386811
515, 198, 2.283116
515, 199, 1.452204
517, 0, 1.503664
517, 1, 1.547395
517, 2, 2.264738
517, 3, 1.150860
517, 4, -0.339888
517, 5, 1.970936
517, 6, -0.000013
517, 7, 1.283824
517, 8, 3.418588
517, 9, 1.717014
517, 10, 1.799206
517, 11, 2.271102
517, 12, 2.581818
517, 13, 0.000000
517, 14, 2.588043
517, 15, 2.540794
517, 16, 1.129258
517, 17, 3.226547
517, 18, 3.585535
517, 19, 2.593091
517, 20, 4.286009
517, 21, 0.436530
517, 22, 2.161510
517, 23, 1.270559
517, 24, 1.310459
517, 25, 2.046121
517, 26, 1.265743
517, 27, 0.812977
517, 28, 1.981245
517, 29, 1.910280
517, 30, 0.668950
517, 31, 2.621844
517, 32, 0.422124
517, 33, 2.746953
517, 34, 2.375646
517, 35, 2.598806
517, 36, 2.304479
517, 37, 1.723863
517, 38, 0.375477
517, 39, 1.571532
517, 40, 2.691563
517, 41, 1.724976
517, 42, 1.011686
517, 43, 1.442728
517, 44, 0.519650
517, 45, 1.439229
517, 46, 2.205551
517, 47, 1.415481
517, 48, 2.598816
517, 49, -0.160065
517, 50, 2.187935
517, 51, 0.485420
517, 52, 1.514256
517, 53, -0.000015
517, 54, 2.718279
517, 55, 3.171384
517, 56, 2.525826
517, 57, 2.955958
517, 58, 0.829374
517, 59, 1.691667
517, 60, 0.000000
517, 61, 1.402721
517, 62, 2.046885
517, 63, 1.722669
517, 64, 2.057648
517, 65, 3.454111
517, 66, 1.750670
517, 67, 2.511020
517, 68, 1.593087
517, 69, 2.722792
517, 70, 2.954986
517, 71, 2.583026
517, 72, 3.797933
517, 73, 3.226266
517, 74, 1.580833
517, 75, 1.934788
517, 76, 1.049166
517, 77, 1.420346
517, 78, 1.805377
517, 79, 2.797782
517, 80, 2.672176
517, 81, 1.710896
517, 82, -0.112548
517, 83, 1.218867
517, 84, 0.939994
517, 85, 3.019026
517, 86, 3.321680
517, 87, 2.334270
517, 88, 1.398646
517, 89, 0.544654
517, 90, 1.203636
517, 91, 1.266362
517, 92, 0.672629
517, 93, 2.656055
517, 94, 1.658536
517, 95, 0.940347
517, 96, 1.645556
517, 97, 4.305884
517, 98, 2.150217
517, 99, 1.159450
517, 100, 0.792004
517, 101, -0.031273
517, 102, 1.856339
517, 103, 0.000000
517, 104, 3.522292
517, 105, 2.813518
517, 106, 1.431670
517, 107, 1.919297
517, 108, 0.639675
517, 109, -0.016499
517, 110, 1.771988
517, 111, 0.794335
517, 112, 1.185186
517, 113, 3.554565
517, 114, 1.068332
517, 115, 2.084665
517, 116, 1.427192
517, 117, 2.374213
517, 118, 1.554697
517, 119, 1.334032
517, 120, 2.301380
517, 121, 3.669882
517, 122, 2.491351
517, 123, 0.346461
517, 124, 2.149925
517, 125, 4.284963
517, 126, 1.231921
517, 127, 0.838413
517, 128, 0.513854
517, 129, 0.074872
517, 130, 1.536904
517, 131, 1.765901
517, 132, 1.469588
517, 133, 0.158527
517, 134, 1.165754
517, 135, 0.744959
517, 136, -0.000010
517, 137, 1.577597
517, 138, 0.987940
517, 139, 0.937750
517, 140, 3.494070
517, 141, 2.331176
517, 142, 3.160125
517, 143, 1.957461
517, 144, 1.544860
517, 145, 1.130063
517, 146, 1.966183
517, 147, 3.862299
517, 148, 2.480981
517, 149, 3.531076
517, 150, 1.562608
517, 151, 1.922345
517, 152, 2.086525
517, 153, 0.000000
517, 154, 1.593774
517, 155, 2.281431
517, 156, -0.010000
517, 157, 3.011115
517, 158, 1.993107
517, 159, 1.077853
517, 160, 2.910089
517, 161, 2.095658
517, 162, 3.453723
517, 163, 2.510499
517, 164, 3.356863
517, 165, 2.993890
517, 166, 3.634393
517, 167, 1.409328
517, 168, 0.324529
517, 169, 1.775727
517, 170, 1.509260
517, 171, 2.821113
517, 172, 2.517886
517, 173, 2.610804
517, 174, 2.064336
517, 175, 1.400575
517, 176, 3.365140
517, 177, 2.487387
517, 178, 0.529260
517, 179, 3.044624
517, 180, 3.514621
517, 181, 0.965567
517, 182, 3.133410
517, 183, -0.040000
517, 184, 0.631502
517, 185, 1.880346
517, 186, 3.387612
517, 187, 0.000000
517, 188, 2.175654
517, 189, 2.807489
517, 190, 2.387929
517, 191, 0.717938
517, 192, 2.123710
517, 193, 2.743498
517, 194, 1.537421
517, 195, -0.281319
517, 196, 3.953710
517, 197, 2.386015
517, 198, 2.283135
517, 199, 1.452468
519, 0, 1.503664
519, 1, 1.547395
519, 2, 2.275665
519, 3, 1.150860
519, 4, -0.339888
519, 5, 1.966532
519, 6, -0.000013
519, 7, 1.283828
519, 8, 3.396911
519, 9, 1.717014
519, 10, 1.799209
519, 11, 2.271102
519, 12, 2.581382
519, 13, 0.000000
519, 14, 2.587454
519, 15, 2.605891
519, 16, 1.129258
519, 17, 3.209915
519, 18, 3.588022
519, 19, 2.593091
519, 20, 4.271126
519, 21, 0.436530
519, 22, 2.161510
519, 23, 1.270559
519, 24, 1.290031
519, 25, 2.046121
519, 26, 1.251560
519, 27, 0.812977
519, 28, 1.982048
519, 29, 1.914510
519, 30, 0.668950
519, 31, 2.620874
519, 32, 0.422124
519, 33, 2.723633
519, 34, 2.389533
519, 35, 2.598356
519, 36, 2.301327
519, 37, 1.756777
519, 38, 0.375477
519, 39, 1.571532
519, 40, 2.691563
519, 41, 1.725015
519, 42, 1.011686
519, 43, 1.442728
519, 44, 0.519650
519, 45, 1.443225
519, 46, 2.211035
519, 47, 1.415481
519, 48, 2.597036
519, 49, -0.160065
519, 50, 2.187935
519, 51, 0.485420
519, 52, 1.514256
519, 53, -0.000015
519, 54, 2.738290
519, 55, 3.171118
519, 56, 2.529483
519, 57, 2.955726
519, 58, 0.829374
519, 59, 1.691667
519, 60, 0.000000
519, 61, 1.402721
519, 62, 2.046885
519, 63, 1.722669
519, 64, 2.057648
519, 65, 3.473988
519, 66, 1.750670
519, 67, 2.511020
519, 68, 1.593087
519, 69, 2.657922
519, 70, 2.955129
519, 71, 2.583028
519, 72, 3.795690
519, 73, 3.226125
519, 74, 1.580833
519, 75, 1.934788
519, 76, 1.049166
519, 77, 1.420346
519, 78, 1.805377
519, 79, 2.797782
519, 80, 2.670538
519, 81, 1.710896
519, 82, -0.115186
519, 83, 1.217981
519, 84, 0.939994
519, 85, 3.019849
519, 86, 3.240678
519, 87, 2.334270
519, 88, 1.398646
519, 89, 0.544654
519, 90, 1.203636
519, 91, 1.348529
519, 92, 0.672629
519, 93, 2.660719
519, 94, 1.664482
519, 95, 0.942343
519, 96, 1.643056
519, 97, 4.299095
519, 98, 2.129529
519, 99, 1.159450
519, 100, 0.792004
519, 101, -0.031273
519, 102, 1.856339
519, 103, 0.000000
519, 104, 3.520201
519, 105, 2.826269
519, 106, 1.431670
519, 107, 1.899698
519, 108, 0.639675
519, 109, -0.016499
519, 110, 1.771988
519, 111, 0.792682
519, 112, 1.185186
519, 113, 3.553199
519, 114, 1.068332
519, 115, 1.998998
519, 116, 1.427192
519, 117, 2.374881
519, 118, 1.549045
519, 119, 1.334032
519, 120, 2.301379
519, 121, 3.608191
519, 122, 2.491351
519, 123, 0.346461
519, 124, 2.149925
519, 125, 4.239635
519, 126, 1.232494
519, 127, 0.838413
519, 128, 0.513854
519, 129, 0.068566
519, 130, 1.536904
519, 131, 1.765901
519, 132, 1.469588
519, 133, 0.158527
519, 134, 1.165754
519, 135, 0.744959
519, 136, -0.000010
519, 137, 1.577418
519, 138, 0.987940
519, 139, 0.937750
519, 140, 3.497078
519, 141, 2.333890
519, 142, 3.155360
519, 143, 1.960528
519, 144, 1.544860
519, 145, 1.130063
519, 146, 1.966183
519, 147, 3.909770
519, 148, 2.480981
519, 149, 3.531094
519, 150, 1.562608
519, 151, 1.921710
519, 152, 2.086525
519, 153, 0.000000
519, 154, 1.593774
519, 155, 2.281431
519, 156, -0.010000
519, 157, 3.011121
519, 158, 1.993107
519, 159, 1.077853
519, 160, 2.860635
519, 161, 2.095658
519, 162, 3.455962
519, 163, 2.510499
519, 164, 3.358474
519, 165, 2.997525
519, 166, 3.633981
519, 167, 1.409328
519, 168, 0.324529
519, 169, 1.776096
519, 170, 1.509260
519, 171, 2.820547
519, 172, 2.523702
519, 173, 2.610125
519, 174, 2.027997
519, 175, 1.402279
519, 176, 3.365140
519, 177, 2.480571
519, 178, 0.529260
519, 179, 3.048634
519, 180, 3.508240
519, 181, 0.965567
519, 182, 3.133410
519, 183, -0.040000
519, 184, 0.631502
519, 185, 1.880346
519, 186, 3.350320
519, 187, 0.000000
519, 188, 2.164706
519, 189, 2.843732
519, 190, 2.387929
519, 191, 0.717938
519, 192, 2.126060
519, 193, 2.743952
519, 194, 1.537421
519, 195, -0.281320
519, 196, 3.981919
519, 197, 2.382725
519, 198, 2.283099
519, 199, 1.452764
521, 0, 1.503664
521, 1, 1.547395
521, 2, 2.309713
521, 3, 1.150857
521, 4, -0.339888
521, 5, 1.960784
521, 6, -0.000013
521, 7, 1.283826
521, 8, 3.385128
521, 9, 1.717014
521, 10, 1.799209
521, 11, 2.271102
521, 12, 2.571761
521, 13, 0.000000
521, 14, 2.588199
521, 15, 2.598216
521, 16, 1.129258
521, 17, 3.227660
521, 18, 3.587119
521, 19, 2.593091
521, 20, 4.295761
521, 21, 0.436530
521, 22, 2.161510
521, 23, 1.270559
521, 24, 1.251375
521, 25, 2.046121
521, 26, 1.242110
521, 27, 0.812977
521, 28, 1.982154
521, 29, 1.916440
521, 30, 0.668950
521, 31, 2.611597
521, 32, 0.422124
521, 33, 2.742140
521, 34, 2.378150
521, 35, 2.598856
521, 36, 2.302455
521, 37, 1.634112
521, 38, 0.375477
521, 39, 1.571532
521, 40, 2.691563
521, 41, 1.725032
521, 42, 1.011686
521, 43, 1.442728
521, 44, 0.519650
521, 45, 1.445061
521, 46, 2.114457
521, 47, 1.415481
521, 48, 2.596625
521, 49, -0.160065
521, 50, 2.187935
521, 51, 0.485420
521, 52, 1.514256
521, 53, -0.000015
521, 54, 2.782902
521, 55, 3.170560
521, 56, 2.526508
521, 57, 2.956133
521, 58, 0.829374
521, 59, 1.691667
521, 60, 0.000000
521, 61, 1.402721
521, 62, 2.046885
521, 63, 1.722669
521, 64, 2.057648
521, 65, 3.454171
521, 66, 1.750670
521, 67, 2.511020
521, 68, 1.593087
521, 69, 2.657922
521, 70, 2.954966
521, 71, 2.583860
521, 72, 3.798171
521, 73, 3.224422
521, 74, 1.580833
521, 75, 1.934788
521, 76, 1.049166
521, 77, 1.420346
521, 78, 1.805377
521, 79, 2.797782
521, 80, 2.668849
521, 81, 1.710896
521, 82, -0.125148
521, 83, 1.217398
521, 84, 0.939994
521, 85, 3.019968
521, 86, 3.272970
521, 87, 2.334270
521, 88, 1.398646
521, 89, 0.544654
521, 90, 1.203634
521, 91, 1.349663
521, 92, 0.672629
521, 93, 2.668975
521, 94, 1.659096
521, 95, 0.930244
521, 96, 1.640592
521, 97, 4.304865
521, 98, 2.133392
521, 99, 1.159450
521, 100, 0.792004
521, 101, -0.031273
521, 102, 1.856339
521, 103, 0.000000
521, 104, 3.522531
521, 105, 2.826437
521, 106, 1.431670
521, 107, 1.912616
521, 108, 0.639675
521, 109, -0.016499
521, 110, 1.771988
521, 111, 0.791313
521, 112, 1.185186
521, 113, 3.552735
521, 114, 1.068332
521, 115, 2.084639
521, 116, 1.430291
521, 117, 2.375586
521, 118, 1.562200
521, 119, 1.334032
521, 120, 2.301380
521, 121, 3.688325
521, 122, 2.491351
521, 123, 0.346461
521, 124, 2.149925
521, 125, 4.287294
521, 126, 1.232997
521, 127, 0.838413
521, 128, 0.513854
521, 129, 0.068566
521, 130, 1.536905
521, 131, 1.765901
521, 132, 1.469587
521, 133, 0.158527
521, 134, 1.165754
521, 135, 0.744959
521, 136, -0.000010
521, 137, 1.577214
521, 138, 0.987940
521, 139, 0.937750
521, 140, 3.502843
521, 141, 2.335539
521, 142, 3.143342
521, 143, 1.967446
521, 144, 1.544860
521, 145, 1.130063
521, 146, 1.966183
521, 147, 3.910900
521, 148, 2.480981
521, 149, 3.531044
521, 150, 1.562608
521, 151, 1.923563
521, 152, 2.086525
521, 153, 0.000000
521, 154, 1.593774
521, 155, 2.281430
521, 156, -0.010000
521, 157, 3.012197
521, 158, 1.993107
521, 159, 1.077853
521, 160, 2.920833
521, 161, 2.095658
521, 162, 3.447724
521, 163, 2.510499
521, 164, 3.356866
521, 165, 2.998301
521, 166, 3.628773
521, 167, 1.409328
521, 168, 0.324529
521, 169, 1.775818
521, 170, 1.509260
521, 171, 2.809410
521, 172, 2.514860
521, 173, 2.610810
521, 174, 2.046274
521, 175, 1.403592
521, 176, 3.365937
521, 177, 2.480711
521, 178, 0.529260
521, 179, 3.047342
521, 180, 3.504966
521, 181, 0.965567
521, 182, 3.133410
521, 183, -0.040000
521, 184, 0.631502
521, 185, 1.880346
521, 186, 3.376731
521, 187, 0.000000
521, 188, 2.181334
521, 189, 2.799364
521, 190, 2.387929
521, 191, 0.717938
521, 192, 2.131174
521, 193, 2.743810
521, 194, 1.537421
521, 195, -0.281316
521, 196, 3.983040
521, 197, 2.382751
521, 198, 2.283105
521, 199, 1.452734
523, 0, 1.503664
523, 1, 1.547395
523, 2, 2.304372
523, 3, 1.150858
523, 4, -0.339888
523, 5, 1.957268
523, 6, -0.000013
523, 7, 1.283830
523, 8, 3.395629
523, 9, 1.717014
523, 10, 1.799210
523, 11, 2.271102
523, 12, 2.562696
523, 13, 0.000000
523, 14, 2.588365
523, 15, 2.618755
523, 16, 1.129258
523, 17, 3.210106
523, 18, 3.586523
523, 19, 2.593091
523, 20, 4.294443
523, 21, 0.436530
523, 22, 2.161510
523, 23, 1.270559
523, 24, 1.237063
523, 25, 2.046121
523, 26, 1.234642
523, 27, 0.812977
523, 28, 1.981916
523, 29, 1.916348
523, 30, 0.668950
523, 31, 2.602892
523, 32, 0.422124
523, 33, 2.777773
523, 34, 2.349678
523, 35, 2.598943
523, 36, 2.303007
523, 37, 1.694330
523, 38, 0.375477
523, 39, 1.571532
523, 40, 2.691563
523, 41, 1.725123
523, 42, 1.011686
523, 43, 1.442728
523, 44, 0.519650
523, 45, 1.444977
523, 46, 2.149795
523, 47, 1.415481
523, 48, 2.594009
523, 49, -0.160065
523, 50, 2.187935
523, 51, 0.485420
523, 52, 1.514256
523, 53, -0.000015
523, 54, 2.725969
523, 55, 3.170175
523, 56, 2.522301
523, 57, 2.956285
523, 58, 0.829374
523, 59, 1.691667
523, 60, 0.000000
523, 61, 1.402721
523, 62, 2.046885
523, 63, 1.722669
523, 64, 2.057648
523, 65, 3.465405
523, 66, 1.750670
523, 67, 2.511020
523, 68, 1.593087
523, 69, 2.657922
523, 70, 2.952923
523, 71, 2.583860
523, 72, 3.797898
523, 73, 3.221509
523, 74, 1.580833
523, 75, 1.934788
523, 76, 1.049166
523, 77, 1.420346
523, 78, 1.805377
523, 79, 2.797783
523, 80, 2.668645
523, 81, 1.710896
523, 82, -0.123222
523, 83, 1.217107
523, 84, 0.939994
523, 85, 3.020016
523, 86, 3.265352
523, 87, 2.339078
523, 88, 1.398646
523, 89, 0.544654
523, 90, 1.203634
523, 91, 1.351859
523, 92, 0.672629
523, 93, 2.639769
523, 94, 1.668905
523, 95, 0.918540
523, 96, 1.638341
523, 97, 4.304444
523, 98, 2.149333
523, 99, 1.159450
523, 100, 0.792004
523, 101, -0.031273
523, 102, 1.856339
523, 103, 0.000000
523, 104, 3.523256
523, 105, 2.826723
523, 106, 1.431670
523, 107, 1.901232
523, 108, 0.639675
523, 109, -0.016499
523, 110, 1.771988
523, 111, 0.790576
523, 112, 1.185186
523, 113, 3.554586
523, 114, 1.068332
523, 115, 1.999045
523, 116, 1.430291
523, 117, 2.375889
523, 118, 1.544162
523, 119, 1.334032
523, 120, 2.301379
523, 121, 3.707616
523, 122, 2.491351
523, 123, 0.346461
523, 124, 2.149925
523, 125, 4.278865
523, 126, 1.232949
523, 127, 0.838413
523, 128, 0.513854
523, 129, 0.068566
523, 130, 1.536904
523, 131, 1.765901
523, 132, 1.469587
523, 133, 0.158527
523, 134, 1.165754
523, 135, 0.744959
523, 136, -0.000010
523, 137, 1.576753
523, 138, 0.987940
523, 139, 0.937750
523, 140, 3.509194
523, 141, 2.336556
523, 142, 3.126019
523, 143, 1.958046
523, 144, 1.544860
523, 145, 1.130063
523, 146, 1.966183
523, 147, 3.907786
523, 148, 2.480981
523, 149, 3.530834
523, 150, 1.562608
523, 151, 1.932313
523, 152, 2.086525
523, 153, 0.000000
523, 154, 1.593774
523, 155, 2.281430
523, 156, -0.010000
523, 157, 3.012203
523, 158, 1.993107
523, 159, 1.077853
523, 160, 2.867745
523, 161, 2.095658
523, 162, 3.453281
523, 163, 2.510499
523, 164, 3.356867
523, 165, 2.998460
523, 166, 3.638179
523, 167, 1.409328
523, 168, 0.324529
523, 169, 1.775651
523, 170, 1.509260
523, 171, 2.814634
523, 172, 2.535245
523, 173, 2.610132
523, 174, 2.057283
523, 175, 1.404687
523, 176, 3.365937
523, 177, 2.509373
523, 178, 0.529260
523, 179, 3.050061
523, 180, 3.517461
523, 181, 0.965567
523, 182, 3.133410
523, 183, -0.040000
523, 184, 0.631502
523, 185, 1.880346
523, 186, 3.374025
523, 187, 0.000000
523, 188, 2.177807
523, 189, 2.727481
523, 190, 2.387929
523, 191, 0.717938
523, 192, 2.099373
523, 193, 2.738703
523, 194, 1.537421
523, 195, -0.281318
523, 196, 3.983451
523, 197, 2.382757
523, 198, 2.283049
523, 199, 1.452645
525, 0, 1.503664
525, 1, 1.547395
525, 2, 2.309706
525, 3, 1.150858
525, 4, -0.339888
525, 5, 1.954745
525, 6, -0.000013
525, 7, 1.283832
525, 8, 3.402479
525, 9, 1.717014
525, 10, 1.799210
525, 11, 2.271102
525, 12, 2.568154
525, 13, 0.000000
525, 14, 2.588407
525, 15, 2.558857
525, 16, 1.129258
525, 17, 3.230468
525, 18, 3.588331
525, 19, 2.593091
525, 20, 4.278699
525, 21, 0.436530
525, 22, 2.161510
525, 23, 1.270559
525, 24, 1.217557
525, 25, 2.046121
525, 26, 1.229790
525, 27, 0.812977
525, 28, 1.981768
525, 29, 1.916894
525, 30, 0.668950
525, 31, 2.607299
525, 32, 0.422124
525, 33, 2.778635
525, 34, 2.327024
525, 35, 2.598943
525, 36, 2.302044
525, 37, 1.704013
525, 38, 0.375477
525, 39, 1.571532
525, 40, 2.691563
525, 41, 1.725260
525, 42, 1.011686
525, 43, 1.442728
525, 44, 0.519650
525, 45, 1.445504
525, 46, 2.201355
525, 47, 1.415481
525, 48, 2.599527
525, 49, -0.160065
525, 50, 2.187935
525, 51, 0.485420
525, 52, 1.514256
525, 53, -0.000015
525, 54, 2.741810
525, 55, 3.167017
525, 56, 2.524830
525, 57, 2.956356
525, 58, 0.829374
525, 59, 1.691667
525, 60, 0.000000
525, 61, 1.402721
525, 62, 2.046886
525, 63, 1.722669
525, 64, 2.057648
525, 65, 3.464522
525, 66, 1.750670
525, 67, 2.511020
525, 68, 1.593087
525, 69, 2.657922
525, 70, 2.949909
525, 71, 2.585752
525, 72, 3.798704
525, 73, 3.220211
525, 74, 1.580833
525, 75, 1.934788
525, 76, 1.049166
525, 77, 1.420346
525, 78, 1.805377
525, 79, 2.797782
525, 80, 2.668633
525, 81, 1.710896
525, 82, -0.124122
525, 83, 1.217145
525, 84, 0.939994
525, 85, 3.020035
525, 86, 3.271621
525, 87, 2.334270
525, 88, 1.398646
525, 89, 0.544654
525, 90, 1.203633
525, 91, 1.348330
525, 92, 0.672629
525, 93, 2.652891
525, 94, 1.670987
525, 95, 0.936735
525, 96, 1.631513
525, 97, 4.292538
525, 98, 2.155803
525, 99, 1.159450
525, 100, 0.792004
525, 101, -0.031273
525, 102, 1.856339
525, 103, 0.000000
525, 104, 3.524766
525, 105, 2.826349
525, 106, 1.431670
525, 107, 1.904577
525, 108, 0.639675
525, 109, -0.016499
525, 110, 1.771988
525, 111, 0.790114
525, 112, 1.185186
525, 113, 3.554625
525, 114, 1.068332
525, 115, 2.084662
525, 116, 1.430291
525, 117, 2.374769
525, 118, 1.541938
525, 119, 1.334032
525, 120, 2.301379
525, 121, 3.658158
525, 122, 2.491351
525, 123, 0.346461
525, 124, 2.149925
525, 125, 4.282502
525, 126, 1.233143
525, 127, 0.838413
525, 128, 0.513854
525, 129, 0.068566
525, 130, 1.536904
525, 131, 1.765901
525, 132, 1.469588
525, 133, 0.158527
525, 134, 1.165754
525, 135, 0.744959
525, 136, -0.000010
525, 137, 1.576417
525, 138, 0.987940
525, 139, 0.937750
525, 140, 3.503968
525, 141, 2.337186
525, 142, 3.109907
525, 143, 1.956915
525, 144, 1.544860
525, 145, 1.130063
525, 146, 1.966183
525, 147, 3.906006
525, 148, 2.480981
525, 149, 3.530762
525, 150, 1.562608
525, 151, 1.932106
525, 152, 2.086525
525, 153, 0.000000
525, 154, 1.593774
525, 155, 2.281431
525, 156, -0.010000
525, 157, 3.013391
525, 158, 1.993107
525, 159, 1.077853
525, 160, 2.929010
525, 161, 2.095658
525, 162, 3.451335
525, 163, 2.512003
525, 164, 3.356867
525, 165, 2.998307
525, 166, 3.632398
525, 167, 1.409328
525, 168, 0.324529
525, 169, 1.775385
525, 170, 1.509260
525, 171, 2.784126
525, 172, 2.502518
525, 173, 2.610805
525, 174, 2.075412
525, 175, 1.405430
525, 176, 3.366805
525, 177, 2.507434
525, 178, 0.529260
525, 179, 3.046804
525, 180, 3.509420
525, 181, 0.965567
525, 182, 3.133410
525, 183, -0.040000
525, 184, 0.631502
525, 185, 1.880346
525, 186, 3.373477
525, 187, 0.000000
525, 188, 2.180559
525, 189, 2.770366
525, 190, 2.387929
525, 191, 0.717938
525, 192, 2.116259
525, 193, 2.738891
525, 194, 1.537421
525, 195, -0.281319
525, 196, 3.983397
525, 197, 2.390741
525, 198, 2.283003
525, 199, 1.452533
527, 0, 1.503664
527, 1, 1.547396
527, 2, 2.304630
527, 3, 1.150859
527, 4, -0.339888
527, 5, 1.954111
527, 6, -0.000013
527, 7, 1.283833
527, 8, 3.410392
527, 9, 1.717014
527, 10, 1.799210
527, 11, 2.271102
527, 12, 2.567237
527, 13, 0.000000
527, 14, 2.588408
527, 15, 2.493420
527, 16, 1.129258
527, 17, 3.225327
527, 18, 3.587699
527, 19, 2.593091
527, 20, 4.296568
527, 21, 0.436530
527, 22, 2.161510
527, 23, 1.270559
527, 24, 1.203866
527, 25, 2.046121
527, 26, 1.240479
527, 27, 0.812977
527, 28, 1.981347
527, 29, 1.915509
527, 30, 0.668950
527, 31, 2.605985
527, 32, 0.422124
527, 33, 2.771828
527, 34, 2.388904
527, 35, 2.598913
527, 36, 2.300194
527, 37, 1.756440
527, 38, 0.375477
527, 39, 1.571532
527, 40, 2.691563
527, 41, 1.725405
527, 42, 1.011686
527, 43, 1.442728
527, 44, 0.519650
527, 45, 1.444182
527, 46, 2.213439
527, 47, 1.415481
527, 48, 2.599807
527, 49, -0.160065
527, 50, 2.187935
527, 51, 0.485420
527, 52, 1.514256
527, 53, -0.000015
527, 54, 2.778939
527, 55, 3.168700
527, 56, 2.529870
527, 57, 2.956406
527, 58, 0.829374
527, 59, 1.691667
527, 60, 0.000000
527, 61, 1.402721
527, 62, 2.046885
527, 63, 1.722669
527, 64, 2.057648
527, 65, 3.458340
527, 66, 1.750670
527, 67, 2.511020
527, 68, 1.593087
527, 69, 2.657922
527, 70, 2.954386
527, 71, 2.583025
527, 72, 3.798503
527, 73, 3.219955
527, 74, 1.580833
527, 75, 1.934788
527, 76, 1.049166
527, 77, 1.420346
527, 78, 1.805377
527, 79, 2.797782
527, 80, 2.669288
527, 81, 1.710896
527, 82, -0.123109
527, 83, 1.216876
527, 84, 0.939994
527, 85, 3.020044
527, 86, 3.274872
527, 87, 2.334270
527, 88, 1.398646
527, 89, 0.544654
527, 90, 1.203632
527, 91, 1.342499
527, 92, 0.672629
527, 93, 2.650495
527, 94, 1.663002
527, 95, 0.943531
527, 96, 1.635981
527, 97, 4.307086
527, 98, 2.160115
527, 99, 1.159450
527, 100, 0.792004
527, 101, -0.031273
527, 102, 1.856339
527, 103, 0.000000
527, 104, 3.521918
527, 105, 2.825701
527, 106, 1.431670
527, 107, 1.888348
527, 108, 0.639675
527, 109, -0.016499
527, 110, 1.771988
527, 111, 0.789555
527, 112, 1.185186
527, 113, 3.509458
527, 114, 1.068332
527, 115, 1.999002
527, 116, 1.430291
527, 117, 2.374056
527, 118, 1.538261
527, 119, 1.334032
527, 120, 2.301379
527, 121, 3.599568
527, 122, 2.491351
527, 123, 0.346461
527, 124, 2.149925
527, 125, 4.262945
527, 126, 1.233482
527, 127, 0.838413
527, 128, 0.513854
527, 129, 0.068566
527, 130, 1.536904
527, 131, 1.765901
527, 132, 1.469588
527, 133, 0.158527
527, 134, 1.165754
527, 135, 0.744959
527, 136, -0.000010
527, 137, 1.576159
527, 138, 0.987940
527, 139, 0.937750
527, 140, 3.505643
527, 141, 2.337579
527, 142, 3.128231
527, 143, 1.964469
527, 144, 1.544860
527, 145, 1.130063
527, 146, 1.966183
527, 147, 3.898426
527, 148, 2.480981
527, 149, 3.530703
527, 150, 1.562608
527, 151, 1.930869
527, 152, 2.086525
527, 153, 0.000000
527, 154, 1.593774
527, 155, 2.281431
527, 156, -0.010000
527, 157, 3.014254
527, 158, 1.993107
527, 159, 1.077853
527, 160, 2.904687
527, 161, 2.095658
527, 162, 3.453941
527, 163, 2.512550
527, 164, 3.356868
527, 165, 2.998010
527, 166, 3.633205
527, 167, 1.409328
527, 168, 0.324529
527, 169, 1.775268
527, 170, 1.509260
527, 171, 2.793072
527, 172, 2.541251
527, 173, 2.610126
527, 174, 2.066709
527, 175, 1.406189
527, 176, 3.364226
527, 177, 2.506428
527, 178, 0.529260
527, 179, 3.046472
527, 180, 3.437869
527, 181, 0.965567
527, 182, 3.133410
527, 183, -0.040000
527, 184, 0.631502
527, 185, 1.880346
527, 186, 3.383645
527, 187, 0.000000
527, 188, 2.176582
527, 189, 2.850240
527, 190, 2.387929
527, 191, 0.717938
527, 192, 2.121831
527, 193, 2.738985
527, 194, 1.537421
527, 195, -0.281319
527, 196, 3.980700
527, 197, 2.388478
527, 198, 2.282964
527, 199, 1.452820
529, 0, 1.503664
529, 1, 1.547395
529, 2, 2.289629
529, 3, 1.150859
529, 4, -0.339888
529, 5, 1.953497
529, 6, -0.000013
529, 7, 1.283834
529, 8, 3.377843
529, 9, 1.717014
529, 10, 1.799210
529, 11, 2.271102
529, 12, 2.564981
529, 13, 0.000000
529, 14, 2.588399
529, 15, 2.480534
529, 16, 1.129258
529, 17, 3.231483
529, 18, 3.558285
529, 19, 2.593091
529, 20, 4.290853
529, 21, 0.436530
529, 22, 2.161510
529, 23, 1.270559
529, 24, 1.203536
529, 25, 2.046121
529, 26, 1.247282
529, 27, 0.812977
529, 28, 1.980859
529, 29, 1.914148
529, 30, 0.668950
529, 31, 2.603484
529, 32, 0.422124
529, 33, 2.692285
529, 34, 2.343005
529, 35, 2.598877
529, 36, 2.299377
529, 37, 1.640281
529, 38, 0.375477
529, 39, 1.571532
529, 40, 2.691563
529, 41, 1.725540
529, 42, 1.011686
529, 43, 1.442728
529, 44, 0.519650
529, 45, 1.442885
529, 46, 2.228028
529, 47, 1.415481
529, 48, 2.598488
529, 49, -0.160065
529, 50, 2.187935
529, 51, 0.485420
529, 52, 1.514256
529, 53, -0.000015
529, 54, 2.732415
529, 55, 3.168231
529, 56, 2.523735
529, 57, 2.956452
529, 58, 0.829374
529, 59, 1.691667
529, 60, 0.000000
529, 61, 1.402721
529, 62, 2.046885
529, 63, 1.722669
529, 64, 2.057648
529, 65, 3.471863
529, 66, 1.750670
529, 67, 2.511020
529, 68, 1.593087
529, 69, 2.657922
529, 70, 2.951276
529, 71, 2.583025
529, 72, 3.798811
529, 73, 3.219324
529, 74, 1.580833
529, 75, 1.934788
529, 76, 1.049166
529, 77, 1.420346
529, 78, 1.805377
529, 79, 2.797782
529, 80, 2.669774
529, 81, 1.710896
529, 82, -0.122122
529, 83, 1.216054
529, 84, 0.939994
529, 85, 3.020047
529, 86, 3.281203
529, 87, 2.334270
529, 88, 1.398646
529, 89, 0.544654
529, 90, 1.203631
529, 91, 1.333717
529, 92, 0.672629
529, 93, 2.664155
529, 94, 1.669254
529, 95, 0.936013
529, 96, 1.627265
529, 97, 4.305622
529, 98, 2.154072
529, 99, 1.159450
529, 100, 0.792004
529, 101, -0.031273
529, 102, 1.856339
529, 103, 0.000000
529, 104, 3.524093
529, 105, 2.824695
529, 106, 1.431670
529, 107, 1.913082
529, 108, 0.639675
529, 109, -0.016499
529, 110, 1.771988
529, 111, 0.789123
529, 112, 1.185186
529, 113, 3.554610
529, 114, 1.068332
529, 115, 2.084643
529, 116, 1.430291
529, 117, 2.373038
529, 118, 1.527158
529, 119, 1.334032
529, 120, 2.301379
529, 121, 3.662209
529, 122, 2.491351
529, 123, 0.346461
529, 124, 2.149926
529, 125, 4.282901
529, 126, 1.233893
529, 127, 0.838413
529, 128, 0.513854
529, 129, 0.068566
529, 130, 1.536904
529, 131, 1.765901
529, 132, 1.469588
529, 133, 0.158527
529, 134, 1.165754
529, 135, 0.744959
529, 136, -0.000010
529, 137, 1.575943
529, 138, 0.987940
529, 139, 0.937750
529, 140, 3.504024
529, 141, 2.337825
529, 142, 3.105680
529, 143, 1.958754
529, 144, 1.544860
529, 145, 1.130063
529, 146, 1.966183
529, 147, 3.903044
529, 148, 2.480981
529, 149, 3.530887
529, 150, 1.562608
529, 151, 1.922489
529, 152, 2.086525
529, 153, 0.000000
529, 154, 1.593774
529, 155, 2.281430
529, 156, -0.010000
529, 157, 3.017732
529, 158, 1.993107
529, 159, 1.077853
529, 160, 2.936360
529, 161, 2.095658
529, 162, 3.458260
529, 163, 2.512986
529, 164, 3.356868
529, 165, 2.997868
529, 166, 3.623533
529, 167, 1.409328
529, 168, 0.324529
529, 169, 1.775336
529, 170, 1.509260
529, 171, 2.821364
529, 172, 2.528468
529, 173, 2.610809
529, 174, 2.087687
529, 175, 1.408570
529, 176, 3.366819
529, 177, 2.483529
529, 178, 0.529260
529, 179, 3.047742
529, 180, 3.517892
529, 181, 0.965567
529, 182, 3.133410
529, 183, -0.040000
529, 184, 0.631502
529, 185, 1.880346
529, 186, 3.377148
529, 187, 0.000000
529, 188, 2.163384
529, 189, 2.902009
529, 190, 2.387929
529, 191, 0.717938
529, 192, 2.116475
529, 193, 2.743004
529, 194, 1.537421
529, 195, -0.281320
529, 196, 3.983500
529, 197, 2.390087
529, 198, 2.282934
529, 199, 1.453231
531, 0, 1.503664
531, 1, 1.547395
531, 2, 2.282481
531, 3, 1.150856
531, 4, -0.339888
531, 5, 1.952512
531, 6, -0.000013
531, 7, 1.283830
531, 8, 3.402178
531, 9, 1.717014
531, 10, 1.799209
531, 11, 2.271102
531, 12, 2.574669
531, 13, 0.000000
531, 14, 2.588385
531, 15, 2.505524
531, 16, 1.129258
531, 17, 3.227221
531, 18, 3.579875
531, 19, 2.600179
531, 20, 4.279014
531, 21, 0.436530
531, 22, 2.161510
531, 23, 1.270559
531, 24, 1.205270
531, 25, 2.046121
531, 26, 1.213295
531, 27, 0.812977
531, 28, 1.981802
531, 29, 1.915168
531, 30, 0.668950
531, 31, 2.611794
531, 32, 0.422124
531, 33, 2.732153
531, 34, 2.385985
531, 35, 2.598838
531, 36, 2.300101
531, 37, 1.701738
531, 38, 0.375477
531, 39, 1.571532
531, 40, 2.691563
531, 41, 1.725657
531, 42, 1.011686
531, 43, 1.442728
531, 44, 0.519650
531, 45, 1.443854
531, 46, 2.234766
531, 47, 1.415481
531, 48, 2.595272
531, 49, -0.160065
531, 50, 2.187935
531, 51, 0.485420
531, 52, 1.514256
531, 53, -0.000015
531, 54, 2.760891
531, 55, 3.149441
531, 56, 2.527216
531, 57, 2.956494
531, 58, 0.829374
531, 59, 1.691667
531, 60, 0.000000
531, 61, 1.402721
531, 62, 2.046886
531, 63, 1.722669
531, 64, 2.057648
531, 65, 3.452718
531, 66, 1.750670
531, 67, 2.511020
531, 68, 1.593087
531, 69, 2.688022
531, 70, 2.954997
531, 71, 2.583027
531, 72, 3.798814
531, 73, 3.221957
531, 74, 1.580833
531, 75, 1.934788
531, 76, 1.049166
531, 77, 1.420346
531, 78, 1.805377
531, 79, 2.797782
531, 80, 2.669997
531, 81, 1.710896
531, 82, -0.122724
531, 83, 1.219464
531, 84, 0.939994
531, 85, 3.020049
531, 86, 3.290526
531, 87, 2.334270
531, 88, 1.398646
531, 89, 0.544654
531, 90, 1.203631
531, 91, 1.355232
531, 92, 0.672629
531, 93, 2.686342
531, 94, 1.666614
531, 95, 0.904839
531, 96, 1.630231
531, 97, 4.300098
531, 98, 2.136105
531, 99, 1.159450
531, 100, 0.792004
531, 101, -0.031273
531, 102, 1.856339
531, 103, 0.000000
531, 104, 3.517801
531, 105, 2.827236
531, 106, 1.431670
531, 107, 1.911008
531, 108, 0.639675
531, 109, -0.016499
531, 110, 1.771988
531, 111, 0.788630
531, 112, 1.185186
531, 113, 3.553589
531, 114, 1.068332
531, 115, 1.999007
531, 116, 1.430291
531, 117, 2.373732
531, 118, 1.516358
531, 119, 1.334032
531, 120, 2.301379
531, 121, 3.679799
531, 122, 2.491351
531, 123, 0.346461
531, 124, 2.149925
531, 125, 4.289001
531, 126, 1.234313
531, 127, 0.838413
531, 128, 0.513854
531, 129, 0.068566
531, 130, 1.536905
531, 131, 1.765901
531, 132, 1.469587
531, 133, 0.158527
531, 134, 1.165754
531, 135, 0.744959
531, 136, -0.000010
531, 137, 1.575740
531, 138, 0.987940
531, 139, 0.937750
531, 140, 3.497129
531, 141, 2.337978
531, 142, 3.124517
531, 143, 1.953181
531, 144, 1.544860
531, 145, 1.108290
531, 146, 1.966183
531, 147, 3.908232
531, 148, 2.480981
531, 149, 3.530930
531, 150, 1.562608
531, 151, 1.921623
531, 152, 2.086525
531, 153, 0.000000
531, 154, 1.593774
531, 155, 2.281430
531, 156, -0.010000
531, 157, 3.007269
531, 158, 1.993107
531, 159, 1.077853
531, 160, 2.913586
531, 161, 2.095658
531, 162, 3.460844
531, 163, 2.512986
531, 164, 3.356868
531, 165, 2.998243
531, 166, 3.630814
531, 167, 1.409328
531, 168, 0.324529
531, 169, 1.775451
531, 170, 1.509260
531, 171, 2.757058
531, 172, 2.560496
531, 173, 2.610126
531, 174, 2.107951
531, 175, 1.408554
531, 176, 3.356692
531, 177, 2.490658
531, 178, 0.529260
531, 179, 3.048116
531, 180, 3.510459
531, 181, 0.965567
531, 182, 3.133410
531, 183, -0.040000
531, 184, 0.631502
531, 185, 1.880346
531, 186, 3.374566
531, 187, 0.000000
531, 188, 2.140128
531, 189, 2.930242
531, 190, 2.387929
531, 191, 0.717938
531, 192, 2.108846
531, 193, 2.743677
531, 194, 1.537419
531, 195, -0.281317
531, 196, 3.983599
531, 197, 2.386839
531, 198, 2.282908
531, 199, 1.457146
533, 0, 1.503664
533, 1, 1.547395
533, 2, 2.291348
533, 3, 1.150858
533, 4, -0.339888
533, 5, 1.955275
533, 6, -0.000013
533, 7, 1.283832
533, 8, 3.415829
533, 9, 1.717014
533, 10, 1.799210
533, 11, 2.271102
533, 12, 2.586015
533, 13, 0.000000
533, 14, 2.588369
533, 15, 2.384906
533, 16, 1.129258
533, 17, 3.227835
533, 18, 3.584994
533, 19, 2.593091
533, 20, 4.295406
533, 21, 0.436530
533, 22, 2.161510
533, 23, 1.270559
533, 24, 1.208866
533, 25, 2.046121
533, 26, 1.205694
533, 27, 0.812977
533, 28, 1.978826
533, 29, 1.909434
533, 30, 0.668950
533, 31, 2.621709
533, 32, 0.422124
533, 33, 2.778947
533, 34, 2.297703
533, 35, 2.598797
533, 36, 2.303165
533, 37, 1.448876
533, 38, 0.375477
533, 39, 1.571532
533, 40, 2.691563
533, 41, 1.725764
533, 42, 1.011686
533, 43, 1.442728
533, 44, 0.519650
533, 45, 1.441646
533, 46, 2.224578
533, 47, 1.415481
533, 48, 2.600254
533, 49, -0.160065
533, 50, 2.187935
533, 51, 0.485420
533, 52, 1.514256
533, 53, -0.000015
533, 54, 2.771376
533, 55, 3.170548
533, 56, 2.523611
533, 57, 2.956533
533, 58, 0.829374
533, 59, 1.691667
533, 60, 0.000000
533, 61, 1.402721
533, 62, 2.046886
533, 63, 1.722669
533, 64, 2.057648
533, 65, 3.453544
533, 66, 1.750670
533, 67, 2.511020
533, 68, 1.593087
533, 69, 2.719746
533, 70, 2.945646
533, 71, 2.590688
533, 72, 3.798319
533, 73, 3.226142
533, 74, 1.580833
533, 75, 1.934788
533, 76, 1.049166
533, 77, 1.420346
533, 78, 1.805377
533, 79, 2.797783
533, 80, 2.671396
533, 81, 1.710896
533, 82, -0.121111
533, 83, 1.224071
533, 84, 0.939994
533, 85, 3.020048
533, 86, 3.280940
533, 87, 2.334270
533, 88, 1.398646
533, 89, 0.544654
533, 90, 1.203632
533, 91, 1.362000
533, 92, 0.672629
533, 93, 2.629844
533, 94, 1.658762
533, 95, 0.888190
533, 96, 1.630792
533, 97, 4.307487
533, 98, 2.145884
533, 99, 1.159450
533, 100, 0.792004
533, 101, -0.031273
533, 102, 1.856339
533, 103, 0.000000
533, 104, 3.517782
533, 105, 2.828046
533, 106, 1.431670
533, 107, 1.925110
533, 108, 0.639675
533, 109, -0.016499
533, 110, 1.771988
533, 111, 0.787449
533, 112, 1.185186
533, 113, 3.554606
533, 114, 1.068332
533, 115, 2.084646
533, 116, 1.430291
533, 117, 2.374037
533, 118, 1.537575
533, 119, 1.334032
533, 120, 2.301379
533, 121, 3.663591
533, 122, 2.491351
533, 123, 0.346461
533, 124, 2.149925
533, 125, 4.285756
533, 126, 1.234756
533, 127, 0.838413
533, 128, 0.513854
533, 129, 0.068566
533, 130, 1.536904
533, 131, 1.765901
533, 132, 1.469587
533, 133, 0.158527
533, 134, 1.165754
533, 135, 0.744959
533, 136, -0.000010
533, 137, 1.575555
533, 138, 0.987940
533, 139, 0.937750
533, 140, 3.489637
533, 141, 2.338075
533, 142, 3.122656
533, 143, 1.964188
533, 144, 1.544860
533, 145, 1.108290
533, 146, 1.966183
533, 147, 3.903133
533, 148, 2.480981
533, 149, 3.531170
533, 150, 1.562608
533, 151, 1.926910
533, 152, 2.086526
533, 153, 0.000000
533, 154, 1.593774
533, 155, 2.281430
533, 156, -0.010000
533, 157, 3.007275
533, 158, 1.993107
533, 159, 1.077853
533, 160, 2.951102
533, 161, 2.095658
533, 162, 3.461334
533, 163, 2.512986
533, 164, 3.356868
533, 165, 2.996138
533, 166, 3.635135
533, 167, 1.409328
533, 168, 0.324529
533, 169, 1.775542
533, 170, 1.509260
533, 171, 2.809370
533, 172, 2.542970
533, 173, 2.610808
533, 174, 2.130567
533, 175, 1.406746
533, 176, 3.356692
533, 177, 2.502612
533, 178, 0.529260
533, 179, 3.046590
533, 180, 3.516094
533, 181, 0.965567
533, 182, 3.133410
533, 183, -0.040000
533, 184, 0.631502
533, 185, 1.880346
533, 186, 3.382865
533, 187, 0.000000
533, 188, 2.039597
533, 189, 2.946748
533, 190, 2.387929
533, 191, 0.717938
533, 192, 2.115576
533, 193, 2.741468
533, 194, 1.537420
533, 195, -0.281318
533, 196, 3.980733
533, 197, 2.383471
533, 198, 2.282885
533, 199, 1.457373
535, 0, 1.503664
535, 1, 1.547395
535, 2, 2.312203
535, 3, 1.150858
535, 4, -0.339888
535, 5, 1.956993
535, 6, -0.000013
535, 7, 1.283833
535, 8, 3.410536
535, 9, 1.717014
535, 10, 1.799210
535, 11, 2.271102
535, 12, 2.585872
535, 13, 0.000000
535, 14, 2.588360
535, 15, 2.371745
535, 16, 1.129258
535, 17, 3.229011
535, 18, 3.585532
535, 19, 2.597867
535, 20, 4.293900
535, 21, 0.436530
535, 22, 2.161510
535, 23, 1.270559
535, 24, 1.199777
535, 25, 2.046121
535, 26, 1.198068
535, 27, 0.812977
535, 28, 1.974119
535, 29, 1.908902
535, 30, 0.668950
535, 31, 2.621235
535, 32, 0.422124
535, 33, 2.717612
535, 34, 2.368843
535, 35, 2.598762
535, 36, 2.304115
535, 37, 1.564606
535, 38, 0.375477
535, 39, 1.571532
535, 40, 2.691563
535, 41, 1.725857
535, 42, 1.011686
535, 43, 1.442728
535, 44, 0.519650
535, 45, 1.441153
535, 46, 2.228819
535, 47, 1.415481
535, 48, 2.597364
535, 49, -0.160065
535, 50, 2.187935
535, 51, 0.485420
535, 52, 1.514256
535, 53, -0.000015
535, 54, 2.774271
535, 55, 3.170813
535, 56, 2.520869
535, 57, 2.956579
535, 58, 0.829374
535, 59, 1.691667
535, 60, 0.000000
535, 61, 1.402721
535, 62, 2.046885
535, 63, 1.722669
535, 64, 2.057648
535, 65, 3.458593
535, 66, 1.750670
535, 67, 2.511020
535, 68, 1.593087
535, 69, 2.719754
535, 70, 2.954350
535, 71, 2.594213
535, 72, 3.798261
535, 73, 3.226152
535, 74, 1.580833
535, 75, 1.934788
535, 76, 1.049166
535, 77, 1.420346
535, 78, 1.805377
535, 79, 2.797782
535, 80, 2.672022
535, 81, 1.710896
535, 82, -0.120695
535, 83, 1.226921
535, 84, 0.939994
535, 85, 3.020049
535, 86, 3.288264
535, 87, 2.334270
535, 88, 1.398646
535, 89, 0.544654
535, 90, 1.203632
535, 91, 1.360244
535, 92, 0.672629
535, 93, 2.653225
535, 94, 1.652213
535, 95, 0.915321
535, 96, 1.633087
535, 97, 4.307269
535, 98, 2.149304
535, 99, 1.159450
535, 100, 0.792004
535, 101, -0.031273
535, 102, 1.856339
535, 103, 0.000000
535, 104, 3.517742
535, 105, 2.827883
535, 106, 1.431670
535, 107, 1.901062
535, 108, 0.639675
535, 109, -0.016499
535, 110, 1.771988
535, 111, 0.785654
535, 112, 1.185186
535, 113, 3.553327
535, 114, 1.068332
535, 115, 1.999033
535, 116, 1.430291
535, 117, 2.375019
535, 118, 1.539855
535, 119, 1.334032
535, 120, 2.301379
535, 121, 3.602649
535, 122, 2.491351
535, 123, 0.346461
535, 124, 2.149925
535, 125, 4.267433
535, 126, 1.235192
535, 127, 0.838413
535, 128, 0.513854
535, 129, 0.068566
535, 130, 1.536904
535, 131, 1.765902
535, 132, 1.469587
535, 133, 0.158527
535, 134, 1.165754
535, 135, 0.744959
535, 136, -0.000010
535, 137, 1.575374
535, 138, 0.987940
535, 139, 0.937750
535, 140, 3.496590
535, 141, 2.338137
535, 142, 3.135012
535, 143, 1.963990
535, 144, 1.544860
535, 145, 1.108290
535, 146, 1.966183
535, 147, 3.903854
535, 148, 2.480981
535, 149, 3.530349
535, 150, 1.562608
535, 151, 1.926740
535, 152, 2.086525
535, 153, 0.000000
535, 154, 1.593774
535, 155, 2.281431
535, 156, -0.010000
535, 157, 3.007299
535, 158, 1.993107
535, 159, 1.077853
535, 160, 2.933633
535, 161, 2.095658
535, 162, 3.462290
535, 163, 2.513645
535, 164, 3.356868
535, 165, 2.995955
535, 166, 3.631908
535, 167, 1.409328
535, 168, 0.324529
535, 169, 1.775730
535, 170, 1.509260
535, 171, 2.821357
535, 172, 2.556128
535, 173, 2.610130
535, 174, 2.066015
535, 175, 1.407612
535, 176, 3.360348
535, 177, 2.506975
535, 178, 0.529260
535, 179, 3.045311
535, 180, 3.518484
535, 181, 0.965567
535, 182, 3.133410
535, 183, -0.040000
535, 184, 0.631502
535, 185, 1.880346
535, 186, 3.374206
535, 187, 0.000000
535, 188, 2.067359
535, 189, 2.979667
535, 190, 2.387929
535, 191, 0.717938
535, 192, 2.083427
535, 193, 2.741522
535, 194, 1.537421
535, 195, -0.281319
535, 196, 3.982089
535, 197, 2.387659
535, 198, 2.282867
535, 199, 1.457309
537, 0, 1.503664
537, 1, 1.547396
537, 2, 2.300708
537, 3, 1.150859
537, 4, -0.339888
537, 5, 1.958856
537, 6, -0.000013
537, 7, 1.283834
537, 8, 3.411669
537, 9, 1.717014
537, 10, 1.799210
537, 11, 2.271102
537, 12, 2.578413
537, 13, 0.000000
537, 14, 2.588347
537, 15, 2.431308
537, 16, 1.129258
537, 17, 3.212806
537, 18, 3.584585
537, 19, 2.595399
537, 20, 4.290677
537, 21, 0.436530
537, 22, 2.161510
537, 23, 1.270559
537, 24, 1.187361
537, 25, 2.046121
537, 26, 1.167196
537, 27, 0.812977
537, 28, 1.970667
537, 29, 1.906716
537, 30, 0.668950
537, 31, 2.617296
537, 32, 0.422124
537, 33, 2.751682
537, 34, 2.377267
537, 35, 2.598724
537, 36, 2.304276
537, 37, 1.570159
537, 38, 0.375477
537, 39, 1.571532
537, 40, 2.691563
537, 41, 1.725931
537, 42, 1.011686
537, 43, 1.442728
537, 44, 0.519650
537, 45, 1.439128
537, 46, 2.217903
537, 47, 1.415481
537, 48, 2.599610
537, 49, -0.160065
537, 50, 2.187935
537, 51, 0.485420
537, 52, 1.514256
537, 53, -0.000015
537, 54, 2.777987
537, 55, 3.169854
537, 56, 2.514346
537, 57, 2.956620
537, 58, 0.829374
537, 59, 1.691667
537, 60, 0.000000
537, 61, 1.402721
537, 62, 2.046885
537, 63, 1.722669
537, 64, 2.057648
537, 65, 3.450934
537, 66, 1.750670
537, 67, 2.511020
537, 68, 1.593087
537, 69, 2.719754
537, 70, 2.954635
537, 71, 2.582937
537, 72, 3.797895
537, 73, 3.225132
537, 74, 1.580833
537, 75, 1.934788
537, 76, 1.049166
537, 77, 1.420346
537, 78, 1.805377
537, 79, 2.797782
537, 80, 2.672532
537, 81, 1.710896
537, 82, -0.119227
537, 83, 1.228830
537, 84, 0.939994
537, 85, 3.020050
537, 86, 3.291852
537, 87, 2.334270
537, 88, 1.398646
537, 89, 0.544654
537, 90, 1.203631
537, 91, 1.352906
537, 92, 0.672629
537, 93, 2.671787
537, 94, 1.646727
537, 95, 0.917039
537, 96, 1.640670
537, 97, 4.306232
537, 98, 2.151769
537, 99, 1.159450
537, 100, 0.792004
537, 101, -0.031273
537, 102, 1.856339
537, 103, 0.000000
537, 104, 3.502634
537, 105, 2.826467
537, 106, 1.431670
537, 107, 1.924621
537, 108, 0.639675
537, 109, -0.016499
537, 110, 1.771988
537, 111, 0.784210
537, 112, 1.185186
537, 113, 3.555433
537, 114, 1.068332
537, 115, 2.084657
537, 116, 1.430291
537, 117, 2.374763
537, 118, 1.544561
537, 119, 1.334032
537, 120, 2.301379
537, 121, 3.667095
537, 122, 2.491351
537, 123, 0.346461
537, 124, 2.149925
537, 125, 4.287601
537, 126, 1.235643
537, 127, 0.838413
537, 128, 0.513854
537, 129, 0.068566
537, 130, 1.536904
537, 131, 1.765901
537, 132, 1.469588
537, 133, 0.158527
537, 134, 1.165754
537, 135, 0.744959
537, 136, -0.000010
537, 137, 1.575208
537, 138, 0.987940
537, 139, 0.937750
537, 140, 3.501522
537, 141, 2.345769
537, 142, 3.144333
537, 143, 1.966455
537, 144, 1.517805
537, 145, 1.108290
537, 146, 1.966183
537, 147, 3.907006
537, 148, 2.480981
537, 149, 3.530714
537, 150, 1.562608
537, 151, 1.925630
537, 152, 2.086525
537, 153, 0.000000
537, 154, 1.593774
537, 155, 2.281431
537, 156, -0.010000
537, 157, 3.007362
537, 158, 1.993107
537, 159, 1.077853
537, 160, 2.892732
537, 161, 2.095658
537, 162, 3.462053
537, 163, 2.513645
537, 164, 3.356868
537, 165, 2.995293
537, 166, 3.635836
537, 167, 1.409328
537, 168, 0.324529
537, 169, 1.775996
537, 170, 1.509260
537, 171, 2.803423
537, 172, 2.600767
537, 173, 2.610806
537, 174, 2.076292
537, 175, 1.408120
537, 176, 3.360348
537, 177, 2.502491
537, 178, 0.529260
537, 179, 3.046195
537, 180, 3.512577
537, 181, 0.965567
537, 182, 3.133410
537, 183, -0.040000
537, 184, 0.631502
537, 185, 1.880346
537, 186, 3.384666
537, 187, 0.000000
537, 188, 2.084211
537, 189, 2.942473
537, 190, 2.387929
537, 191, 0.717938
537, 192, 2.086812
537, 193, 2.738802
537, 194, 1.537421
537, 195, -0.281319
537, 196, 3.983082
537, 197, 2.385290
537, 198, 2.282846
537, 199, 1.457229
539, 0, 1.503985
539, 1, 1.547395
539, 2, 2.286288
539, 3, 1.150859
539, 4, -0.339888
539, 5, 1.960035
539, 6, -0.000013
539, 7, 1.283834
539, 8, 3.396210
539, 9, 1.717014
539, 10, 1.799210
539, 11, 2.271102
539, 12, 2.568539
539, 13, 0.000000
539, 14, 2.588335
539, 15, 2.473473
539, 16, 1.129258
539, 17, 3.230560
539, 18, 3.586423
539, 19, 2.593091
539, 20, 4.278205
539, 21, 0.436530
539, 22, 2.161510
539, 23, 1.270559
539, 24, 1.191787
539, 25, 2.046121
539, 26, 1.138021
539, 27, 0.812977
539, 28, 1.975451
539, 29, 1.906109
539, 30, 0.668950
539, 31, 2.607927
539, 32, 0.422124
539, 33, 2.714888
539, 34, 2.377151
539, 35, 2.598687
539, 36, 2.305998
539, 37, 1.658457
539, 38, 0.375477
539, 39, 1.571532
539, 40, 2.691563
539, 41, 1.726009
539, 42, 1.011686
539, 43, 1.442728
539, 44, 0.519650
539, 45, 1.438575
539, 46, 2.225572
539, 47, 1.415481
539, 48, 2.596834
539, 49, -0.160065
539, 50, 2.187935
539, 51, 0.485420
539, 52, 1.514256
539, 53, -0.000015
539, 54, 2.750006
539, 55, 3.169663
539, 56, 2.521303
539, 57, 2.956663
539, 58, 0.829374
539, 59, 1.691667
539, 60, 0.000000
539, 61, 1.402721
539, 62, 2.046885
539, 63, 1.722669
539, 64, 2.057648
539, 65, 3.458986
539, 66, 1.750670
539, 67, 2.511020
539, 68, 1.593087
539, 69, 2.719763
539, 70, 2.954620
539, 71, 2.582991
539, 72, 3.797210
539, 73, 3.222476
539, 74, 1.580833
539, 75, 1.934788
539, 76, 1.049166
539, 77, 1.420346
539, 78, 1.805377
539, 79, 2.797782
539, 80, 2.672673
539, 81, 1.710896
539, 82, -0.118776
539, 83, 1.230193
539, 84, 0.939994
539, 85, 3.020049
539, 86, 3.297019
539, 87, 2.334270
539, 88, 1.398646
539, 89, 0.544654
539, 90, 1.203632
539, 91, 1.346646
539, 92, 0.672629
539, 93, 2.641695
539, 94, 1.648287
539, 95, 0.927700
539, 96, 1.641896
539, 97, 4.300006
539, 98, 2.156594
539, 99, 1.159450
539, 100, 0.792004
539, 101, -0.031273
539, 102, 1.856339
539, 103, 0.000000
539, 104, 3.500195
539, 105, 2.825770
539, 106, 1.431670
539, 107, 1.917403
539, 108, 0.639675
539, 109, -0.016499
539, 110, 1.771988
539, 111, 0.783635
539, 112, 1.185186
539, 113, 3.553629
539, 114, 1.068332
539, 115, 1.999012
539, 116, 1.430291
539, 117, 2.374895
539, 118, 1.535219
539, 119, 1.334032
539, 120, 2.301379
539, 121, 3.682905
539, 122, 2.491351
539, 123, 0.346461
539, 124, 2.149926
539, 125, 4.290397
539, 126, 1.236090
539, 127, 0.838413
539, 128, 0.513854
539, 129, 0.068566
539, 130, 1.536904
539, 131, 1.765902
539, 132, 1.469588
539, 133, 0.158527
539, 134, 1.165754
539, 135, 0.744959
539, 136, -0.000010
539, 137, 1.575047
539, 138, 0.987940
539, 139, 0.937750
539, 140, 3.506365
539, 141, 2.345806
539, 142, 3.142690
539, 143, 1.961651
539, 144, 1.517805
539, 145, 1.108290
539, 146, 1.966183
539, 147, 3.903336
539, 148, 2.480981
539, 149, 3.531203
539, 150, 1.562608
539, 151, 1.926309
539, 152, 2.086525
539, 153, 0.000000
539, 154, 1.593774
539, 155, 2.281430
539, 156, -0.010000
539, 157, 3.007370
539, 158, 1.993107
539, 159, 1.077853
539, 160, 2.948145
539, 161, 2.095658
539, 162, 3.447887
539, 163, 2.513645
539, 164, 3.356869
539, 165, 2.994973
539, 166, 3.629642
539, 167, 1.409328
539, 168, 0.324529
539, 169, 1.776312
539, 170, 1.509260
539, 171, 2.826920
539, 172, 2.591059
539, 173, 2.610126
539, 174, 2.101531
539, 175, 1.410006
539, 176, 3.356692
539, 177, 2.488013
539, 178, 0.529260
539, 179, 3.044623
539, 180, 3.504228
539, 181, 0.965567
539, 182, 3.133410
539, 183, -0.040000
539, 184, 0.631502
539, 185, 1.880346
539, 186, 3.373067
539, 187, 0.000000
539, 188, 2.138670
539, 189, 2.882531
539, 190, 2.387929
539, 191, 0.717938
539, 192, 2.129832
539, 193, 2.741082
539, 194, 1.537421
539, 195, -0.281320
539, 196, 3.983265
539, 197, 2.385291
539, 198, 2.282829
539, 199, 1.457152
541, 0, 1.503664
541, 1, 1.547395
541, 2, 2.235756
541, 3, 1.150856
541, 4, -0.339888
541, 5, 1.958354
541, 6, -0.000013
541, 7, 1.283830
541, 8, 3.408625
541, 9, 1.717014
541, 10, 1.799209
541, 11, 2.271102
541, 12, 2.561376
541, 13, 0.000000
541, 14, 2.588321
541, 15, 2.441733
541, 16, 1.129258
541, 17, 3.230577
541, 18, 3.586199
541, 19, 2.593091
541, 20, 4.249491
541, 21, 0.436530
541, 22, 2.161510
541, 23, 1.270559
541, 24, 1.231810
541, 25, 2.046121
541, 26, 1.091189
541, 27, 0.812977
541, 28, 1.978431
541, 29, 1.912870
541, 30, 0.668950
541, 31, 2.601021
541, 32, 0.422124
541, 33, 2.739281
541, 34, 2.377240
541, 35, 2.598649
541, 36, 2.305327
541, 37, 1.686806
541, 38, 0.375477
541, 39, 1.569353
541, 40, 2.691563
541, 41, 1.726073
541, 42, 1.011686
541, 43, 1.442728
541, 44, 0.519650
541, 45, 1.445080
541, 46, 2.237983
541, 47, 1.415481
541, 48, 2.599837
541, 49, -0.160065
541, 50, 2.187935
541, 51, 0.485420
541, 52, 1.514256
541, 53, -0.000015
541, 54, 2.726588
541, 55, 3.171157
541, 56, 2.525074
541, 57, 2.956703
541, 58, 0.829374
541, 59, 1.691667
541, 60, 0.000000
541, 61, 1.402721
541, 62, 2.046886
541, 63, 1.722669
541, 64, 2.057648
541, 65, 3.476464
541, 66, 1.750670
541, 67, 2.511020
541, 68, 1.593087
541, 69, 2.719779
541, 70, 2.954465
541, 71, 2.583014
541, 72, 3.795851
541, 73, 3.220471
541, 74, 1.580833
541, 75, 1.934788
541, 76, 1.049166
541, 77, 1.420346
541, 78, 1.805377
541, 79, 2.797782
541, 80, 2.671801
541, 81, 1.710896
541, 82, -0.123265
541, 83, 1.231103
541, 84, 0.939994
541, 85, 3.020049
541, 86, 3.282749
541, 87, 2.334270
541, 88, 1.398646
541, 89, 0.544654
541, 90, 1.203631
541, 91, 1.372559
541, 92, 0.672629
541, 93, 2.661048
541, 94, 1.652669
541, 95, 0.928692
541, 96, 1.640299
541, 97, 4.278807
541, 98, 2.160431
541, 99, 1.159450
541, 100, 0.792004
541, 101, -0.031273
541, 102, 1.856339
541, 103, 0.000000
541, 104, 3.486438
541, 105, 2.823793
541, 106, 1.431670
541, 107, 1.894775
541, 108, 0.639675
541, 109, -0.016499
541, 110, 1.771988
541, 111, 0.783480
541, 112, 1.185186
541, 113, 3.507309
541, 114, 1.068332
541, 115, 2.084645
541, 116, 1.430291
541, 117, 2.374953
541, 118, 1.511075
541, 119, 1.334032
541, 120, 2.301379
541, 121, 3.592330
541, 122, 2.491351
541, 123, 0.346461
541, 124, 2.149925
541, 125, 4.255506
541, 126, 1.236508
541, 127, 0.838413
541, 128, 0.513854
541, 129, 0.068566
541, 130, 1.536905
541, 131, 1.765901
541, 132, 1.469587
541, 133, 0.158527
541, 134, 1.165754
541, 135, 0.744959
541, 136, -0.000010
541, 137, 1.574878
541, 138, 0.987940
541, 139, 0.937750
541, 140, 3.509003
541, 141, 2.345828
541, 142, 3.152145
541, 143, 1.949144
541, 144, 1.517805
541, 145, 1.108290
541, 146, 1.966183
541, 147, 3.890531
541, 148, 2.480981
541, 149, 3.530977
541, 150, 1.562608
541, 151, 1.926534
541, 152, 2.086525
541, 153, 0.000000
541, 154, 1.593774
541, 155, 2.281430
541, 156, -0.010000
541, 157, 3.007360
541, 158, 1.993107
541, 159, 1.077853
541, 160, 2.929076
541, 161, 2.095658
541, 162, 3.454424
541, 163, 2.513645
541, 164, 3.356868
541, 165, 2.997405
541, 166, 3.625661
541, 167, 1.409328
541, 168, 0.324529
541, 169, 1.776542
541, 170, 1.509260
541, 171, 2.823642
541, 172, 2.635414
541, 173, 2.610808
541, 174, 2.117455
541, 175, 1.420913
541, 176, 3.356693
541, 177, 2.507987
541, 178, 0.529260
541, 179, 3.040879
541, 180, 3.446021
541, 181, 0.934082
541, 182, 3.133410
541, 183, -0.040000
541, 184, 0.631502
541, 185, 1.880346
541, 186, 3.361782
541, 187, 0.000000
541, 188, 2.158949
541, 189, 2.899336
541, 190, 2.387929
541, 191, 0.717938
541, 192, 2.096013
541, 193, 2.739201
541, 194, 1.537419
541, 195, -0.281317
541, 196, 3.977741
541, 197, 2.385291
541, 198, 2.282818
541, 199, 1.457108
543, 0, 1.503664
543, 1, 1.547395
543, 2, 2.194782
543, 3, 1.150858
543, 4, -0.339888
543, 5, 1.959288
543, 6, -0.000013
543, 7, 1.283832
543, 8, 3.363431
543, 9, 1.717014
543, 10, 1.799210
543, 11, 2.271102
543, 12, 2.557056
543, 13, 0.000000
543, 14, 2.588309
543, 15, 2.418971
543, 16, 1.129258
543, 17, 3.225025
543, 18, 3.588095
543, 19, 2.593091
543, 20, 4.291012
543, 21, 0.436530
543, 22, 2.161510
543, 23, 1.270559
543, 24, 1.260097
543, 25, 2.046121
543, 26, 1.060336
543, 27, 0.812977
543, 28, 1.980287
543, 29, 1.907129
543, 30, 0.668950
543, 31, 2.596631
543, 32, 0.422124
543, 33, 2.753155
543, 34, 2.372484
543, 35, 2.598612
543, 36, 2.301263
543, 37, 1.761890
543, 38, 0.375477
543, 39, 1.569353
543, 40, 2.691563
543, 41, 1.726135
543, 42, 1.011686
543, 43, 1.442728
543, 44, 0.519650
543, 45, 1.439771
543, 46, 2.246197
543, 47, 1.415481
543, 48, 2.601202
543, 49, -0.160065
543, 50, 2.187935
543, 51, 0.485420
543, 52, 1.514256
543, 53, -0.000015
543, 54, 2.743977
543, 55, 3.166006
543, 56, 2.531771
543, 57, 2.956744
543, 58, 0.829374
543, 59, 1.691667
543, 60, 0.000000
543, 61, 1.402721
543, 62, 2.046886
543, 63, 1.722669
543, 64, 2.057648
543, 65, 3.471530
543, 66, 1.750670
543, 67, 2.511020
543, 68, 1.593087
543, 69, 2.719794
543, 70, 2.954860
543, 71, 2.583022
543, 72, 3.798670
543, 73, 3.219181
543, 74, 1.580833
543, 75, 1.934788
543, 76, 1.049166
543, 77, 1.420346
543, 78, 1.805377
543, 79, 2.797783
543, 80, 2.671320
543, 81, 1.710896
543, 82, -0.119280
543, 83, 1.231739
543, 84, 0.939994
543, 85, 3.020049
543, 86, 3.298604
543, 87, 2.334270
543, 88, 1.398646
543, 89, 0.544654
543, 90, 1.203633
543, 91, 1.346587
543, 92, 0.672629
543, 93, 2.677072
543, 94, 1.660182
543, 95, 0.909372
543, 96, 1.636285
543, 97, 4.307135
543, 98, 2.161192
543, 99, 1.159450
543, 100, 0.792004
543, 101, -0.031273
543, 102, 1.856339
543, 103, 0.000000
543, 104, 3.481376
543, 105, 2.822996
543, 106, 1.431670
543, 107, 1.919635
543, 108, 0.639675
543, 109, -0.016499
543, 110, 1.771988
543, 111, 0.783628
543, 112, 1.185186
543, 113, 3.553151
543, 114, 1.068332
543, 115, 1.999033
543, 116, 1.430291
543, 117, 2.375308
543, 118, 1.501500
543, 119, 1.334032
543, 120, 2.301379
543, 121, 3.701733
543, 122, 2.491351
543, 123, 0.346461
543, 124, 2.149925
543, 125, 4.282802
543, 126, 1.236931
543, 127, 0.838413
543, 128, 0.513854
543, 129, 0.068566
543, 130, 1.536904
543, 131, 1.765901
543, 132, 1.469587
543, 133, 0.158527
543, 134, 1.165754
543, 135, 0.744959
543, 136, -0.000010
543, 137, 1.574719
543, 138, 0.987940
543, 139, 0.937750
543, 140, 3.509927
543, 141, 2.345843
543, 142, 3.147653
543, 143, 1.944180
543, 144, 1.517805
543, 145, 1.108290
543, 146, 1.966183
543, 147, 3.910423
543, 148, 2.480981
543, 149, 3.531247
543, 150, 1.562608
543, 151, 1.924032
543, 152, 2.086526
543, 153, 0.000000
543, 154, 1.593774
543, 155, 2.281430
543, 156, -0.010000
543, 157, 3.007329
543, 158, 1.993107
543, 159, 1.077853
543, 160, 2.903025
543, 161, 2.095658
543, 162, 3.456519
543, 163, 2.513645
543, 164, 3.356868
543, 165, 2.995815
543, 166, 3.628589
543, 167, 1.409328
543, 168, 0.324529
543, 169, 1.776291
543, 170, 1.509260
543, 171, 2.786690
543, 172, 2.627758
543, 173, 2.610130
543, 174, 2.146369
543, 175, 1.415025
543, 176, 3.356692
543, 177, 2.498515
543, 178, 0.529260
543, 179, 3.043032
543, 180, 3.516708
543, 181, 0.934082
543, 182, 3.133410
543, 183, -0.040000
543, 184, 0.631502
543, 185, 1.880346
543, 186, 3.370692
543, 187, 0.000000
543, 188, 2.152974
543, 189, 2.926494
543, 190, 2.387929
543, 191, 0.717938
543, 192, 2.114606
543, 193, 2.742514
543, 194, 1.537420
543, 195, -0.281318
543, 196, 3.983120
543, 197, 2.383103
543, 198, 2.282798
543, 199, 1.456982
545, 0, 1.503664
545, 1, 1.547395
545, 2, 2.237890
545, 3, 1.150858
545, 4, -0.339888
545, 5, 1.956956
545, 6, -0.000013
545, 7, 1.283833
545, 8, 3.379236
545, 9, 1.717014
545, 10, 1.799210
545, 11, 2.271102
545, 12, 2.550931
545, 13, 0.000000
545, 14, 2.588297
545, 15, 2.429514
545, 16, 1.129258
545, 17, 3.224164
545, 18, 3.587407
545, 19, 2.593091
545, 20, 4.282704
545, 21, 0.436530
545, 22, 2.161510
545, 23, 1.270559
545, 24, 1.278428
545, 25, 2.046121
545, 26, 1.037089
545, 27, 0.812977
545, 28, 1.981447
545, 29, 1.906159
545, 30, 0.668950
545, 31, 2.590694
545, 32, 0.422124
545, 33, 2.712550
545, 34, 2.397920
545, 35, 2.598576
545, 36, 2.299201
545, 37, 1.382393
545, 38, 0.375477
545, 39, 1.568980
545, 40, 2.691563
545, 41, 1.726212
545, 42, 1.011686
545, 43, 1.442728
545, 44, 0.519650
545, 45, 1.446676
545, 46, 2.265012
545, 47, 1.415481
545, 48, 2.604139
545, 49, -0.160065
545, 50, 2.175590
545, 51, 0.485420
545, 52, 1.514256
545, 53, -0.000015
545, 54, 2.782040
545, 55, 3.170265
545, 56, 2.533258
545, 57, 2.956786
545, 58, 0.829374
545, 59, 1.691667
545, 60, 0.000000
545, 61, 1.402721
545, 62, 2.046885
545, 63, 1.722669
545, 64, 2.057648
545, 65, 3.485671
545, 66, 1.750670
545, 67, 2.511020
545, 68, 1.593087
545, 69, 2.719803
545, 70, 2.954394
545, 71, 2.583026
545, 72, 3.797663
545, 73, 3.217397
545, 74, 1.580833
545, 75, 1.934788
545, 76, 1.049166
545, 77, 1.420346
545, 78, 1.805377
545, 79, 2.797782
545, 80, 2.670626
545, 81, 1.710896
545, 82, -0.124058
545, 83, 1.232488
545, 84, 0.939994
545, 85, 3.020049
545, 86, 3.271821
545, 87, 2.334270
545, 88, 1.398646
545, 89, 0.544654
545, 90, 1.203634
545, 91, 1.390365
545, 92, 0.672629
545, 93, 2.648224
545, 94, 1.655090
545, 95, 0.937321
545, 96, 1.631045
545, 97, 4.303359
545, 98, 2.161860
545, 99, 1.159450
545, 100, 0.792004
545, 101, -0.031273
545, 102, 1.856339
545, 103, 0.000000
545, 104, 3.479584
545, 105, 2.828222
545, 106, 1.431670
545, 107, 1.881318
545, 108, 0.639675
545, 109, -0.016499
545, 110, 1.771988
545, 111, 0.784163
545, 112, 1.185186
545, 113, 3.551319
545, 114, 1.046848
545, 115, 2.084657
545, 116, 1.430291
545, 117, 2.375533
545, 118, 1.509433
545, 119, 1.334032
545, 120, 2.301379
545, 121, 3.604788
545, 122, 2.491351
545, 123, 0.346461
545, 124, 2.149925
545, 125, 4.253860
545, 126, 1.237347
545, 127, 0.838413
545, 128, 0.513854
545, 129, 0.068566
545, 130, 1.536904
545, 131, 1.765901
545, 132, 1.469587
545, 133, 0.158527
545, 134, 1.165754
545, 135, 0.744959
545, 136, -0.000010
545, 137, 1.574564
545, 138, 0.987940
545, 139, 0.937750
545, 140, 3.504696
545, 141, 2.345852
545, 142, 3.133182
545, 143, 1.946754
545, 144, 1.517805
545, 145, 1.108290
545, 146, 1.966183
545, 147, 3.909861
545, 148, 2.480981
545, 149, 3.530941
545, 150, 1.562608
545, 151, 1.922784
545, 152, 2.086525
545, 153, 0.000000
545, 154, 1.593774
545, 155, 2.281431
545, 156, -0.010000
545, 157, 3.007276
545, 158, 1.993107
545, 159, 1.077853
545, 160, 2.945307
545, 161, 2.098013
545, 162, 3.443092
545, 163, 2.513645
545, 164, 3.356868
545, 165, 2.997601
545, 166, 3.621963
545, 167, 1.409328
545, 168, 0.324529
545, 169, 1.776016
545, 170, 1.509260
545, 171, 2.819014
545, 172, 2.628351
545, 173, 2.610806
545, 174, 2.226477
545, 175, 1.414831
545, 176, 3.356692
545, 177, 2.499706
545, 178, 0.529260
545, 179, 3.038210
545, 180, 3.507163
545, 181, 0.934082
545, 182, 3.133410
545, 183, -0.040000
545, 184, 0.631502
545, 185, 1.880346
545, 186, 3.368443
545, 187, 0.000000
545, 188, 2.149369
545, 189, 2.972341
545, 190, 2.387929
545, 191, 0.717938
545, 192, 2.107679
545, 193, 2.740112
545, 194, 1.537420
545, 195, -0.281319
545, 196, 3.983404
545, 197, 2.383110
545, 198, 2.282779
545, 199, 1.456831
547, 0, 1.503664
547, 1, 1.547396
547, 2, 2.305926
547, 3, 1.150859
547, 4, -0.339888
547, 5, 1.957963
547, 6, -0.000013
547, 7, 1.283834
547, 8, 3.364063
547, 9, 1.717014
547, 10, 1.799210
547, 11, 2.271102
547, 12, 2.552750
547, 13, 0.000000
547, 14, 2.588284
547, 15, 2.434076
547, 16, 1.129258
547, 17, 3.230066
547, 18, 3.585459
547, 19, 2.593091
547, 20, 4.294836
547, 21, 0.436530
547, 22, 2.161510
547, 23, 1.270559
547, 24, 1.265925
547, 25, 2.046121
547, 26, 1.030988
547, 27, 0.812977
547, 28, 1.977008
547, 29, 1.904654
547, 30, 0.668950
547, 31, 2.597775
547, 32, 0.422124
547, 33, 2.775094
547, 34, 2.349458
547, 35, 2.598539
547, 36, 2.296749
547, 37, 1.510679
547, 38, 0.375477
547, 39, 1.568980
547, 40, 2.691563
547, 41, 1.726279
547, 42, 1.011686
547, 43, 1.442728
547, 44, 0.519650
547, 45, 1.443303
547, 46, 2.265049
547, 47, 1.415481
547, 48, 2.605547
547, 49, -0.160065
547, 50, 2.174345
547, 51, 0.485420
547, 52, 1.514256
547, 53, -0.000015
547, 54, 2.723015
547, 55, 3.169748
547, 56, 2.520364
547, 57, 2.956826
547, 58, 0.829374
547, 59, 1.691667
547, 60, 0.000000
547, 61, 1.402721
547, 62, 2.046885
547, 63, 1.722669
547, 64, 2.057648
547, 65, 3.459279
547, 66, 1.750670
547, 67, 2.511020
547, 68, 1.593087
547, 69, 2.719813
547, 70, 2.953162
547, 71, 2.594035
547, 72, 3.798483
547, 73, 3.219559
547, 74, 1.580833
547, 75, 1.934788
547, 76, 1.049166
547, 77, 1.420346
547, 78, 1.805377
547, 79, 2.797782
547, 80, 2.670857
547, 81, 1.710896
547, 82, -0.121587
547, 83, 1.233124
547, 84, 0.939994
547, 85, 3.020050
547, 86, 3.284365
547, 87, 2.334270
547, 88, 1.398646
547, 89, 0.544654
547, 90, 1.203634
547, 91, 1.371767
547, 92, 0.672629
547, 93, 2.666823
547, 94, 1.667483
547, 95, 0.933800
547, 96, 1.674581
547, 97, 4.306057
547, 98, 2.164694
547, 99, 1.159450
547, 100, 0.792004
547, 101, -0.031273
547, 102, 1.856339
547, 103, 0.000000
547, 104, 3.492846
547, 105, 2.825229
547, 106, 1.431670
547, 107, 1.908552
547, 108, 0.639675
547, 109, -0.016499
547, 110, 1.771988
547, 111, 0.784772
547, 112, 1.185186
547, 113, 3.539965
547, 114, 1.046848
547, 115, 1.999012
547, 116, 1.430291
547, 117, 2.375534
547, 118, 1.557568
547, 119, 1.334032
547, 120, 2.301379
547, 121, 3.703726
547, 122, 2.491351
547, 123, 0.346461
547, 124, 2.149925
547, 125, 4.280606
547, 126, 1.237748
547, 127, 0.838413
547, 128, 0.513854
547, 129, 0.068566
547, 130, 1.536904
547, 131, 1.765901
547, 132, 1.469588
547, 133, 0.158527
547, 134, 1.165754
547, 135, 0.744959
547, 136, -0.000010
547, 137, 1.574407
547, 138, 0.987940
547, 139, 0.937750
547, 140, 3.509117
547, 141, 2.345857
547, 142, 3.150935
547, 143, 1.971628
547, 144, 1.517805
547, 145, 1.108290
547, 146, 1.966183
547, 147, 3.911422
547, 148, 2.480981
547, 149, 3.531308
547, 150, 1.562608
547, 151, 1.923505
547, 152, 2.086525
547, 153, 0.000000
547, 154, 1.593774
547, 155, 2.281431
547, 156, -0.010000
547, 157, 3.007297
547, 158, 1.993107
547, 159, 1.077853
547, 160, 2.947803
547, 161, 2.098013
547, 162, 3.451918
547, 163, 2.513645
547, 164, 3.356868
547, 165, 2.996235
547, 166, 3.628454
547, 167, 1.409328
547, 168, 0.324529
547, 169, 1.775684
547, 170, 1.509260
547, 171, 2.797272
547, 172, 2.609883
547, 173, 2.610127
547, 174, 2.163803
547, 175, 1.416530
547, 176, 3.356692
547, 177, 2.507523
547, 178, 0.529260
547, 179, 3.043404
547, 180, 3.478934
547, 181, 0.934082
547, 182, 3.133410
547, 183, -0.040000
547, 184, 0.631502
547, 185, 1.880346
547, 186, 3.383830
547, 187, 0.000000
547, 188, 2.162598
547, 189, 2.942197
547, 190, 2.387929
547, 191, 0.717938
547, 192, 2.117456
547, 193, 2.740152
547, 194, 1.537418
547, 195, -0.281319
547, 196, 3.982965
547, 197, 2.383110
547, 198, 2.282761
547, 199, 1.456709
549, 0, 1.503664
549, 1, 1.547395
549, 2, 2.267299
549, 3, 1.150859
549, 4, -0.339888
549, 5, 1.959456
549, 6, -0.000013
549, 7, 1.283834
549, 8, 3.397256
549, 9, 1.717014
549, 10, 1.799210
549, 11, 2.271102
549, 12, 2.569776
549, 13, 0.000000
549, 14, 2.588272
549, 15, 2.497570
549, 16, 1.129258
549, 17, 3.229702
549, 18, 3.587858
549, 19, 2.593091
549, 20, 4.293593
549, 21, 0.436530
549, 22, 2.161510
549, 23, 1.270559
549, 24, 1.266225
549, 25, 2.046121
549, 26, 1.029884
549, 27, 0.812977
549, 28, 1.968861
549, 29, 1.903074
549, 30, 0.668950
549, 31, 2.614240
549, 32, 0.422124
549, 33, 2.687699
549, 34, 2.391058
549, 35, 2.598503
549, 36, 2.297260
549, 37, 1.592407
549, 38, 0.375477
549, 39, 1.568980
549, 40, 2.691563
549, 41, 1.726351
549, 42, 1.011686
549, 43, 1.442728
549, 44, 0.519650
549, 45, 1.441867
549, 46, 2.267425
549, 47, 1.415481
549, 48, 2.600544
549, 49, -0.160065
549, 50, 2.174345
549, 51, 0.485420
549, 52, 1.514256
549, 53, -0.000015
549, 54, 2.741507
549, 55, 3.166686
549, 56, 2.525469
549, 57, 2.956867
549, 58, 0.829374
549, 59, 1.691667
549, 60, 0.000000
549, 61, 1.402721
549, 62, 2.046885
549, 63, 1.722669
549, 64, 2.057648
549, 65, 3.483774
549, 66, 1.750670
549, 67, 2.511020
549, 68, 1.593087
549, 69, 2.719813
549, 70, 2.955170
549, 71, 2.593874
549, 72, 3.797867
549, 73, 3.224478
549, 74, 1.580833
549, 75, 1.934788
549, 76, 1.049166
549, 77, 1.420346
549, 78, 1.805377
549, 79, 2.797782
549, 80, 2.671582
549, 81, 1.710896
549, 82, -0.120514
549, 83, 1.233708
549, 84, 0.939994
549, 85, 3.020049
549, 86, 3.294158
549, 87, 2.334270
549, 88, 1.398646
549, 89, 0.544654
549, 90, 1.203633
549, 91, 1.359383
549, 92, 0.672629
549, 93, 2.669993
549, 94, 1.669165
549, 95, 0.921361
549, 96, 1.639435
549, 97, 4.306967
549, 98, 2.163452
549, 99, 1.159450
549, 100, 0.792004
549, 101, -0.031273
549, 102, 1.856339
549, 103, 0.000000
549, 104, 3.494988
549, 105, 2.823781
549, 106, 1.431670
549, 107, 1.904684
549, 108, 0.639675
549, 109, -0.016499
549, 110, 1.771988
549, 111, 0.784783
549, 112, 1.185186
549, 113, 3.553455
549, 114, 1.046848
549, 115, 2.084647
549, 116, 1.430291
549, 117, 2.375535
549, 118, 1.551800
549, 119, 1.334032
549, 120, 2.301379
549, 121, 3.654818
549, 122, 2.491351
549, 123, 0.346461
549, 124, 2.149926
549, 125, 4.284323
549, 126, 1.238136
549, 127, 0.838413
549, 128, 0.513854
549, 129, 0.068566
549, 130, 1.536904
549, 131, 1.765902
549, 132, 1.469588
549, 133, 0.158527
549, 134, 1.165754
549, 135, 0.744959
549, 136, -0.000010
549, 137, 1.574251
549, 138, 0.987940
549, 139, 0.937750
549, 140, 3.492780
549, 141, 2.345860
549, 142, 3.150855
549, 143, 1.967141
549, 144, 1.517805
549, 145, 1.108290
549, 146, 1.966183
549, 147, 3.895218
549, 148, 2.480981
549, 149, 3.531141
549, 150, 1.562608
549, 151, 1.923213
549, 152, 2.086525
549, 153, 0.000000
549, 154, 1.593774
549, 155, 2.281430
549, 156, -0.010000
549, 157, 3.007353
549, 158, 1.993107
549, 159, 1.077853
549, 160, 2.932394
549, 161, 2.098013
549, 162, 3.449534
549, 163, 2.514924
549, 164, 3.356869
549, 165, 2.995676
549, 166, 3.627043
549, 167, 1.409328
549, 168, 0.324529
549, 169, 1.775645
549, 170, 1.509260
549, 171, 2.818702
549, 172, 2.618969
549, 173, 2.610808
549, 174, 2.163509
549, 175, 1.418054
549, 176, 3.358156
549, 177, 2.489550
549, 178, 0.529260
549, 179, 3.046123
549, 180, 3.517524
549, 181, 0.934082
549, 182, 3.133410
549, 183, -0.040000
549, 184, 0.631502
549, 185, 1.880346
549, 186, 3.377986
549, 187, 0.000000
549, 188, 2.168628
549, 189, 2.876735
549, 190, 2.387929
549, 191, 0.717938
549, 192, 2.107292
549, 193, 2.742152
549, 194, 1.537417
549, 195, -0.281320
549, 196, 3.977569
549, 197, 2.388352
549, 198, 2.282745
549, 199, 1.456631
551, 0, 1.503664
551, 1, 1.547395
551, 2, 2.233793
551, 3, 1.150856
551, 4, -0.339888
551, 5, 1.960541
551, 6, -0.000013
551, 7, 1.283832
551, 8, 3.408081
551, 9, 1.717014
551, 10, 1.799209
551, 11, 2.271101
551, 12, 2.577329
551, 13, 0.000000
551, 14, 2.588259
551, 15, 2.491934
551, 16, 1.129258
551, 17, 3.224786
551, 18, 3.586950
551, 19, 2.593091
551, 20, 4.290527
551, 21, 0.436530
551, 22, 2.161510
551, 23, 1.270559
551, 24, 1.276066
551, 25, 2.046121
551, 26, 1.025299
551, 27, 0.812977
551, 28, 1.970302
551, 29, 1.901984
551, 30, 0.668950
551, 31, 2.620252
551, 32, 0.422124
551, 33, 2.769335
551, 34, 2.380921
551, 35, 2.598466
551, 36, 2.294348
551, 37, 1.671918
551, 38, 0.375477
551, 39, 1.568980
551, 40, 2.691563
551, 41, 1.726411
551, 42, 1.011686
551, 43, 1.442728
551, 44, 0.519650
551, 45, 1.440877
551, 46, 2.284502
551, 47, 1.415481
551, 48, 2.599481
551, 49, -0.160065
551, 50, 2.174345
551, 51, 0.485420
551, 52, 1.514256
551, 53, -0.000015
551, 54, 2.782902
551, 55, 3.155046
551, 56, 2.527521
551, 57, 2.956906
551, 58, 0.829374
551, 59, 1.691667
551, 60, 0.000000
551, 61, 1.402721
551, 62, 2.046886
551, 63, 1.722669
551, 64, 2.057648
551, 65, 3.475441
551, 66, 1.750670
551, 67, 2.511020
551, 68, 1.593087
551, 69, 2.719820
551, 70, 2.954420
551, 71, 2.582932
551, 72, 3.795937
551, 73, 3.226318
551, 74, 1.580833
551, 75, 1.934788
551, 76, 1.049166
551, 77, 1.420346
551, 78, 1.805377
551, 79, 2.797782
551, 80, 2.671987
551, 81, 1.710896
551, 82, -0.119759
551, 83, 1.233950
551, 84, 0.939994
551, 85, 3.020049
551, 86, 3.295223
551, 87, 2.340393
551, 88, 1.398646
551, 89, 0.544654
551, 90, 1.203630
551, 91, 1.355326
551, 92, 0.672629
551, 93, 2.656176
551, 94, 1.667588
551, 95, 0.937374
551, 96, 1.644715
551, 97, 4.305713
551, 98, 2.163862
551, 99, 1.159450
551, 100, 0.792004
551, 101, -0.031273
551, 102, 1.856339
551, 103, 0.000000
551, 104, 3.484958
551, 105, 2.823326
551, 106, 1.431670
551, 107, 1.909886
551, 108, 0.639675
551, 109, -0.016499
551, 110, 1.771988
551, 111, 0.784319
551, 112, 1.185186
551, 113, 3.553658
551, 114, 1.046848
551, 115, 1.999014
551, 116, 1.430291
551, 117, 2.375535
551, 118, 1.539516
551, 119, 1.334032
551, 120, 2.301379
551, 121, 3.673643
551, 122, 2.491351
551, 123, 0.346461
551, 124, 2.149925
551, 125, 4.289356
551, 126, 1.238530
551, 127, 0.838413
551, 128, 0.513854
551, 129, 0.068566
551, 130, 1.536905
551, 131, 1.765901
551, 132, 1.469587
551, 133, 0.158527
551, 134, 1.165754
551, 135, 0.744959
551, 136, -0.000010
551, 137, 1.574104
551, 138, 0.987940
551, 139, 0.937750
551, 140, 3.496699
551, 141, 2.345862
551, 142, 3.154983
551, 143, 1.960799
551, 144, 1.517805
551, 145, 1.108290
551, 146, 1.966183
551, 147, 3.865688
551, 148, 2.480981
551, 149, 3.530957
551, 150, 1.562608
551, 151, 1.922016
551, 152, 2.086525
551, 153, 0.000000
551, 154, 1.593774
551, 155, 2.281430
551, 156, -0.010000
551, 157, 3.007384
551, 158, 1.993107
551, 159, 1.077853
551, 160, 2.908335
551, 161, 2.098013
551, 162, 3.453342
551, 163, 2.514924
551, 164, 3.356869
551, 165, 2.995480
551, 166, 3.614050
551, 167, 1.409328
551, 168, 0.324529
551, 169, 1.775833
551, 170, 1.509260
551, 171, 2.748762
551, 172, 2.620002
551, 173, 2.610127
551, 174, 2.171864
551, 175, 1.418699
551, 176, 3.356692
551, 177, 2.477656
551, 178, 0.529260
551, 179, 3.039864
551, 180, 3.509035
551, 181, 0.934082
551, 182, 3.133410
551, 183, -0.040000
551, 184, 0.631502
551, 185, 1.880346
551, 186, 3.372293
551, 187, 0.000000
551, 188, 2.167658
551, 189, 2.909512
551, 190, 2.387929
551, 191, 0.717938
551, 192, 2.107060
551, 193, 2.742205
551, 194, 1.537415
551, 195, -0.281317
551, 196, 3.962896
551, 197, 2.385036
551, 198, 2.282727
551, 199, 1.456579
553, 0, 1.503985
553, 1, 1.547395
553, 2, 2.259668
553, 3, 1.192858
553, 4, -0.339888
553, 5, 2.001122
553, 6, -0.000013
553, 7, 1.283834
553, 8, 3.464356
553, 9, 1.717014
553, 10, 1.799210
553, 11, 2.431079
553, 12, 2.719264
553, 13, 0.000000
553, 14, 2.588248
553, 15, 2.458164
553, 16, 1.168128
553, 17, 3.209189
553, 18, 3.586311
553, 19, 2.602858
553, 20, 4.250685
553, 21, 0.436530
553, 22, 2.178479
553, 23, 1.270559
553, 24, 1.281660
553, 25, 2.046121
553, 26, 1.023153
553, 27, 0.842982
553, 28, 1.975221
553, 29, 1.902749
553, 30, 0.668950
553, 31, 2.617939
553, 32, 0.422124
553, 33, 2.947743
553, 34, 2.362514
553, 35, 2.598431
553, 36, 2.293448
553, 37, 1.725508
553, 38, 0.375477
553, 39, 1.568980
553, 40, 2.697391
553, 41, 1.726477
553, 42, 1.011686
553, 43, 1.442728
553, 44, 0.519650
553, 45, 1.441571
553, 46, 2.468389
553, 47, 1.415481
553, 48, 2.604265
553, 49, -0.160065
553, 50, 2.259216
553, 51, 0.485420
553, 52, 1.514256
553, 53, -0.000015
553, 54, 2.870944
553, 55, 3.169388
553, 56, 2.532385
553, 57, 2.956946
553, 58, 0.829374
553, 59, 1.691667
553, 60, 0.000000
553, 61, 1.405779
553, 62, 2.046886
553, 63, 1.722669
553, 64, 2.057648
553, 65, 3.483150
553, 66, 1.810680
553, 67, 2.511020
553, 68, 1.593087
553, 69, 2.756688
553, 70, 2.953447
553, 71, 2.585789
553, 72, 3.943638
553, 73, 3.406664
553, 74, 1.580833
553, 75, 1.934788
553, 76, 1.050804
553, 77, 1.420346
553, 78, 1.805377
553, 79, 2.797783
553, 80, 2.851197
553, 81, 1.710896
553, 82, -0.120169
553, 83, 1.234353
553, 84, 0.939994
553, 85, 3.020049
553, 86, 3.294547
553, 87, 2.334270
553, 88, 1.398646
553, 89, 0.544654
553, 90, 1.203630
553, 91, 1.357060
553, 92, 0.672629
553, 93, 2.669981
553, 94, 1.673386
553, 95, 0.928525
553, 96, 1.783339
553, 97, 4.345781
553, 98, 2.204745
553, 99, 1.159450
553, 100, 0.792004
553, 101, -0.031273
553, 102, 1.856339
553, 103, 0.000000
553, 104, 3.487195
553, 105, 2.823575
553, 106, 1.435948
553, 107, 1.927210
553, 108, 0.639675
553, 109, -0.016499
553, 110, 1.783521
553, 111, 0.783427
553, 112, 1.185186
553, 113, 3.552156
553, 114, 1.051441
553, 115, 2.084649
553, 116, 1.461993
553, 117, 2.375535
553, 118, 1.569648
553, 119, 1.334032
553, 120, 2.301379
553, 121, 3.653661
553, 122, 2.595231
553, 123, 0.346461
553, 124, 2.149925
553, 125, 4.283444
553, 126, 1.238937
553, 127, 0.838413
553, 128, 0.513854
553, 129, 0.068566
553, 130, 1.626919
553, 131, 1.873874
553, 132, 1.469587
553, 133, 0.158527
553, 134, 1.165754
553, 135, 0.774964
553, 136, -0.000010
553, 137, 1.573970
553, 138, 0.992005
553, 139, 0.937750
553, 140, 3.622822
553, 141, 2.516010
553, 142, 3.154728
553, 143, 1.971668
553, 144, 1.517805
553, 145, 1.162297
553, 146, 1.966183
553, 147, 3.908840
553, 148, 2.480981
553, 149, 3.531310
553, 150, 1.562608
553, 151, 1.931501
553, 152, 2.086526
553, 153, 0.000000
553, 154, 1.593774
553, 155, 2.281430
553, 156, -0.010000
553, 157, 3.010911
553, 158, 1.993107
553, 159, 1.077853
553, 160, 2.863394
553, 161, 2.098013
553, 162, 3.457490
553, 163, 2.511799
553, 164, 3.356868
553, 165, 2.996159
553, 166, 3.627841
553, 167, 1.409328
553, 168, 0.324529
553, 169, 1.775980
553, 170, 1.509260
553, 171, 2.796215
553, 172, 2.622087
553, 173, 2.610807
553, 174, 2.109165
553, 175, 1.420290
553, 176, 3.363809
553, 177, 2.499937
553, 178, 0.529260
553, 179, 3.045622
553, 180, 3.510056
553, 181, 0.934082
553, 182, 3.133410
553, 183, -0.040000
553, 184, 0.631502
553, 185, 1.880346
553, 186, 3.361142
553, 187, 0.000000
553, 188, 2.154764
553, 189, 2.910752
553, 190, 2.387929
553, 191, 0.717938
553, 192, 2.119353
553, 193, 2.737547
553, 194, 1.537415
553, 195, -0.281318
553, 196, 3.981055
553, 197, 2.391035
553, 198, 2.282710
553, 199, 1.456548
555, 0, 1.503664
555, 1, 1.547395
555, 2, 2.257649
555, 3, 1.150858
555, 4, -0.339888
555, 5, 1.959874
555, 6, -0.000013
555, 7, 1.283834
555, 8, 3.388663
555, 9, 1.717014
555, 10, 1.799210
555, 11, 2.271102
555, 12, 2.563633
555, 13, 0.000000
555, 14, 2.588234
555, 15, 2.492495
555, 16, 1.129258
555, 17, 3.229415
555, 18, 3.588121
555, 19, 2.593091
555, 20, 4.294235
555, 21, 0.436530
555, 22, 2.161510
555, 23, 1.270559
555, 24, 1.275437
555, 25, 2.046121
555, 26, 1.007388
555, 27, 0.812977
555, 28, 1.977273
555, 29, 1.902743
555, 30, 0.668950
555, 31, 2.606685
555, 32, 0.422124
555, 33, 2.712982
555, 34, 2.380240
555, 35, 2.598395
555, 36, 2.291342
555, 37, 1.736142
555, 38, 0.375477
555, 39, 1.568980
555, 40, 2.691563
555, 41, 1.726539
555, 42, 1.011686
555, 43, 1.442728
555, 44, 0.519650
555, 45, 1.440471
555, 46, 2.260845
555, 47, 1.415481
555, 48, 2.600223
555, 49, -0.160065
555, 50, 2.174345
555, 51, 0.485420
555, 52, 1.514256
555, 53, -0.000015
555, 54, 2.744351
555, 55, 3.170067
555, 56, 2.529167
555, 57, 2.956984
555, 58, 0.829374
555, 59, 1.691667
555, 60, 0.000000
555, 61, 1.402721
555, 62, 2.046885
555, 63, 1.722669
555, 64, 2.057648
555, 65, 3.482241
555, 66, 1.750670
555, 67, 2.511020
555, 68, 1.593087
555, 69, 2.719825
555, 70, 2.954730
555, 71, 2.583006
555, 72, 3.799246
555, 73, 3.223006
555, 74, 1.580833
555, 75, 1.934788
555, 76, 1.049166
555, 77, 1.420346
555, 78, 1.805377
555, 79, 2.797782
555, 80, 2.671777
555, 81, 1.710896
555, 82, -0.119340
555, 83, 1.234643
555, 84, 0.939994
555, 85, 3.020049
555, 86, 3.289317
555, 87, 2.334270
555, 88, 1.398646
555, 89, 0.544654
555, 90, 1.203630
555, 91, 1.359793
555, 92, 0.672629
555, 93, 2.669711
555, 94, 1.671955
555, 95, 0.918143
555, 96, 1.651506
555, 97, 4.307133
555, 98, 2.144955
555, 99, 1.159450
555, 100, 0.792004
555, 101, -0.031273
555, 102, 1.856339
555, 103, 0.000000
555, 104, 3.487232
555, 105, 2.823944
555, 106, 1.431670
555, 107, 1.924032
555, 108, 0.639675
555, 109, -0.016499
555, 110, 1.771988
555, 111, 0.782986
555, 112, 1.185186
555, 113, 3.554057
555, 114, 1.046848
555, 115, 1.999027
555, 116, 1.430291
555, 117, 2.375535
555, 118, 1.557142
555, 119, 1.334032
555, 120, 2.301379
555, 121, 3.674454
555, 122, 2.491351
555, 123, 0.346461
555, 124, 2.149925
555, 125, 4.288981
555, 126, 1.239326
555, 127, 0.838413
555, 128, 0.513854
555, 129, 0.068566
555, 130, 1.536904
555, 131, 1.765901
555, 132, 1.469587
555, 133, 0.158527
555, 134, 1.165754
555, 135, 0.744959
555, 136, -0.000010
555, 137, 1.573832
555, 138, 0.987940
555, 139, 0.937750
555, 140, 3.507321
555, 141, 2.345864
555, 142, 3.156848
555, 143, 1.971376
555, 144, 1.517805
555, 145, 1.108290
555, 146, 1.966183
555, 147, 3.906208
555, 148, 2.480981
555, 149, 3.530738
555, 150, 1.562608
555, 151, 1.936487
555, 152, 2.086525
555, 153, 0.000000
555, 154, 1.593774
555, 155, 2.281431
555, 156, -0.010000
555, 157, 3.007404
555, 158, 1.993107
555, 159, 1.077853
555, 160, 2.924150
555, 161, 2.098013
555, 162, 3.447207
555, 163, 2.511799
555, 164, 3.356869
555, 165, 2.996157
555, 166, 3.626274
555, 167, 1.409328
555, 168, 0.324529
555, 169, 1.776057
555, 170, 1.509260
555, 171, 2.818676
555, 172, 2.644477
555, 173, 2.610129
555, 174, 2.099730
555, 175, 1.422260
555, 176, 3.358637
555, 177, 2.503058
555, 178, 0.529260
555, 179, 3.049306
555, 180, 3.517591
555, 181, 0.934082
555, 182, 3.133410
555, 183, -0.040000
555, 184, 0.631502
555, 185, 1.880346
555, 186, 3.369538
555, 187, 0.000000
555, 188, 2.178878
555, 189, 2.876285
555, 190, 2.387929
555, 191, 0.717938
555, 192, 2.087687
555, 193, 2.741340
555, 194, 1.537416
555, 195, -0.281319
555, 196, 3.982553
555, 197, 2.383497
555, 198, 2.282693
555, 199, 1.456528
557, 0, 1.503664
557, 1, 1.547396
557, 2, 2.260271
557, 3, 1.150859
557, 4, -0.339888
557, 5, 1.959759
557, 6, -0.000013
557, 7, 1.283834
557, 8, 3.403064
557, 9, 1.717014
557, 10, 1.799210
557, 11, 2.271102
557, 12, 2.573727
557, 13, 0.000000
557, 14, 2.588219
557, 15, 2.543914
557, 16, 1.129258
557, 17, 3.224215
557, 18, 3.583003
557, 19, 2.593091
557, 20, 4.288345
557, 21, 0.436530
557, 22, 2.161510
557, 23, 1.270559
557, 24, 1.273501
557, 25, 2.046121
557, 26, 1.007388
557, 27, 0.812977
557, 28, 1.978260
557, 29, 1.902075
557, 30, 0.668950
557, 31, 2.615048
557, 32, 0.422124
557, 33, 2.742872
557, 34, 2.382408
557, 35, 2.598357
557, 36, 2.291505
557, 37, 1.768193
557, 38, 0.375477
557, 39, 1.568980
557, 40, 2.691563
557, 41, 1.726610
557, 42, 1.011686
557, 43, 1.442728
557, 44, 0.519650
557, 45, 1.440701
557, 46, 2.265709
557, 47, 1.415481
557, 48, 2.602675
557, 49, -0.160065
557, 50, 2.174345
557, 51, 0.485420
557, 52, 1.514256
557, 53, -0.000015
557, 54, 2.708812
557, 55, 3.169172
557, 56, 2.533645
557, 57, 2.957020
557, 58, 0.829374
557, 59, 1.691667
557, 60, 0.000000
557, 61, 1.402721
557, 62, 2.046885
557, 63, 1.722669
557, 64, 2.057648
557, 65, 3.476185
557, 66, 1.750670
557, 67, 2.511020
557, 68, 1.593087
557, 69, 2.719825
557, 70, 2.954265
557, 71, 2.585849
557, 72, 3.799411
557, 73, 3.227090
557, 74, 1.580833
557, 75, 1.934788
557, 76, 1.049166
557, 77, 1.420346
557, 78, 1.805377
557, 79, 2.797782
557, 80, 2.671575
557, 81, 1.710896
557, 82, -0.119930
557, 83, 1.234841
557, 84, 0.939994
557, 85, 3.020050
557, 86, 3.295936
557, 87, 2.334270
557, 88, 1.398646
557, 89, 0.544654
557, 90, 1.203630
557, 91, 1.355052
557, 92, 0.672629
557, 93, 2.652615
557, 94, 1.663575
557, 95, 0.938090
557, 96, 1.649369
557, 97, 4.303833
557, 98, 2.142902
557, 99, 1.159450
557, 100, 0.792004
557, 101, -0.031273
557, 102, 1.856339
557, 103, 0.000000
557, 104, 3.478514
557, 105, 2.823407
557, 106, 1.431670
557, 107, 1.940116
557, 108, 0.639675
557, 109, -0.016499
557, 110, 1.771988
557, 111, 0.782652
557, 112, 1.185186
557, 113, 3.555081
557, 114, 1.046848
557, 115, 2.084655
557, 116, 1.430291
557, 117, 2.375535
557, 118, 1.562274
557, 119, 1.334032
557, 120, 2.301379
557, 121, 3.653170
557, 122, 2.491351
557, 123, 0.346461
557, 124, 2.149925
557, 125, 4.282829
557, 126, 1.239680
557, 127, 0.838413
557, 128, 0.513854
557, 129, 0.068566
557, 130, 1.536904
557, 131, 1.765901
557, 132, 1.469588
557, 133, 0.158527
557, 134, 1.165754
557, 135, 0.744959
557, 136, -0.000010
557, 137, 1.573684
557, 138, 0.987940
557, 139, 0.937750
557, 140, 3.497855
557, 141, 2.345865
557, 142, 3.159556
557, 143, 1.974067
557, 144, 1.517805
557, 145, 1.108290
557, 146, 1.966183
557, 147, 3.905527
557, 148, 2.480981
557, 149, 3.531208
557, 150, 1.562608
557, 151, 1.928883
557, 152, 2.086525
557, 153, 0.000000
557, 154, 1.593774
557, 155, 2.281431
557, 156, -0.010000
557, 157, 3.011043
557, 158, 1.993107
557, 159, 1.077853
557, 160, 2.899859
557, 161, 2.098013
557, 162, 3.451762
557, 163, 2.510499
557, 164, 3.356869
557, 165, 2.995922
557, 166, 3.628917
557, 167, 1.409328
557, 168, 0.324529
557, 169, 1.776144
557, 170, 1.509260
557, 171, 2.804089
557, 172, 2.621956
557, 173, 2.610807
557, 174, 2.116473
557, 175, 1.423980
557, 176, 3.361472
557, 177, 2.501019
557, 178, 0.529260
557, 179, 3.049027
557, 180, 3.513038
557, 181, 0.934082
557, 182, 3.133410
557, 183, -0.040000
557, 184, 0.631502
557, 185, 1.880346
557, 186, 3.362730
557, 187, 0.000000
557, 188, 2.178453
557, 189, 2.854970
557, 190, 2.387929
557, 191, 0.717938
557, 192, 2.132934
557, 193, 2.743278
557, 194, 1.537416
557, 195, -0.281319
557, 196, 3.982920
557, 197, 2.384144
557, 198, 2.282677
557, 199, 1.456515
559, 0, 1.503664
559, 1, 1.547395
559, 2, 2.302218
559, 3, 1.150859
559, 4, -0.339888
559, 5, 1.958872
559, 6, -0.000013
559, 7, 1.283834
559, 8, 3.407954
559, 9, 1.717014
559, 10, 1.799210
559, 11, 2.271102
559, 12, 2.576958
559, 13, 0.000000
559, 14, 2.588206
559, 15, 2.493326
559, 16, 1.129258
559, 17, 3.231337
559, 18, 3.587072
559, 19, 2.604112
559, 20, 4.289684
559, 21, 0.436530
559, 22, 2.161510
559, 23, 1.270559
559, 24, 1.251927
559, 25, 2.046121
559, 26, 1.007388
559, 27, 0.812977
559, 28, 1.980185
559, 29, 1.904430
559, 30, 0.668950
559, 31, 2.617342
559, 32, 0.422124
559, 33, 2.775309
559, 34, 2.360450
559, 35, 2.598322
559, 36, 2.293189
559, 37, 1.630679
559, 38, 0.375477
559, 39, 1.568980
559, 40, 2.691563
559, 41, 1.726664
559, 42, 1.011686
559, 43, 1.442728
559, 44, 0.519650
559, 45, 1.439906
559, 46, 2.249488
559, 47, 1.415481
559, 48, 2.599359
559, 49, -0.160065
559, 50, 2.174345
559, 51, 0.485420
559, 52, 1.514256
559, 53, -0.000015
559, 54, 2.734402
559, 55, 3.170370
559, 56, 2.529848
559, 57, 2.957057
559, 58, 0.829374
559, 59, 1.691667
559, 60, 0.000000
559, 61, 1.402721
559, 62, 2.046885
559, 63, 1.722669
559, 64, 2.057648
559, 65, 3.471128
559, 66, 1.750670
559, 67, 2.511020
559, 68, 1.593087
559, 69, 2.719825
559, 70, 2.953211
559, 71, 2.583023
559, 72, 3.799401
559, 73, 3.228039
559, 74, 1.580833
559, 75, 1.934788
559, 76, 1.049166
559, 77, 1.420346
559, 78, 1.805377
559, 79, 2.797782
559, 80, 2.671719
559, 81, 1.710896
559, 82, -0.119312
559, 83, 1.234982
559, 84, 0.939994
559, 85, 3.020049
559, 86, 3.277999
559, 87, 2.334270
559, 88, 1.398646
559, 89, 0.544654
559, 90, 1.203632
559, 91, 1.370366
559, 92, 0.672629
559, 93, 2.667501
559, 94, 1.669077
559, 95, 0.932989
559, 96, 1.645672
559, 97, 4.306719
559, 98, 2.155437
559, 99, 1.159450
559, 100, 0.792004
559, 101, -0.031273
559, 102, 1.856339
559, 103, 0.000000
559, 104, 3.481584
559, 105, 2.825289
559, 106, 1.431670
559, 107, 1.939022
559, 108, 0.639675
559, 109, -0.016499
559, 110, 1.771988
559, 111, 0.781886
559, 112, 1.185186
559, 113, 3.554679
559, 114, 1.046848
559, 115, 1.999017
559, 116, 1.430291
559, 117, 2.375535
559, 118, 1.548530
559, 119, 1.334032
559, 120, 2.301379
559, 121, 3.673427
559, 122, 2.491351
559, 123, 0.346461
559, 124, 2.149926
559, 125, 4.285141
559, 126, 1.240057
559, 127, 0.838413
559, 128, 0.513854
559, 129, 0.068566
559, 130, 1.536904
559, 131, 1.765901
559, 132, 1.469588
559, 133, 0.158527
559, 134, 1.165754
559, 135, 0.744959
559, 136, -0.000010
559, 137, 1.573555
559, 138, 0.987940
559, 139, 0.937750
559, 140, 3.497105
559, 141, 2.345866
559, 142, 3.144209
559, 143, 1.967004
559, 144, 1.517805
559, 145, 1.108290
559, 146, 1.966183
559, 147, 3.901644
559, 148, 2.480981
559, 149, 3.531209
559, 150, 1.562608
559, 151, 1.935320
559, 152, 2.086525
559, 153, 0.000000
559, 154, 1.593774
559, 155, 2.281430
559, 156, -0.010000
559, 157, 3.007388
559, 158, 1.993107
559, 159, 1.077853
559, 160, 2.935438
559, 161, 2.098013
559, 162, 3.454969
559, 163, 2.510499
559, 164, 3.356869
559, 165, 2.996748
559, 166, 3.633276
559, 167, 1.409328
559, 168, 0.324529
559, 169, 1.776268
559, 170, 1.509260
559, 171, 2.815666
559, 172, 2.638399
559, 173, 2.610127
559, 174, 2.136806
559, 175, 1.425351
559, 176, 3.361472
559, 177, 2.487396
559, 178, 0.529260
559, 179, 3.052137
559, 180, 3.514369
559, 181, 0.934082
559, 182, 3.133410
559, 183, -0.040000
559, 184, 0.631502
559, 185, 1.880346
559, 186, 3.357157
559, 187, 0.000000
559, 188, 2.169560
559, 189, 2.836852
559, 190, 2.387929
559, 191, 0.717938
559, 192, 2.107650
559, 193, 2.741130
559, 194, 1.537416
559, 195, -0.281320
559, 196, 3.981532
559, 197, 2.384144
559, 198, 2.282660
559, 199, 1.456506
561, 0, 1.503664
561, 1, 1.547395
561, 2, 2.290877
561, 3, 1.150856
561, 4, -0.339888
561, 5, 1.957799
561, 6, -0.000013
561, 7, 1.283831
561, 8, 3.387750
561, 9, 1.717014
561, 10, 1.799209
561, 11, 2.271102
561, 12, 2.576924
561, 13, 0.000000
561, 14, 2.588197
561, 15, 2.521044
561, 16, 1.129258
561, 17, 3.228308
561, 18, 3.588349
561, 19, 2.603829
561, 20, 4.288213
561, 21, 0.436530
561, 22, 2.161510
561, 23, 1.270559
561, 24, 1.236471
561, 25, 2.046121
561, 26, 1.007388
561, 27, 0.812977
561, 28, 1.981382
561, 29, 1.906227
561, 30, 0.668950
561, 31, 2.616457
561, 32, 0.422124
561, 33, 2.734854
561, 34, 2.368079
561, 35, 2.598291
561, 36, 2.295191
561, 37, 1.513555
561, 38, 0.375477
561, 39, 1.568980
561, 40, 2.691563
561, 41, 1.726727
561, 42, 1.011686
561, 43, 1.442728
561, 44, 0.519650
561, 45, 1.441549
561, 46, 2.235497
561, 47, 1.415481
561, 48, 2.597371
561, 49, -0.160065
561, 50, 2.174345
561, 51, 0.485420
561, 52, 1.514256
561, 53, -0.000015
561, 54, 2.747354
561, 55, 3.154817
561, 56, 2.522206
561, 57, 2.957097
561, 58, 0.829374
561, 59, 1.691667
561, 60, 0.000000
561, 61, 1.402721
561, 62, 2.046886
561, 63, 1.722669
561, 64, 2.057648
561, 65, 3.469972
561, 66, 1.750670
561, 67, 2.511020
561, 68, 1.593087
561, 69, 2.719825
561, 70, 2.954605
561, 71, 2.583026
561, 72, 3.799146
561, 73, 3.227752
561, 74, 1.580833
561, 75, 1.934788
561, 76, 1.049166
561, 77, 1.420346
561, 78, 1.805377
561, 79, 2.797782
561, 80, 2.671277
561, 81, 1.710896
561, 82, -0.120382
561, 83, 1.235081
561, 84, 0.939994
561, 85, 3.020050
561, 86, 3.247852
561, 87, 2.334270
561, 88, 1.398646
561, 89, 0.544654
561, 90, 1.203631
561, 91, 1.401040
561, 92, 0.672629
561, 93, 2.680275
561, 94, 1.668162
561, 95, 0.914497
561, 96, 1.648662
561, 97, 4.306651
561, 98, 2.127532
561, 99, 1.159450
561, 100, 0.792004
561, 101, -0.031273
561, 102, 1.856339
561, 103, 0.000000
561, 104, 3.480890
561, 105, 2.828897
561, 106, 1.431670
561, 107, 1.908584
561, 108, 0.639675
561, 109, -0.016499
561, 110, 1.771988
561, 111, 0.781475
561, 112, 1.185186
561, 113, 3.546800
561, 114, 1.046848
561, 115, 2.084647
561, 116, 1.430291
561, 117, 2.375535
561, 118, 1.577819
561, 119, 1.334032
561, 120, 2.301379
561, 121, 3.608457
561, 122, 2.491351
561, 123, 0.346461
561, 124, 2.149925
561, 125, 4.247627
561, 126, 1.240432
561, 127, 0.838413
561, 128, 0.513854
561, 129, 0.068566
561, 130, 1.536904
561, 131, 1.765901
561, 132, 1.469587
561, 133, 0.158527
561, 134, 1.165754
561, 135, 0.744959
561, 136, -0.000010
561, 137, 1.573428
561, 138, 0.987940
561, 139, 0.937750
561, 140, 3.501036
561, 141, 2.345866
561, 142, 3.144007
561, 143, 1.979263
561, 144, 1.517805
561, 145, 1.108290
561, 146, 1.966183
561, 147, 3.899916
561, 148, 2.480981
561, 149, 3.530874
561, 150, 1.562608
561, 151, 1.931241
561, 152, 2.086525
561, 153, 0.000000
561, 154, 1.593774
561, 155, 2.281430
561, 156, -0.010000
561, 157, 3.020272
561, 158, 1.993107
561, 159, 1.077853
561, 160, 2.954454
561, 161, 2.096771
561, 162, 3.456999
561, 163, 2.510499
561, 164, 3.356869
561, 165, 2.998384
561, 166, 3.631435
561, 167, 1.409328
561, 168, 0.324529
561, 169, 1.776166
561, 170, 1.509260
561, 171, 2.774778
561, 172, 2.620625
561, 173, 2.610808
561, 174, 2.156769
561, 175, 1.426392
561, 176, 3.361472
561, 177, 2.488124
561, 178, 0.529260
561, 179, 3.052766
561, 180, 3.497907
561, 181, 0.934082
561, 182, 3.133410
561, 183, -0.040000
561, 184, 0.631502
561, 185, 1.880345
561, 186, 3.370160
561, 187, 0.000000
561, 188, 2.159770
561, 189, 2.876472
561, 190, 2.387929
561, 191, 0.717938
561, 192, 2.112282
561, 193, 2.742591
561, 194, 1.537415
561, 195, -0.281317
561, 196, 3.979684
561, 197, 2.384144
561, 198, 2.282645
561, 199, 1.456501
563, 0, 1.503664
563, 1, 1.547395
563, 2, 2.253830
563, 3, 1.150858
563, 4, -0.339888
563, 5, 1.950534
563, 6, -0.000013
563, 7, 1.283832
563, 8, 3.370684
563, 9, 1.717014
563, 10, 1.799210
563, 11, 2.271102
563, 12, 2.568336
563, 13, 0.000000
563, 14, 2.588187
563, 15, 2.543726
563, 16, 1.129258
563, 17, 3.228240
563, 18, 3.584464
563, 19, 2.603829
563, 20, 4.285872
563, 21, 0.436530
563, 22, 2.161510
563, 23, 1.270559
563, 24, 1.247409
563, 25, 2.046121
563, 26, 1.007388
563, 27, 0.812977
563, 28, 1.981524
563, 29, 1.910414
563, 30, 0.668950
563, 31, 2.608247
563, 32, 0.422124
563, 33, 2.753764
563, 34, 2.394454
563, 35, 2.598258
563, 36, 2.297643
563, 37, 1.613893
563, 38, 0.375477
563, 39, 1.568980
563, 40, 2.691563
563, 41, 1.726793
563, 42, 1.011686
563, 43, 1.442728
563, 44, 0.519650
563, 45, 1.445405
563, 46, 2.245863
563, 47, 1.415481
563, 48, 2.598418
563, 49, -0.160065
563, 50, 2.174345
563, 51, 0.485420
563, 52, 1.514256
563, 53, -0.000015
563, 54, 2.717017
563, 55, 3.171492
563, 56, 2.531480
563, 57, 2.957136
563, 58, 0.829374
563, 59, 1.691667
563, 60, 0.000000
563, 61, 1.402721
563, 62, 2.046886
563, 63, 1.722669
563, 64, 2.057648
563, 65, 3.449462
563, 66, 1.750670
563, 67, 2.511020
563, 68, 1.571999
563, 69, 2.719825
563, 70, 2.954995
563, 71, 2.583961
563, 72, 3.797895
563, 73, 3.225377
563, 74, 1.580833
563, 75, 1.934788
563, 76, 1.049166
563, 77, 1.420346
563, 78, 1.805377
563, 79, 2.797783
563, 80, 2.669153
563, 81, 1.710896
563, 82, -0.123011
563, 83, 1.235152
563, 84, 0.939994
563, 85, 3.020049
563, 86, 3.259742
563, 87, 2.334270
563, 88, 1.398646
563, 89, 0.544654
563, 90, 1.203633
563, 91, 1.397968
563, 92, 0.672629
563, 93, 2.635018
563, 94, 1.666332
563, 95, 0.926387
563, 96, 1.628486
563, 97, 4.303607
563, 98, 2.130817
563, 99, 1.159450
563, 100, 0.792004
563, 101, -0.031273
563, 102, 1.856339
563, 103, 0.000000
563, 104, 3.483604
563, 105, 2.828605
563, 106, 1.431670
563, 107, 1.905934
563, 108, 0.639675
563, 109, -0.016499
563, 110, 1.771988
563, 111, 0.780942
563, 112, 1.185186
563, 113, 3.537017
563, 114, 1.046848
563, 115, 1.999029
563, 116, 1.430291
563, 117, 2.375536
563, 118, 1.591906
563, 119, 1.334032
563, 120, 2.301379
563, 121, 3.686936
563, 122, 2.491351
563, 123, 0.346461
563, 124, 2.149925
563, 125, 4.285631
563, 126, 1.240787
563, 127, 0.838413
563, 128, 0.513854
563, 129, 0.068566
563, 130, 1.536904
563, 131, 1.765901
563, 132, 1.469587
563, 133, 0.158527
563, 134, 1.165754
563, 135, 0.744959
563, 136, -0.000010
563, 137, 1.573298
563, 138, 0.987940
563, 139, 0.937750
563, 140, 3.506238
563, 141, 2.345867
563, 142, 3.149259
563, 143, 1.986618
563, 144, 1.517805
563, 145, 1.108290
563, 146, 1.966183
563, 147, 3.906376
563, 148, 2.480981
563, 149, 3.531256
563, 150, 1.562608
563, 151, 1.928695
563, 152, 2.086526
563, 153, 0.000000
563, 154, 1.593774
563, 155, 2.281430
563, 156, -0.010000
563, 157, 3.022239
563, 158, 1.993107
563, 159, 1.077853
563, 160, 2.924834
563, 161, 2.096771
563, 162, 3.457210
563, 163, 2.510499
563, 164, 3.356868
563, 165, 2.999628
563, 166, 3.631138
563, 167, 1.409328
563, 168, 0.324529
563, 169, 1.775885
563, 170, 1.509260
563, 171, 2.817079
563, 172, 2.630497
563, 173, 2.610129
563, 174, 2.167647
563, 175, 1.427215
563, 176, 3.362766
563, 177, 2.479449
563, 178, 0.529260
563, 179, 3.046463
563, 180, 3.474690
563, 181, 0.934082
563, 182, 3.133410
563, 183, -0.040000
563, 184, 0.631502
563, 185, 1.880346
563, 186, 3.361882
563, 187, 0.000000
563, 188, 2.150728
563, 189, 2.885202
563, 190, 2.387929
563, 191, 0.717938
563, 192, 2.111466
563, 193, 2.744025
563, 194, 1.537415
563, 195, -0.281318
563, 196, 3.982573
563, 197, 2.384144
563, 198, 2.282631
563, 199, 1.456497
565, 0, 1.503664
565, 1, 1.547395
565, 2, 2.205076
565, 3, 1.150858
565, 4, -0.339888
565, 5, 1.947835
565, 6, -0.000013
565, 7, 1.283833
565, 8, 3.346384
565, 9, 1.717014
565, 10, 1.799210
565, 11, 2.271102
565, 12, 2.558545
565, 13, 0.000000
565, 14, 2.588172
565, 15, 2.563432
565, 16, 1.129258
565, 17, 3.205280
565, 18, 3.587545
565, 19, 2.593091
565, 20, 4.267272
565, 21, 0.436530
565, 22, 2.161510
565, 23, 1.270559
565, 24, 1.274656
565, 25, 2.046121
565, 26, 1.011809
565, 27, 0.812977
565, 28, 1.981877
565, 29, 1.910223
565, 30, 0.668950
565, 31, 2.599006
565, 32, 0.422124
565, 33, 2.764169
565, 34, 2.401683
565, 35, 2.598222
565, 36, 2.301891
565, 37, 1.614532
565, 38, 0.375477
565, 39, 1.568980
565, 40, 2.691563
565, 41, 1.726847
565, 42, 1.011686
565, 43, 1.442728
565, 44, 0.519650
565, 45, 1.445407
565, 46, 2.229280
565, 47, 1.415481
565, 48, 2.599075
565, 49, -0.160065
565, 50, 2.174345
565, 51, 0.485420
565, 52, 1.514256
565, 53, -0.000015
565, 54, 2.738463
565, 55, 3.168143
565, 56, 2.526352
565, 57, 2.957170
565, 58, 0.829374
565, 59, 1.691667
565, 60, 0.000000
565, 61, 1.402721
565, 62, 2.046885
565, 63, 1.722669
565, 64, 2.057648
565, 65, 3.455968
565, 66, 1.750670
565, 67, 2.511020
565, 68, 1.571999
565, 69, 2.719825
565, 70, 2.954135
565, 71, 2.583027
565, 72, 3.797546
565, 73, 3.222293
565, 74, 1.580833
565, 75, 1.934788
565, 76, 1.049166
565, 77, 1.420346
565, 78, 1.805377
565, 79, 2.797782
565, 80, 2.668956
565, 81, 1.710896
565, 82, -0.122927
565, 83, 1.235200
565, 84, 0.939994
565, 85, 3.020050
565, 86, 3.255790
565, 87, 2.334270
565, 88, 1.398646
565, 89, 0.544654
565, 90, 1.203634
565, 91, 1.401368
565, 92, 0.672629
565, 93, 2.652286
565, 94, 1.669463
565, 95, 0.940835
565, 96, 1.615653
565, 97, 4.294565
565, 98, 2.131974
565, 99, 1.159450
565, 100, 0.792004
565, 101, -0.031273
565, 102, 1.856339
565, 103, 0.000000
565, 104, 3.483611
565, 105, 2.829046
565, 106, 1.431670
565, 107, 1.896581
565, 108, 0.639675
565, 109, -0.016499
565, 110, 1.771988
565, 111, 0.781067
565, 112, 1.185186
565, 113, 3.552423
565, 114, 1.046848
565, 115, 2.084655
565, 116, 1.430291
565, 117, 2.375535
565, 118, 1.574116
565, 119, 1.334032
565, 120, 2.301379
565, 121, 3.683754
565, 122, 2.491351
565, 123, 0.346461
565, 124, 2.149925
565, 125, 4.285564
565, 126, 1.241138
565, 127, 0.838413
565, 128, 0.513854
565, 129, 0.068566
565, 130, 1.536904
565, 131, 1.765902
565, 132, 1.469587
565, 133, 0.158527
565, 134, 1.165754
565, 135, 0.744959
565, 136, -0.000010
565, 137, 1.573178
565, 138, 0.987940
565, 139, 0.937750
565, 140, 3.508599
565, 141, 2.345868
565, 142, 3.148248
565, 143, 1.967407
565, 144, 1.517805
565, 145, 1.108290
565, 146, 1.966183
565, 147, 3.911051
565, 148, 2.480981
565, 149, 3.529887
565, 150, 1.562608
565, 151, 1.925831
565, 152, 2.086525
565, 153, 0.000000
565, 154, 1.593774
565, 155, 2.281431
565, 156, -0.010000
565, 157, 3.022413
565, 158, 1.993107
565, 159, 1.077853
565, 160, 2.870532
565, 161, 2.096771
565, 162, 3.449526
565, 163, 2.510499
565, 164, 3.356869
565, 165, 2.999583
565, 166, 3.619283
565, 167, 1.409328
565, 168, 0.324529
565, 169, 1.775521
565, 170, 1.509260
565, 171, 2.793010
565, 172, 2.653798
565, 173, 2.610805
565, 174, 2.188490
565, 175, 1.427707
565, 176, 3.362766
565, 177, 2.483708
565, 178, 0.529260
565, 179, 3.045412
565, 180, 3.518352
565, 181, 0.934082
565, 182, 3.133410
565, 183, -0.040000
565, 184, 0.631502
565, 185, 1.880346
565, 186, 3.391114
565, 187, 0.000000
565, 188, 2.170385
565, 189, 2.910944
565, 190, 2.387929
565, 191, 0.717938
565, 192, 2.064798
565, 193, 2.738170
565, 194, 1.537416
565, 195, -0.281319
565, 196, 3.982492
565, 197, 2.384144
565, 198, 2.282615
565, 199, 1.456496
567, 0, 1.503664
567, 1, 1.547395
567, 2, 2.253684
567, 3, 1.150859
567, 4, -0.339888
567, 5, 1.947446
567, 6, -0.000013
567, 7, 1.283834
567, 8, 3.343375
567, 9, 1.717014
567, 10, 1.799210
567, 11, 2.271102
567, 12, 2.549097
567, 13, 0.000000
567, 14, 2.588163
567, 15, 2.570116
567, 16, 1.129258
567, 17, 3.231356
567, 18, 3.588487
567, 19, 2.593091
567, 20, 4.296535
567, 21, 0.436530
567, 22, 2.161510
567, 23, 1.270559
567, 24, 1.278054
567, 25, 2.046121
567, 26, 1.011809
567, 27, 0.812977
567, 28, 1.982442
567, 29, 1.909107
567, 30, 0.668950
567, 31, 2.590106
567, 32, 0.422124
567, 33, 2.771570
567, 34, 2.357772
567, 35, 2.598191
567, 36, 2.302976
567, 37, 1.674298
567, 38, 0.375477
567, 39, 1.568980
567, 40, 2.691563
567, 41, 1.726910
567, 42, 1.011686
567, 43, 1.442728
567, 44, 0.519650
567, 45, 1.444375
567, 46, 2.256795
567, 47, 1.415481
567, 48, 2.602314
567, 49, -0.160065
567, 50, 2.174345
567, 51, 0.485420
567, 52, 1.514256
567, 53, -0.000015
567, 54, 2.749460
567, 55, 3.170041
567, 56, 2.527883
567, 57, 2.957210
567, 58, 0.829374
567, 59, 1.691667
567, 60, 0.000000
567, 61, 1.402721
567, 62, 2.046885
567, 63, 1.722669
567, 64, 2.057648
567, 65, 3.462185
567, 66, 1.750670
567, 67, 2.511020
567, 68, 1.571999
567, 69, 2.719825
567, 70, 2.954129
567, 71, 2.583028
567, 72, 3.797894
567, 73, 3.219595
567, 74, 1.580833
567, 75, 1.934788
567, 76, 1.049166
567, 77, 1.420346
567, 78, 1.805377
567, 79, 2.797782
567, 80, 2.669645
567, 81, 1.710896
567, 82, -0.122122
567, 83, 1.235231
567, 84, 0.939994
567, 85, 3.020050
567, 86, 3.286813
567, 87, 2.334270
567, 88, 1.398646
567, 89, 0.544654
567, 90, 1.203634
567, 91, 1.368831
567, 92, 0.672629
567, 93, 2.662401
567, 94, 1.667669
567, 95, 0.938395
567, 96, 1.619947
567, 97, 4.305902
567, 98, 2.135941
567, 99, 1.159450
567, 100, 0.792004
567, 101, -0.031273
567, 102, 1.856339
567, 103, 0.000000
567, 104, 3.472102
567, 105, 2.825325
567, 106, 1.431670
567, 107, 1.896099
567, 108, 0.639675
567, 109, -0.016499
567, 110, 1.771988
567, 111, 0.781740
567, 112, 1.185186
567, 113, 3.553082
567, 114, 1.046848
567, 115, 1.999015
567, 116, 1.430291
567, 117, 2.375535
567, 118, 1.584278
567, 119, 1.334032
567, 120, 2.301379
567, 121, 3.676999
567, 122, 2.491351
567, 123, 0.346461
567, 124, 2.149925
567, 125, 4.289502
567, 126, 1.241502
567, 127, 0.838413
567, 128, 0.513854
567, 129, 0.068566
567, 130, 1.536904
567, 131, 1.765901
567, 132, 1.469588
567, 133, 0.158527
567, 134, 1.165754
567, 135, 0.744959
567, 136, -0.000010
567, 137, 1.573069
567, 138, 0.987940
567, 139, 0.937750
567, 140, 3.514202
567, 141, 2.345868
567, 142, 3.154695
567, 143, 1.963139
567, 144, 1.517805
567, 145, 1.108290
567, 146, 1.966183
567, 147, 3.911237
567, 148, 2.480981
567, 149, 3.531243
567, 150, 1.562608
567, 151, 1.927603
567, 152, 2.086525
567, 153, 0.000000
567, 154, 1.593774
567, 155, 2.281431
567, 156, -0.010000
567, 157, 3.007118
567, 158, 1.993107
567, 159, 1.077853
567, 160, 2.935627
567, 161, 2.096771
567, 162, 3.453652
567, 163, 2.510499
567, 164, 3.356869
567, 165, 2.998507
567, 166, 3.625564
567, 167, 1.409328
567, 168, 0.324529
567, 169, 1.775263
567, 170, 1.509260
567, 171, 2.800009
567, 172, 2.636018
567, 173, 2.610127
567, 174, 2.200814
567, 175, 1.429758
567, 176, 3.356692
567, 177, 2.494254
567, 178, 0.529260
567, 179, 3.042114
567, 180, 3.509976
567, 181, 0.934082
567, 182, 3.133410
567, 183, -0.040000
567, 184, 0.631502
567, 185, 1.880346
567, 186, 3.367061
567, 187, 0.000000
567, 188, 2.170497
567, 189, 2.809176
567, 190, 2.387929
567, 191, 0.717938
567, 192, 2.125486
567, 193, 2.743512
567, 194, 1.537416
567, 195, -0.281319
567, 196, 3.982924
567, 197, 2.384144
567, 198, 2.282601
567, 199, 1.456494
569, 0, 1.503664
569, 1, 1.547395
569, 2, 2.282667
569, 3, 1.150859
569, 4, -0.339888
569, 5, 1.949048
569, 6, -0.000013
569, 7, 1.283834
569, 8, 3.342695
569, 9, 1.717014
569, 10, 1.799210
569, 11, 2.271102
569, 12, 2.547079
569, 13, 0.000000
569, 14, 2.588151
569, 15, 2.587509
569, 16, 1.129258
569, 17, 3.225873
569, 18, 3.585773
569, 19, 2.593091
569, 20, 4.296300
569, 21, 0.436530
569, 22, 2.161510
569, 23, 1.270559
569, 24, 1.272467
569, 25, 2.046121
569, 26, 1.011809
569, 27, 0.812977
569, 28, 1.982795
569, 29, 1.905966
569, 30, 0.668950
569, 31, 2.587806
569, 32, 0.422124
569, 33, 2.721141
569, 34, 2.371503
569, 35, 2.598157
569, 36, 2.303232
569, 37, 1.738790
569, 38, 0.375477
569, 39, 1.568980
569, 40, 2.691563
569, 41, 1.726965
569, 42, 1.011686
569, 43, 1.442728
569, 44, 0.519650
569, 45, 1.441470
569, 46, 2.250632
569, 47, 1.415481
569, 48, 2.598524
569, 49, -0.160065
569, 50, 2.174345
569, 51, 0.485420
569, 52, 1.514256
569, 53, -0.000015
569, 54, 2.725178
569, 55, 3.170588
569, 56, 2.533393
569, 57, 2.957245
569, 58, 0.829374
569, 59, 1.691667
569, 60, 0.000000
569, 61, 1.402721
569, 62, 2.046885
569, 63, 1.722669
569, 64, 2.057648
569, 65, 3.463330
569, 66, 1.750670
569, 67, 2.511020
569, 68, 1.571999
569, 69, 2.719829
569, 70, 2.954724
569, 71, 2.586836
569, 72, 3.798486
569, 73, 3.217682
569, 74, 1.580833
569, 75, 1.934788
569, 76, 1.049166
569, 77, 1.420346
569, 78, 1.805377
569, 79, 2.797782
569, 80, 2.670540
569, 81, 1.710896
569, 82, -0.117405
569, 83, 1.235252
569, 84, 0.939994
569, 85, 3.020050
569, 86, 3.297385
569, 87, 2.334270
569, 88, 1.398646
569, 89, 0.544654
569, 90, 1.203634
569, 91, 1.346198
569, 92, 0.672629
569, 93, 2.665953
569, 94, 1.669824
569, 95, 0.929372
569, 96, 1.660237
569, 97, 4.304769
569, 98, 2.135149
569, 99, 1.159450
569, 100, 0.792004
569, 101, -0.031273
569, 102, 1.856339
569, 103, 0.000000
569, 104, 3.468707
569, 105, 2.822627
569, 106, 1.431670
569, 107, 1.919068
569, 108, 0.639675
569, 109, -0.016499
569, 110, 1.771988
569, 111, 0.782659
569, 112, 1.185186
569, 113, 3.554391
569, 114, 1.046848
569, 115, 2.084649
569, 116, 1.430291
569, 117, 2.375535
569, 118, 1.580511
569, 119, 1.334032
569, 120, 2.301379
569, 121, 3.654871
569, 122, 2.491351
569, 123, 0.346461
569, 124, 2.149926
569, 125, 4.284630
569, 126, 1.241817
569, 127, 0.838413
569, 128, 0.513854
569, 129, 0.068566
569, 130, 1.536904
569, 131, 1.765901
569, 132, 1.469588
569, 133, 0.158527
569, 134, 1.165754
569, 135, 0.744959
569, 136, -0.000010
569, 137, 1.572936
569, 138, 0.987940
569, 139, 0.937750
569, 140, 3.516569
569, 141, 2.345868
569, 142, 3.142251
569, 143, 1.961196
569, 144, 1.517805
569, 145, 1.108290
569, 146, 1.966183
569, 147, 3.882006
569, 148, 2.480981
569, 149, 3.531189
569, 150, 1.562608
569, 151, 1.923805
569, 152, 2.086525
569, 153, 0.000000
569, 154, 1.593774
569, 155, 2.281430
569, 156, -0.010000
569, 157, 3.007396
569, 158, 1.993107
569, 159, 1.077853
569, 160, 2.906396
569, 161, 2.096771
569, 162, 3.448074
569, 163, 2.511722
569, 164, 3.356868
569, 165, 2.997312
569, 166, 3.622169
569, 167, 1.409328
569, 168, 0.324529
569, 169, 1.775408
569, 170, 1.509260
569, 171, 2.824412
569, 172, 2.652642
569, 173, 2.610808
569, 174, 2.139983
569, 175, 1.439270
569, 176, 3.360605
569, 177, 2.486579
569, 178, 0.529260
569, 179, 3.042897
569, 180, 3.517926
569, 181, 0.902097
569, 182, 3.133410
569, 183, -0.040000
569, 184, 0.631502
569, 185, 1.880346
569, 186, 3.384951
569, 187, 0.000000
569, 188, 2.172835
569, 189, 2.717297
569, 190, 2.387929
569, 191, 0.717938
569, 192, 2.127481
569, 193, 2.744579
569, 194, 1.537416
569, 195, -0.281320
569, 196, 3.970901
569, 197, 2.386279
569, 198, 2.282583
569, 199, 1.456493
571, 0, 1.503664
571, 1, 1.547395
571, 2, 2.289706
571, 3, 1.150856
571, 4, -0.339888
571, 5, 1.950715
571, 6, -0.000013
571, 7, 1.283830
571, 8, 3.344329
571, 9, 1.717014
571, 10, 1.799210
571, 11, 2.271102
571, 12, 2.544933
571, 13, 0.000000
571, 14, 2.588140
571, 15, 2.553314
571, 16, 1.129258
571, 17, 3.210157
571, 18, 3.587956
571, 19, 2.593091
571, 20, 4.279983
571, 21, 0.436530
571, 22, 2.161510
571, 23, 1.270559
571, 24, 1.255911
571, 25, 2.046121
571, 26, 1.011809
571, 27, 0.812977
571, 28, 1.981612
571, 29, 1.904280
571, 30, 0.668950
571, 31, 2.585304
571, 32, 0.422124
571, 33, 2.740471
571, 34, 2.342878
571, 35, 2.598124
571, 36, 2.302014
571, 37, 1.772481
571, 38, 0.375477
571, 39, 1.568980
571, 40, 2.691563
571, 41, 1.727022
571, 42, 1.011686
571, 43, 1.442728
571, 44, 0.519650
571, 45, 1.439923
571, 46, 2.264719
571, 47, 1.415481
571, 48, 2.597066
571, 49, -0.160065
571, 50, 2.174345
571, 51, 0.485420
571, 52, 1.514256
571, 53, -0.000015
571, 54, 2.742530
571, 55, 3.171529
571, 56, 2.535033
571, 57, 2.957282
571, 58, 0.829374
571, 59, 1.691667
571, 60, 0.000000
571, 61, 1.402721
571, 62, 2.046886
571, 63, 1.722669
571, 64, 2.057648
571, 65, 3.483469
571, 66, 1.750670
571, 67, 2.511020
571, 68, 1.571999
571, 69, 2.719829
571, 70, 2.952228
571, 71, 2.583026
571, 72, 3.798760
571, 73, 3.216874
571, 74, 1.580833
571, 75, 1.934788
571, 76, 1.049166
571, 77, 1.420346
571, 78, 1.805377
571, 79, 2.797782
571, 80, 2.671500
571, 81, 1.710896
571, 82, -0.116295
571, 83, 1.235263
571, 84, 0.939994
571, 85, 3.020050
571, 86, 3.292459
571, 87, 2.334270
571, 88, 1.398646
571, 89, 0.544654
571, 90, 1.203633
571, 91, 1.347856
571, 92, 0.672629
571, 93, 2.651862
571, 94, 1.670303
571, 95, 0.944782
571, 96, 1.657820
571, 97, 4.301674
571, 98, 2.143868
571, 99, 1.159450
571, 100, 0.792004
571, 101, -0.031273
571, 102, 1.856339
571, 103, 0.000000
571, 104, 3.448915
571, 105, 2.822864
571, 106, 1.431670
571, 107, 1.917781
571, 108, 0.639675
571, 109, -0.016499
571, 110, 1.771988
571, 111, 0.783661
571, 112, 1.185186
571, 113, 3.554601
571, 114, 1.046848
571, 115, 1.998997
571, 116, 1.430291
571, 117, 2.375536
571, 118, 1.606073
571, 119, 1.334032
571, 120, 2.301379
571, 121, 3.680631
571, 122, 2.491351
571, 123, 0.346461
571, 124, 2.149925
571, 125, 4.289618
571, 126, 1.242131
571, 127, 0.838413
571, 128, 0.513854
571, 129, 0.068566
571, 130, 1.536904
571, 131, 1.765901
571, 132, 1.469587
571, 133, 0.158527
571, 134, 1.165754
571, 135, 0.744959
571, 136, -0.000010
571, 137, 1.572808
571, 138, 0.987940
571, 139, 0.937750
571, 140, 3.512289
571, 141, 2.345866
571, 142, 3.152295
571, 143, 1.966306
571, 144, 1.517805
571, 145, 1.108290
571, 146, 1.966183
571, 147, 3.911515
571, 148, 2.480981
571, 149, 3.531173
571, 150, 1.562608
571, 151, 1.932201
571, 152, 2.086525
571, 153, 0.000000
571, 154, 1.593774
571, 155, 2.281430
571, 156, -0.010000
571, 157, 3.007402
571, 158, 1.993107
571, 159, 1.077853
571, 160, 2.857180
571, 161, 2.096771
571, 162, 3.452987
571, 163, 2.511722
571, 164, 3.356869
571, 165, 2.997099
571, 166, 3.625384
571, 167, 1.409328
571, 168, 0.324529
571, 169, 1.775613
571, 170, 1.509260
571, 171, 2.819869
571, 172, 2.670868
571, 173, 2.610125
571, 174, 2.157742
571, 175, 1.440025
571, 176, 3.360605
571, 177, 2.495138
571, 178, 0.529260
571, 179, 3.044197
571, 180, 3.509859
571, 181, 0.902097
571, 182, 3.133410
571, 183, -0.040000
571, 184, 0.631502
571, 185, 1.880346
571, 186, 3.356977
571, 187, 0.000000
571, 188, 2.170481
571, 189, 2.808597
571, 190, 2.387929
571, 191, 0.717938
571, 192, 2.118524
571, 193, 2.741769
571, 194, 1.537414
571, 195, -0.281317
571, 196, 3.982788
571, 197, 2.383109
571, 198, 2.282568
571, 199, 1.456492
573, 0, 1.503664
573, 1, 1.547395
573, 2, 2.290144
573, 3, 1.150858
573, 4, -0.339888
573, 5, 1.951674
573, 6, -0.000013
573, 7, 1.283832
573, 8, 3.367968
573, 9, 1.717014
573, 10, 1.799210
573, 11, 2.271102
573, 12, 2.544661
573, 13, 0.000000
573, 14, 2.588129
573, 15, 2.464604
573, 16, 1.129258
573, 17, 3.228173
573, 18, 3.587139
573, 19, 2.593091
573, 20, 4.283523
573, 21, 0.436530
573, 22, 2.161510
573, 23, 1.270559
573, 24, 1.238414
573, 25, 2.046121
573, 26, 1.011809
573, 27, 0.812977
573, 28, 1.982277
573, 29, 1.903665
573, 30, 0.668950
573, 31, 2.584580
573, 32, 0.422124
573, 33, 2.727333
573, 34, 2.350580
573, 35, 2.598091
573, 36, 2.299941
573, 37, 1.761636
573, 38, 0.375477
573, 39, 1.568980
573, 40, 2.691563
573, 41, 1.727087
573, 42, 1.011686
573, 43, 1.442728
573, 44, 0.519650
573, 45, 1.439370
573, 46, 2.255189
573, 47, 1.415481
573, 48, 2.597033
573, 49, -0.160065
573, 50, 2.174345
573, 51, 0.485420
573, 52, 1.514256
573, 53, -0.000015
573, 54, 2.782757
573, 55, 3.171227
573, 56, 2.534492
573, 57, 2.957318
573, 58, 0.829374
573, 59, 1.691667
573, 60, 0.000000
573, 61, 1.402721
573, 62, 2.046886
573, 63, 1.722669
573, 64, 2.057648
573, 65, 3.478314
573, 66, 1.750670
573, 67, 2.511020
573, 68, 1.571999
573, 69, 2.719832
573, 70, 2.953370
573, 71, 2.583028
573, 72, 3.797557
573, 73, 3.217421
573, 74, 1.580833
573, 75, 1.934788
573, 76, 1.049166
573, 77, 1.420346
573, 78, 1.805377
573, 79, 2.797782
573, 80, 2.671883
573, 81, 1.710896
573, 82, -0.116871
573, 83, 1.235274
573, 84, 0.939994
573, 85, 3.020049
573, 86, 3.300253
573, 87, 2.334270
573, 88, 1.398646
573, 89, 0.544654
573, 90, 1.203633
573, 91, 1.341977
573, 92, 0.672629
573, 93, 2.659217
573, 94, 1.662320
573, 95, 0.942644
573, 96, 1.650304
573, 97, 4.304365
573, 98, 2.145670
573, 99, 1.159450
573, 100, 0.792004
573, 101, -0.031273
573, 102, 1.856339
573, 103, 0.000000
573, 104, 3.451645
573, 105, 2.822175
573, 106, 1.431670
573, 107, 1.901942
573, 108, 0.639675
573, 109, -0.016499
573, 110, 1.771988
573, 111, 0.784695
573, 112, 1.185186
573, 113, 3.484535
573, 114, 1.046848
573, 115, 2.084641
573, 116, 1.430291
573, 117, 2.375535
573, 118, 1.581597
573, 119, 1.334032
573, 120, 2.301379
573, 121, 3.694616
573, 122, 2.491351
573, 123, 0.346461
573, 124, 2.149925
573, 125, 4.288611
573, 126, 1.242458
573, 127, 0.838413
573, 128, 0.513854
573, 129, 0.068566
573, 130, 1.536904
573, 131, 1.765901
573, 132, 1.469587
573, 133, 0.158527
573, 134, 1.165754
573, 135, 0.744959
573, 136, -0.000010
573, 137, 1.572692
573, 138, 0.987940
573, 139, 0.937750
573, 140, 3.503453
573, 141, 2.345865
573, 142, 3.125966
573, 143, 1.953166
573, 144, 1.517805
573, 145, 1.108290
573, 146, 1.966183
573, 147, 3.910482
573, 148, 2.480981
573, 149, 3.531197
573, 150, 1.562608
573, 151, 1.928861
573, 152, 2.086526
573, 153, 0.000000
573, 154, 1.593774
573, 155, 2.281430
573, 156, -0.010000
573, 157, 3.007402
573, 158, 1.993107
573, 159, 1.077853
573, 160, 2.917784
573, 161, 2.096771
573, 162, 3.446862
573, 163, 2.511722
573, 164, 3.356870
573, 165, 2.996803
573, 166, 3.613426
573, 167, 1.409328
573, 168, 0.324529
573, 169, 1.775964
573, 170, 1.509260
573, 171, 2.818992
573, 172, 2.662905
573, 173, 2.610808
573, 174, 2.173068
573, 175, 1.440548
573, 176, 3.356692
573, 177, 2.497997
573, 178, 0.529260
573, 179, 3.045996
573, 180, 3.426913
573, 181, 0.902097
573, 182, 3.133410
573, 183, -0.040000
573, 184, 0.631502
573, 185, 1.880346
573, 186, 3.389455
573, 187, 0.000000
573, 188, 2.160509
573, 189, 2.863598
573, 190, 2.387929
573, 191, 0.717938
573, 192, 2.128287
573, 193, 2.741791
573, 194, 1.537415
573, 195, -0.281318
573, 196, 3.983226
573, 197, 2.383109
573, 198, 2.282554
573, 199, 1.456492
575, 0, 1.503664
575, 1, 1.547395
575, 2, 2.300357
575, 3, 1.150858
575, 4, -0.339888
575, 5, 1.952691
575, 6, -0.000013
575, 7, 1.283833
575, 8, 3.382444
575, 9, 1.717014
575, 10, 1.799210
575, 11, 2.271102
575, 12, 2.556479
575, 13, 0.000000
575, 14, 2.586745
575, 15, 2.513895
575, 16, 1.129258
575, 17, 3.222782
575, 18, 3.586600
575, 19, 2.593091
575, 20, 4.263977
575, 21, 0.436530
575, 22, 2.161510
575, 23, 1.270559
575, 24, 1.226917
575, 25, 2.046121
575, 26, 1.011809
575, 27, 0.812977
575, 28, 1.982692
575, 29, 1.902463
575, 30, 0.668950
575, 31, 2.594666
575, 32, 0.422124
575, 33, 2.734051
575, 34, 2.392260
575, 35, 2.597084
575, 36, 2.296460
575, 37, 1.796434
575, 38, 0.375477
575, 39, 1.568980
575, 40, 2.691563
575, 41, 1.727105
575, 42, 1.011686
575, 43, 1.442728
575, 44, 0.519650
575, 45, 1.438282
575, 46, 2.280618
575, 47, 1.415481
575, 48, 2.599799
575, 49, -0.160065
575, 50, 2.174345
575, 51, 0.485420
575, 52, 1.514256
575, 53, -0.000015
575, 54, 2.730800
575, 55, 3.170557
575, 56, 2.534938
575, 57, 2.956696
575, 58, 0.829374
575, 59, 1.691667
575, 60, 0.000000
575, 61, 1.402721
575, 62, 2.046885
575, 63, 1.722669
575, 64, 2.057648
575, 65, 3.475854
575, 66, 1.750670
575, 67, 2.511020
575, 68, 1.571999
575, 69, 2.719837
575, 70, 2.954532
575, 71, 2.583029
575, 72, 3.798998
575, 73, 3.220378
575, 74, 1.580833
575, 75, 1.934788
575, 76, 1.049166
575, 77, 1.420346
575, 78, 1.805377
575, 79, 2.797782
575, 80, 2.672156
575, 81, 1.710896
575, 82, -0.116069
575, 83, 1.235281
575, 84, 0.939994
575, 85, 3.020049
575, 86, 3.306558
575, 87, 2.334270
575, 88, 1.398646
575, 89, 0.544654
575, 90, 1.203633
575, 91, 1.333589
575, 92, 0.672629
575, 93, 2.664974
575, 94, 1.669473
575, 95, 0.933827
575, 96, 1.649823
575, 97, 4.303831
575, 98, 2.148195
575, 99, 1.159450
575, 100, 0.792004
575, 101, -0.031273
575, 102, 1.856339
575, 103, 0.000000
575, 104, 3.434669
575, 105, 2.821930
575, 106, 1.431670
575, 107, 1.893960
575, 108, 0.639675
575, 109, 0.322984
575, 110, 1.771988
575, 111, 0.785346
575, 112, 1.185186
575, 113, 3.555593
575, 114, 1.046848
575, 115, 1.999041
575, 116, 1.430291
575, 117, 2.375535
575, 118, 1.584234
575, 119, 1.334032
575, 120, 2.301379
575, 121, 3.613130
575, 122, 2.491783
575, 123, 0.346461
575, 124, 2.149925
575, 125, 4.264788
575, 126, 1.243583
575, 127, 0.838413
575, 128, 0.513854
575, 129, 0.068566
575, 130, 1.536904
575, 131, 1.765902
575, 132, 1.469587
575, 133, 0.158527
575, 134, 1.165754
575, 135, 0.744959
575, 136, -0.000010
575, 137, 1.572969
575, 138, 0.987940
575, 139, 0.937750
575, 140, 3.500118
575, 141, 2.345865
575, 142, 3.145285
575, 143, 1.954656
575, 144, 1.517805
575, 145, 1.108290
575, 146, 1.966183
575, 147, 3.911583
575, 148, 2.480981
575, 149, 3.531106
575, 150, 1.562608
575, 151, 1.927122
575, 152, 2.086525
575, 153, 0.000000
575, 154, 1.593774
575, 155, 2.281431
575, 156, -0.010000
575, 157, 3.007401
575, 158, 1.993107
575, 159, 1.077853
575, 160, 2.894363
575, 161, 2.096771
575, 162, 3.453262
575, 163, 2.511658
575, 164, 3.356831
575, 165, 2.996413
575, 166, 3.623036
575, 167, 1.409328
575, 168, 0.324529
575, 169, 1.776277
575, 170, 1.509260
575, 171, 2.812255
575, 172, 2.693852
575, 173, 2.610131
575, 174, 2.115095
575, 175, 1.442433
575, 176, 3.362948
575, 177, 2.476169
575, 178, 0.529260
575, 179, 3.042996
575, 180, 3.513849
575, 181, 0.902097
575, 182, 3.133410
575, 183, -0.040000
575, 184, 0.631502
575, 185, 1.880346
575, 186, 3.376404
575, 187, 0.000000
575, 188, 2.166994
575, 189, 2.903244
575, 190, 2.387929
575, 191, 0.717938
575, 192, 2.121673
575, 193, 2.741654
575, 194, 1.537416
575, 195, -0.281319
575, 196, 3.982952
575, 197, 2.383109
575, 198, 2.282583
575, 199, 1.456492
577, 0, 1.503664
577, 1, 1.547395
577, 2, 2.322998
577, 3, 1.150859
577, 4, -0.339888
577, 5, 1.955480
577, 6, -0.000013
577, 7, 1.283834
577, 8, 3.390140
577, 9, 1.717014
577, 10, 1.799210
577, 11, 2.271102
577, 12, 2.573153
577, 13, 0.000000
577, 14, 2.587756
577, 15, 2.477436
577, 16, 1.129258
577, 17, 3.231173
577, 18, 3.588209
577, 19, 2.616429
577, 20, 4.285807
577, 21, 0.436530
577, 22, 2.161510
577, 23, 1.270559
577, 24, 1.200735
577, 25, 2.046121
577, 26, 1.011809
577, 27, 0.812977
577, 28, 1.977826
577, 29, 1.899074
577, 30, 0.668950
577, 31, 2.609255
577, 32, 0.422124
577, 33, 2.739212
577, 34, 2.369219
577, 35, 2.597777
577, 36, 2.294504
577, 37, 1.628048
577, 38, 0.375477
577, 39, 1.568980
577, 40, 2.691563
577, 41, 1.727009
577, 42, 1.011686
577, 43, 1.442728
577, 44, 0.519650
577, 45, 1.435225
577, 46, 2.268610
577, 47, 1.415481
577, 48, 2.599558
577, 49, -0.160065
577, 50, 2.174345
577, 51, 0.485420
577, 52, 1.514256
577, 53, -0.000015
577, 54, 2.745451
577, 55, 3.171183
577, 56, 2.535423
577, 57, 2.957218
577, 58, 0.829374
577, 59, 1.691667
577, 60, 0.000000
577, 61, 1.402721
577, 62, 2.046885
577, 63, 1.722669
577, 64, 2.057648
577, 65, 3.477129
577, 66, 1.750670
577, 67, 2.511020
577, 68, 1.571999
577, 69, 2.719837
577, 70, 2.954107
577, 71, 2.583010
577, 72, 3.799442
577, 73, 3.225060
577, 74, 1.580833
577, 75, 1.934788
577, 76, 1.049166
577, 77, 1.420346
577, 78, 1.805377
577, 79, 2.797782
577, 80, 2.672756
577, 81, 1.710896
577, 82, -0.114439
577, 83, 1.235286
577, 84, 0.939994
577, 85, 3.020050
577, 86, 3.317487
577, 87, 2.334270
577, 88, 1.398646
577, 89, 0.544654
577, 90, 1.203632
577, 91, 1.318334
577, 92, 0.672629
577, 93, 2.682156
577, 94, 1.670157
577, 95, 0.914631
577, 96, 1.651273
577, 97, 4.305269
577, 98, 2.145741
577, 99, 1.159450
577, 100, 0.792004
577, 101, -0.031273
577, 102, 1.856339
577, 103, 0.000000
577, 104, 3.429506
577, 105, 2.821930
577, 106, 1.431670
577, 107, 1.917883
577, 108, 0.639675
577, 109, 0.338427
577, 110, 1.771988
577, 111, 0.785122
577, 112, 1.185186
577, 113, 3.549051
577, 114, 1.046848
577, 115, 2.084661
577, 116, 1.430291
577, 117, 2.375535
577, 118, 1.584224
577, 119, 1.334032
577, 120, 2.301379
577, 121, 3.675134
577, 122, 2.492965
577, 123, 0.346461
577, 124, 2.149925
577, 125, 4.288571
577, 126, 1.244132
577, 127, 0.838413
577, 128, 0.513854
577, 129, 0.068566
577, 130, 1.536904
577, 131, 1.765901
577, 132, 1.469588
577, 133, 0.158527
577, 134, 1.165754
577, 135, 0.744959
577, 136, -0.000010
577, 137, 1.572971
577, 138, 0.987940
577, 139, 0.937750
577, 140, 3.498614
577, 141, 2.345865
577, 142, 3.144138
577, 143, 1.954717
577, 144, 1.517805
577, 145, 1.108290
577, 146, 1.966183
577, 147, 3.898784
577, 148, 2.480981
577, 149, 3.531094
577, 150, 1.562608
577, 151, 1.922469
577, 152, 2.086525
577, 153, 0.000000
577, 154, 1.593774
577, 155, 2.281431
577, 156, -0.010000
577, 157, 3.007403
577, 158, 1.993107
577, 159, 1.077853
577, 160, 2.932988
577, 161, 2.096771
577, 162, 3.448833
577, 163, 2.511658
577, 164, 3.356867
577, 165, 2.995410
577, 166, 3.629809
577, 167, 1.409328
577, 168, 0.324529
577, 169, 1.776699
577, 170, 1.509260
577, 171, 2.822682
577, 172, 2.693047
577, 173, 2.610806
577, 174, 2.133486
577, 175, 1.443259
577, 176, 3.359234
577, 177, 2.496224
577, 178, 0.529260
577, 179, 3.047723
577, 180, 3.502936
577, 181, 0.902097
577, 182, 3.133410
577, 183, -0.040000
577, 184, 0.631502
577, 185, 1.880346
577, 186, 3.359913
577, 187, 0.000000
577, 188, 2.169899
577, 189, 2.823375
577, 190, 2.387929
577, 191, 0.717938
577, 192, 2.130017
577, 193, 2.739005
577, 194, 1.537416
577, 195, -0.281319
577, 196, 3.980278
577, 197, 2.383109
577, 198, 2.282616
577, 199, 1.456492
579, 0, 1.503664
579, 1, 1.547395
579, 2, 2.260253
579, 3, 1.150859
579, 4, -0.339888
579, 5, 1.956202
579, 6, -0.000013
579, 7, 1.283834
579, 8, 3.417089
579, 9, 1.717014
579, 10, 1.799210
579, 11, 2.271102
579, 12, 2.586099
579, 13, 0.000000
579, 14, 2.586934
579, 15, 2.483342
579, 16, 1.129258
579, 17, 3.227023
579, 18, 3.587627
579, 19, 2.612500
579, 20, 4.282104
579, 21, 0.436530
579, 22, 2.161510
579, 23, 1.270559
579, 24, 1.221009
579, 25, 2.046121
579, 26, 1.011809
579, 27, 0.812977
579, 28, 1.979915
579, 29, 1.901888
579, 30, 0.668950
579, 31, 2.621666
579, 32, 0.422124
579, 33, 2.734281
579, 34, 2.373321
579, 35, 2.597169
579, 36, 2.293590
579, 37, 1.694071
579, 38, 0.375477
579, 39, 1.568980
579, 40, 2.691563
579, 41, 1.727020
579, 42, 1.011686
579, 43, 1.442728
579, 44, 0.519650
579, 45, 1.437775
579, 46, 2.248816
579, 47, 1.415481
579, 48, 2.600613
579, 49, -0.160065
579, 50, 2.174345
579, 51, 0.485420
579, 52, 1.514256
579, 53, -0.000015
579, 54, 2.779767
579, 55, 3.170016
579, 56, 2.531954
579, 57, 2.956866
579, 58, 0.829374
579, 59, 1.691667
579, 60, 0.000000
579, 61, 1.402721
579, 62, 2.046885
579, 63, 1.722669
579, 64, 2.057648
579, 65, 3.471221
579, 66, 1.750670
579, 67, 2.511020
579, 68, 1.571999
579, 69, 2.719839
579, 70, 2.954130
579, 71, 2.583021
579, 72, 3.797529
579, 73, 3.228560
579, 74, 1.580833
579, 75, 1.934788
579, 76, 1.049166
579, 77, 1.420346
579, 78, 1.805377
579, 79, 2.797782
579, 80, 2.672645
579, 81, 1.710896
579, 82, -0.116098
579, 83, 1.235288
579, 84, 0.939994
579, 85, 3.020049
579, 86, 3.310383
579, 87, 2.334270
579, 88, 1.398646
579, 89, 0.544654
579, 90, 1.203632
579, 91, 1.329829
579, 92, 0.672629
579, 93, 2.630519
579, 94, 1.661852
579, 95, 0.927389
579, 96, 1.655853
579, 97, 4.298796
579, 98, 2.157314
579, 99, 1.159450
579, 100, 0.792004
579, 101, -0.031273
579, 102, 1.856339
579, 103, 0.000000
579, 104, 3.437662
579, 105, 2.823361
579, 106, 1.431670
579, 107, 1.911949
579, 108, 0.639675
579, 109, 0.332650
579, 110, 1.771988
579, 111, 0.783946
579, 112, 1.185186
579, 113, 3.528886
579, 114, 1.046848
579, 115, 1.999005
579, 116, 1.430291
579, 117, 2.375535
579, 118, 1.585853
579, 119, 1.334032
579, 120, 2.301379
579, 121, 3.679357
579, 122, 2.492526
579, 123, 0.346461
579, 124, 2.149926
579, 125, 4.288437
579, 126, 1.244622
579, 127, 0.838413
579, 128, 0.513854
579, 129, 0.068566
579, 130, 1.536904
579, 131, 1.765901
579, 132, 1.469588
579, 133, 0.158527
579, 134, 1.165754
579, 135, 0.744959
579, 136, -0.000010
579, 137, 1.572636
579, 138, 0.987940
579, 139, 0.937750
579, 140, 3.486719
579, 141, 2.345865
579, 142, 3.143149
579, 143, 1.957541
579, 144, 1.517805
579, 145, 1.108290
579, 146, 1.966183
579, 147, 3.908369
579, 148, 2.480981
579, 149, 3.530939
579, 150, 1.562608
579, 151, 1.929636
579, 152, 2.086525
579, 153, 0.000000
579, 154, 1.593774
579, 155, 2.281430
579, 156, -0.010000
579, 157, 3.007405
579, 158, 1.993107
579, 159, 1.077853
579, 160, 2.912999
579, 161, 2.096771
579, 162, 3.453958
579, 163, 2.511658
579, 164, 3.358763
579, 165, 2.996414
579, 166, 3.630904
579, 167, 1.409328
579, 168, 0.324529
579, 169, 1.777134
579, 170, 1.509260
579, 171, 2.810046
579, 172, 2.697795
579, 173, 2.610126
579, 174, 2.142284
579, 175, 1.443948
579, 176, 3.356692
579, 177, 2.510422
579, 178, 0.529260
579, 179, 3.051980
579, 180, 3.469137
579, 181, 0.902097
579, 182, 3.133410
579, 183, -0.040000
579, 184, 0.631502
579, 185, 1.880346
579, 186, 3.359403
579, 187, 0.000000
579, 188, 2.167248
579, 189, 2.877228
579, 190, 2.387929
579, 191, 0.717938
579, 192, 2.103601
579, 193, 2.737770
579, 194, 1.537416
579, 195, -0.281320
579, 196, 3.982888
579, 197, 2.383109
579, 198, 2.282585
579, 199, 1.456492
581, 0, 1.503664
581, 1, 1.547395
581, 2, 2.260780
581, 3, 1.150856
581, 4, -0.339888
581, 5, 1.956850
581, 6, -0.000013
581, 7, 1.283830
581, 8, 3.422678
581, 9, 1.717014
581, 10, 1.799209
581, 11, 2.271102
581, 12, 2.585258
581, 13, 0.000000
581, 14, 2.586263
581, 15, 2.457174
581, 16, 1.129258
581, 17, 3.229149
581, 18, 3.586017
581, 19, 2.593091
581, 20, 4.295506
581, 21, 0.436530
581, 22, 2.161510
581, 23, 1.270559
581, 24, 1.232943
581, 25, 2.046121
581, 26, 1.011809
581, 27, 0.812977
581, 28, 1.981209
581, 29, 1.899759
581, 30, 0.668950
581, 31, 2.620577
581, 32, 0.422124
581, 33, 2.736055
581, 34, 2.324672
581, 35, 2.596670
581, 36, 2.295612
581, 37, 1.660207
581, 38, 0.375477
581, 39, 1.568980
581, 40, 2.691563
581, 41, 1.726924
581, 42, 1.011686
581, 43, 1.442728
581, 44, 0.519650
581, 45, 1.434595
581, 46, 2.237421
581, 47, 1.415481
581, 48, 2.597940
581, 49, -0.160065
581, 50, 2.174345
581, 51, 0.485420
581, 52, 1.514256
581, 53, -0.000015
581, 54, 2.726804
581, 55, 3.168804
581, 56, 2.529232
581, 57, 2.956398
581, 58, 0.829374
581, 59, 1.691667
581, 60, 0.000000
581, 61, 1.402721
581, 62, 2.046886
581, 63, 1.722669
581, 64, 2.057648
581, 65, 3.456464
581, 66, 1.750670
581, 67, 2.511020
581, 68, 1.571999
581, 69, 2.719840
581, 70, 2.949497
581, 71, 2.583026
581, 72, 3.798353
581, 73, 3.230671
581, 74, 1.580833
581, 75, 1.934788
581, 76, 1.049166
581, 77, 1.420346
581, 78, 1.805377
581, 79, 2.797782
581, 80, 2.672388
581, 81, 1.710896
581, 82, -0.113892
581, 83, 1.235287
581, 84, 0.939994
581, 85, 3.020049
581, 86, 3.295813
581, 87, 2.339075
581, 88, 1.398646
581, 89, 0.544654
581, 90, 1.203631
581, 91, 1.337579
581, 92, 0.672629
581, 93, 2.639901
581, 94, 1.670470
581, 95, 0.956742
581, 96, 1.656232
581, 97, 4.305829
581, 98, 2.159045
581, 99, 1.159450
581, 100, 0.792004
581, 101, -0.031273
581, 102, 1.856339
581, 103, 0.000000
581, 104, 3.447283
581, 105, 2.824318
581, 106, 1.431670
581, 107, 1.905612
581, 108, 0.639675
581, 109, 0.321034
581, 110, 1.771988
581, 111, 0.783232
581, 112, 1.185186
581, 113, 3.553780
581, 114, 1.046848
581, 115, 2.084642
581, 116, 1.430291
581, 117, 2.375535
581, 118, 1.596063
581, 119, 1.334032
581, 120, 2.301379
581, 121, 3.603343
581, 122, 2.491630
581, 123, 0.346461
581, 124, 2.149925
581, 125, 4.261323
581, 126, 1.245854
581, 127, 0.838413
581, 128, 0.513854
581, 129, 0.068566
581, 130, 1.536905
581, 131, 1.765901
581, 132, 1.469587
581, 133, 0.158527
581, 134, 1.165754
581, 135, 0.744959
581, 136, -0.000010
581, 137, 1.572987
581, 138, 0.987940
581, 139, 0.937750
581, 140, 3.494168
581, 141, 2.345865
581, 142, 3.153114
581, 143, 1.962828
581, 144, 1.517805
581, 145, 1.108290
581, 146, 1.966183
581, 147, 3.899628
581, 148, 2.480981
581, 149, 3.531054
581, 150, 1.562608
581, 151, 1.926677
581, 152, 2.086525
581, 153, 0.000000
581, 154, 1.593774
581, 155, 2.281430
581, 156, -0.010000
581, 157, 3.007405
581, 158, 1.993107
581, 159, 1.077853
581, 160, 2.951629
581, 161, 2.096771
581, 162, 3.453193
581, 163, 2.512115
581, 164, 3.356796
581, 165, 2.996828
581, 166, 3.634163
581, 167, 1.409328
581, 168, 0.324529
581, 169, 1.777403
581, 170, 1.509260
581, 171, 2.805410
581, 172, 2.684747
581, 173, 2.610809
581, 174, 2.157043
581, 175, 1.444373
581, 176, 3.363762
581, 177, 2.496094
581, 178, 0.529260
581, 179, 3.051378
581, 180, 3.517356
581, 181, 0.902097
581, 182, 3.133410
581, 183, -0.040000
581, 184, 0.631502
581, 185, 1.880346
581, 186, 3.365676
581, 187, 0.000000
581, 188, 2.173334
581, 189, 2.911664
581, 190, 2.387929
581, 191, 0.717938
581, 192, 2.121434
581, 193, 2.741707
581, 194, 1.537414
581, 195, -0.281317
581, 196, 3.980867
581, 197, 2.383109
581, 198, 2.282701
581, 199, 1.456492
583, 0, 1.503664
583, 1, 1.547395
583, 2, 2.235038
583, 3, 1.150858
583, 4, -0.339888
583, 5, 1.955060
583, 6, -0.000013
583, 7, 1.283832
583, 8, 3.399490
583, 9, 1.717014
583, 10, 1.799210
583, 11, 2.271102
583, 12, 2.577436
583, 13, 0.000000
583, 14, 2.587587
583, 15, 2.433812
583, 16, 1.129258
583, 17, 3.228534
583, 18, 3.588031
583, 19, 2.593091
583, 20, 4.295396
583, 21, 0.436530
583, 22, 2.161510
583, 23, 1.270559
583, 24, 1.254353
583, 25, 2.046121
583, 26, 1.011809
583, 27, 0.812977
583, 28, 1.982020
583, 29, 1.900411
583, 30, 0.668950
583, 31, 2.613165
583, 32, 0.422124
583, 33, 2.775374
583, 34, 2.387339
583, 35, 2.597581
583, 36, 2.298836
583, 37, 1.702955
583, 38, 0.375477
583, 39, 1.568980
583, 40, 2.691563
583, 41, 1.726753
583, 42, 1.011686
583, 43, 1.442728
583, 44, 0.519650
583, 45, 1.435185
583, 46, 2.133168
583, 47, 1.415481
583, 48, 2.598083
583, 49, -0.160065
583, 50, 2.174345
583, 51, 0.485420
583, 52, 1.514256
583, 53, -0.000015
583, 54, 2.743335
583, 55, 3.169231
583, 56, 2.534110
583, 57, 2.957240
583, 58, 0.829374
583, 59, 1.691667
583, 60, 0.000000
583, 61, 1.402721
583, 62, 2.046886
583, 63, 1.722669
583, 64, 2.057648
583, 65, 3.461961
583, 66, 1.750670
583, 67, 2.511020
583, 68, 1.571999
583, 69, 2.719840
583, 70, 2.955112
583, 71, 2.583027
583, 72, 3.797884
583, 73, 3.229963
583, 74, 1.580833
583, 75, 1.934788
583, 76, 1.049166
583, 77, 1.420346
583, 78, 1.805377
583, 79, 2.797783
583, 80, 2.671467
583, 81, 1.710896
583, 82, -0.114207
583, 83, 1.235289
583, 84, 0.939994
583, 85, 3.020050
583, 86, 3.302581
583, 87, 2.339075
583, 88, 1.398646
583, 89, 0.544654
583, 90, 1.203631
583, 91, 1.341615
583, 92, 0.672629
583, 93, 2.656737
583, 94, 1.671638
583, 95, 0.958906
583, 96, 1.655306
583, 97, 4.306258
583, 98, 2.156400
583, 99, 1.159450
583, 100, 0.792004
583, 101, -0.031273
583, 102, 1.856339
583, 103, 0.000000
583, 104, 3.451957
583, 105, 2.824831
583, 106, 1.431670
583, 107, 1.925319
583, 108, 0.639675
583, 109, 0.327458
583, 110, 1.771988
583, 111, 0.781882
583, 112, 1.185186
583, 113, 3.554069
583, 114, 1.046848
583, 115, 1.999038
583, 116, 1.430291
583, 117, 2.375536
583, 118, 1.590135
583, 119, 1.334032
583, 120, 2.301379
583, 121, 3.677093
583, 122, 2.492128
583, 123, 0.346461
583, 124, 2.149925
583, 125, 4.289458
583, 126, 1.246208
583, 127, 0.838413
583, 128, 0.513854
583, 129, 0.068566
583, 130, 1.536904
583, 131, 1.765901
583, 132, 1.469587
583, 133, 0.158527
583, 134, 1.165754
583, 135, 0.744959
583, 136, -0.000010
583, 137, 1.572915
583, 138, 0.987940
583, 139, 0.937750
583, 140, 3.500169
583, 141, 2.345865
583, 142, 3.156842
583, 143, 1.959717
583, 144, 1.517805
583, 145, 1.108290
583, 146, 1.966183
583, 147, 3.911145
583, 148, 2.480981
583, 149, 3.530163
583, 150, 1.562608
583, 151, 1.921860
583, 152, 2.086526
583, 153, 0.000000
583, 154, 1.593774
583, 155, 2.281430
583, 156, -0.010000
583, 157, 3.007406
583, 158, 1.993107
583, 159, 1.077853
583, 160, 2.917873
583, 161, 2.096771
583, 162, 3.446030
583, 163, 2.512115
583, 164, 3.356864
583, 165, 2.997063
583, 166, 3.620515
583, 167, 1.409328
583, 168, 0.324529
583, 169, 1.777551
583, 170, 1.509260
583, 171, 2.819358
583, 172, 2.685183
583, 173, 2.610131
583, 174, 2.165285
583, 175, 1.444607
583, 176, 3.356691
583, 177, 2.484645
583, 178, 0.529260
583, 179, 3.047256
583, 180, 3.510030
583, 181, 0.902097
583, 182, 3.133410
583, 183, -0.040000
583, 184, 0.631502
583, 185, 1.880346
583, 186, 3.389485
583, 187, 0.000000
583, 188, 2.177267
583, 189, 2.955809
583, 190, 2.387929
583, 191, 0.717938
583, 192, 2.078092
583, 193, 2.743801
583, 194, 1.537415
583, 195, -0.281318
583, 196, 3.982863
583, 197, 2.383109
583, 198, 2.282704
583, 199, 1.456492
585, 0, 1.503664
585, 1, 1.547395
585, 2, 2.257910
585, 3, 1.150858
585, 4, -0.339888
585, 5, 1.955429
585, 6, -0.000013
585, 7, 1.283833
585, 8, 3.390256
585, 9, 1.717014
585, 10, 1.799210
585, 11, 2.271102
585, 12, 2.569657
585, 13, 0.000000
585, 14, 2.587903
585, 15, 2.460691
585, 16, 1.129258
585, 17, 3.229362
585, 18, 3.582232
585, 19, 2.597063
585, 20, 4.289800
585, 21, 0.436530
585, 22, 2.161510
585, 23, 1.270559
585, 24, 1.272250
585, 25, 2.046121
585, 26, 1.011809
585, 27, 0.812977
585, 28, 1.982530
585, 29, 1.898904
585, 30, 0.668950
585, 31, 2.603815
585, 32, 0.422124
585, 33, 2.785310
585, 34, 2.367653
585, 35, 2.597836
585, 36, 2.299606
585, 37, 1.487356
585, 38, 0.375477
585, 39, 1.568980
585, 40, 2.691563
585, 41, 1.726749
585, 42, 1.011686
585, 43, 1.442728
585, 44, 0.519650
585, 45, 1.433835
585, 46, 2.197653
585, 47, 1.415481
585, 48, 2.603468
585, 49, -0.160065
585, 50, 2.174345
585, 51, 0.485420
585, 52, 1.514256
585, 53, -0.000015
585, 54, 2.704793
585, 55, 3.168869
585, 56, 2.523913
585, 57, 2.957468
585, 58, 0.829374
585, 59, 1.691667
585, 60, 0.000000
585, 61, 1.402721
585, 62, 2.046885
585, 63, 1.722669
585, 64, 2.057648
585, 65, 3.457644
585, 66, 1.750670
585, 67, 2.511020
585, 68, 1.571999
585, 69, 2.719842
585, 70, 2.954222
585, 71, 2.588495
585, 72, 3.798958
585, 73, 3.227185
585, 74, 1.580833
585, 75, 1.934788
585, 76, 1.049166
585, 77, 1.420346
585, 78, 1.805377
585, 79, 2.797782
585, 80, 2.671431
585, 81, 1.710896
585, 82, -0.113245
585, 83, 1.235291
585, 84, 0.939994
585, 85, 3.020049
585, 86, 3.317261
585, 87, 2.334270
585, 88, 1.398646
585, 89, 0.544654
585, 90, 1.203632
585, 91, 1.324505
585, 92, 0.672629
585, 93, 2.661361
585, 94, 1.662588
585, 95, 0.948883
585, 96, 1.655522
585, 97, 4.305083
585, 98, 2.166584
585, 99, 1.159450
585, 100, 0.792004
585, 101, -0.031273
585, 102, 1.856339
585, 103, 0.000000
585, 104, 3.437876
585, 105, 2.822803
585, 106, 1.431670
585, 107, 1.940037
585, 108, 0.639675
585, 109, 0.333587
585, 110, 1.771988
585, 111, 0.781290
585, 112, 1.185186
585, 113, 3.544569
585, 114, 1.046848
585, 115, 2.084659
585, 116, 1.430291
585, 117, 2.375536
585, 118, 1.610884
585, 119, 1.334032
585, 120, 2.301379
585, 121, 3.652408
585, 122, 2.492598
585, 123, 0.346461
585, 124, 2.149925
585, 125, 4.284277
585, 126, 1.245502
585, 127, 0.838413
585, 128, 0.513854
585, 129, 0.068566
585, 130, 1.536904
585, 131, 1.765902
585, 132, 1.469587
585, 133, 0.158527
585, 134, 1.165754
585, 135, 0.744959
585, 136, -0.000010
585, 137, 1.572330
585, 138, 0.987940
585, 139, 0.937750
585, 140, 3.503813
585, 141, 2.345865
585, 142, 3.141773
585, 143, 1.965710
585, 144, 1.517805
585, 145, 1.108290
585, 146, 1.966183
585, 147, 3.901353
585, 148, 2.480981
585, 149, 3.530733
585, 150, 1.562608
585, 151, 1.888901
585, 152, 2.086525
585, 153, 0.000000
585, 154, 1.593774
585, 155, 2.281431
585, 156, -0.010000
585, 157, 3.007405
585, 158, 1.993107
585, 159, 1.077853
585, 160, 2.951693
585, 161, 2.096771
585, 162, 3.451674
585, 163, 2.512115
585, 164, 3.356869
585, 165, 2.996406
585, 166, 3.631352
585, 167, 1.409328
585, 168, 0.324529
585, 169, 1.777722
585, 170, 1.509260
585, 171, 2.794208
585, 172, 2.701037
585, 173, 2.610806
585, 174, 2.177669
585, 175, 1.445050
585, 176, 3.356692
585, 177, 2.481048
585, 178, 0.529260
585, 179, 3.042963
585, 180, 3.496702
585, 181, 0.902097
585, 182, 3.133410
585, 183, -0.040000
585, 184, 0.631502
585, 185, 1.880346
585, 186, 3.379762
585, 187, 0.000000
585, 188, 2.178532
585, 189, 2.964384
585, 190, 2.387929
585, 191, 0.717938
585, 192, 2.095007
585, 193, 2.742897
585, 194, 1.537415
585, 195, -0.281319
585, 196, 3.981548
585, 197, 2.383109
585, 198, 2.282619
585, 199, 1.456492
587, 0, 1.503985
587, 1, 1.547396
587, 2, 2.247700
587, 3, 1.192859
587, 4, -0.339888
587, 5, 1.996446
587, 6, -0.000013
587, 7, 1.283834
587, 8, 3.496220
587, 9, 1.717014
587, 10, 1.799210
587, 11, 2.431079
587, 12, 2.713474
587, 13, 0.000000
587, 14, 2.587990
587, 15, 2.491635
587, 16, 1.168128
587, 17, 3.229986
587, 18, 3.586818
587, 19, 2.593091
587, 20, 4.276152
587, 21, 0.436530
587, 22, 2.178479
587, 23, 1.270559
587, 24, 1.277325
587, 25, 2.046121
587, 26, 1.012508
587, 27, 0.842982
587, 28, 1.978279
587, 29, 1.898693
587, 30, 0.668950
587, 31, 2.604754
587, 32, 0.422124
587, 33, 2.852452
587, 34, 2.381496
587, 35, 2.597874
587, 36, 2.299475
587, 37, 1.620745
587, 38, 0.375477
587, 39, 1.568980
587, 40, 2.697391
587, 41, 1.726925
587, 42, 1.011686
587, 43, 1.442728
587, 44, 0.519650
587, 45, 1.433650
587, 46, 2.401247
587, 47, 1.415481
587, 48, 2.598631
587, 49, -0.160065
587, 50, 2.259216
587, 51, 0.485420
587, 52, 1.514256
587, 53, -0.000015
587, 54, 2.874507
587, 55, 3.170386
587, 56, 2.526923
587, 57, 2.957549
587, 58, 0.829374
587, 59, 1.691667
587, 60, 0.000000
587, 61, 1.405779
587, 62, 2.046885
587, 63, 1.722669
587, 64, 2.057648
587, 65, 3.468790
587, 66, 1.810680
587, 67, 2.511020
587, 68, 1.571999
587, 69, 2.756717
587, 70, 2.954916
587, 71, 2.592281
587, 72, 3.949698
587, 73, 3.406117
587, 74, 1.580833
587, 75, 1.934788
587, 76, 1.050804
587, 77, 1.420346
587, 78, 1.805377
587, 79, 2.797782
587, 80, 2.851608
587, 81, 1.710896
587, 82, -0.114254
587, 83, 1.235291
587, 84, 0.939994
587, 85, 3.020050
587, 86, 3.302818
587, 87, 2.334270
587, 88, 1.398646
587, 89, 0.544654
587, 90, 1.203634
587, 91, 1.341482
587, 92, 0.672629
587, 93, 2.665469
587, 94, 1.670832
587, 95, 0.936988
587, 96, 1.780256
587, 97, 4.381643
587, 98, 2.249955
587, 99, 1.159450
587, 100, 0.792004
587, 101, -0.031273
587, 102, 1.856339
587, 103, 0.000000
587, 104, 3.437902
587, 105, 2.824872
587, 106, 1.435948
587, 107, 1.931471
587, 108, 0.639675
587, 109, 0.321272
587, 110, 1.783521
587, 111, 0.781175
587, 112, 1.185186
587, 113, 3.771709
587, 114, 1.051441
587, 115, 1.999007
587, 116, 1.461993
587, 117, 2.375536
587, 118, 1.583310
587, 119, 1.334032
587, 120, 2.301379
587, 121, 3.604628
587, 122, 2.492264
587, 123, 0.346461
587, 124, 2.149925
587, 125, 4.265409
587, 126, 1.245273
587, 127, 0.838413
587, 128, 0.513854
587, 129, 0.068566
587, 130, 1.626919
587, 131, 1.873875
587, 132, 1.469588
587, 133, 0.158527
587, 134, 1.165754
587, 135, 0.774964
587, 136, -0.000010
587, 137, 1.571982
587, 138, 0.992005
587, 139, 0.937750
587, 140, 3.615186
587, 141, 2.516012
587, 142, 3.145740
587, 143, 1.959109
587, 144, 1.517805
587, 145, 1.162297
587, 146, 1.966183
587, 147, 3.911494
587, 148, 2.480981
587, 149, 3.708362
587, 150, 1.682628
587, 151, 2.075574
587, 152, 2.227715
587, 153, 0.000000
587, 154, 1.593774
587, 155, 2.281431
587, 156, -0.010000
587, 157, 3.100129
587, 158, 1.993107
587, 159, 1.078902
587, 160, 2.930548
587, 161, 2.096771
587, 162, 3.626929
587, 163, 2.512115
587, 164, 3.356870
587, 165, 2.996338
587, 166, 3.816097
587, 167, 1.469337
587, 168, 0.324529
587, 169, 1.777951
587, 170, 1.509260
587, 171, 2.820195
587, 172, 2.689025
587, 173, 2.610126
587, 174, 2.173974
587, 175, 1.445272
587, 176, 3.360618
587, 177, 2.478098
587, 178, 0.529260
587, 179, 3.047565
587, 180, 3.517920
587, 181, 0.902097
587, 182, 3.133410
587, 183, -0.040000
587, 184, 0.631502
587, 185, 1.880345
587, 186, 3.358419
587, 187, 0.000000
587, 188, 2.170299
587, 189, 2.991324
587, 190, 2.387929
587, 191, 0.717938
587, 192, 2.107350
587, 193, 2.743267
587, 194, 1.537416
587, 195, -0.281319
587, 196, 3.982602
587, 197, 2.385931
587, 198, 2.282548
587, 199, 1.456491
589, 0, 1.503664
589, 1, 1.547395
589, 2, 2.230958
589, 3, 1.150859
589, 4, -0.339888
589, 5, 1.957247
589, 6, -0.000013
589, 7, 1.283834
589, 8, 3.370693
589, 9, 1.717014
589, 10, 1.799210
589, 11, 2.271102
589, 12, 2.567563
589, 13, 0.000000
589, 14, 2.588004
589, 15, 2.501407
589, 16, 1.129258
589, 17, 3.228317
589, 18, 3.588274
589, 19, 2.593091
589, 20, 4.295998
589, 21, 0.436530
589, 22, 2.161510
589, 23, 1.270559
589, 24, 1.287783
589, 25, 2.046121
589, 26, 1.011809
589, 27, 0.812977
589, 28, 1.975636
589, 29, 1.897741
589, 30, 0.668950
589, 31, 2.601383
589, 32, 0.422124
589, 33, 2.741336
589, 34, 2.371635
589, 35, 2.597862
589, 36, 2.297032
589, 37, 1.508313
589, 38, 0.375477
589, 39, 1.568980
589, 40, 2.691563
589, 41, 1.727117
589, 42, 1.011686
589, 43, 1.442728
589, 44, 0.519650
589, 45, 1.432803
589, 46, 2.220728
589, 47, 1.415481
589, 48, 2.599234
589, 49, -0.160065
589, 50, 2.174345
589, 51, 0.485420
589, 52, 1.514256
589, 53, -0.000015
589, 54, 2.746245
589, 55, 3.168952
589, 56, 2.524995
589, 57, 2.957596
589, 58, 0.829374
589, 59, 1.691667
589, 60, 0.000000
589, 61, 1.402721
589, 62, 2.046885
589, 63, 1.722669
589, 64, 2.057648
589, 65, 3.474134
589, 66, 1.750670
589, 67, 2.511020
589, 68, 1.571999
589, 69, 2.719843
589, 70, 2.954852
589, 71, 2.582993
589, 72, 3.799341
589, 73, 3.225711
589, 74, 1.580833
589, 75, 1.934788
589, 76, 1.049166
589, 77, 1.420346
589, 78, 1.805377
589, 79, 2.797782
589, 80, 2.672126
589, 81, 1.710896
589, 82, -0.114719
589, 83, 1.235292
589, 84, 0.939994
589, 85, 3.020050
589, 86, 3.309582
589, 87, 2.334270
589, 88, 1.398646
589, 89, 0.544654
589, 90, 1.203632
589, 91, 1.334983
589, 92, 0.672629
589, 93, 2.657128
589, 94, 1.671633
589, 95, 0.945408
589, 96, 1.655014
589, 97, 4.305127
589, 98, 2.167680
589, 99, 1.159450
589, 100, 0.792004
589, 101, -0.031273
589, 102, 1.856339
589, 103, 0.000000
589, 104, 3.439253
589, 105, 2.824127
589, 106, 1.431670
589, 107, 1.948235
589, 108, 0.639675
589, 109, -0.016499
589, 110, 1.771988
589, 111, 0.780789
589, 112, 1.185186
589, 113, 3.554316
589, 114, 1.046848
589, 115, 2.084646
589, 116, 1.430291
589, 117, 2.375536
589, 118, 1.602901
589, 119, 1.334032
589, 120, 2.301379
589, 121, 3.664593
589, 122, 2.492154
589, 123, 0.346461
589, 124, 2.149926
589, 125, 4.286951
589, 126, 1.245284
589, 127, 0.838413
589, 128, 0.513854
589, 129, 0.068566
589, 130, 1.536904
589, 131, 1.765901
589, 132, 1.469588
589, 133, 0.158527
589, 134, 1.165754
589, 135, 0.744959
589, 136, -0.000010
589, 137, 1.571756
589, 138, 0.987940
589, 139, 0.937750
589, 140, 3.503756
589, 141, 2.345865
589, 142, 3.152518
589, 143, 1.962847
589, 144, 1.517805
589, 145, 1.108290
589, 146, 1.966183
589, 147, 3.910106
589, 148, 2.480981
589, 149, 3.531148
589, 150, 1.562608
589, 151, 1.903068
589, 152, 2.086525
589, 153, 0.000000
589, 154, 1.593774
589, 155, 2.281430
589, 156, -0.010000
589, 157, 3.007406
589, 158, 1.993107
589, 159, 1.077853
589, 160, 2.940615
589, 161, 2.096771
589, 162, 3.457118
589, 163, 2.512115
589, 164, 3.356869
589, 165, 2.996005
589, 166, 3.633486
589, 167, 1.409328
589, 168, 0.324529
589, 169, 1.778090
589, 170, 1.509260
589, 171, 2.804109
589, 172, 2.681633
589, 173, 2.610808
589, 174, 2.193933
589, 175, 1.443581
589, 176, 3.360618
589, 177, 2.487691
589, 178, 0.529260
589, 179, 3.052594
589, 180, 3.511215
589, 181, 0.902097
589, 182, 3.133410
589, 183, -0.040000
589, 184, 0.631502
589, 185, 1.880346
589, 186, 3.359809
589, 187, 0.000000
589, 188, 2.156283
589, 189, 2.848929
589, 190, 2.387929
589, 191, 0.717938
589, 192, 2.131699
589, 193, 2.743848
589, 194, 1.537416
589, 195, -0.281320
589, 196, 3.983291
589, 197, 2.382323
589, 198, 2.282495
589, 199, 1.456492
591, 0, 1.503664
591, 1, 1.547395
591, 2, 2.239115
591, 3, 1.150856
591, 4, -0.339888
591, 5, 1.957833
591, 6, -0.000013
591, 7, 1.283830
591, 8, 3.387259
591, 9, 1.717014
591, 10, 1.799209
591, 11, 2.271102
591, 12, 2.565361
591, 13, 0.000000
591, 14, 2.587999
591, 15, 2.506739
591, 16, 1.129258
591, 17, 3.230860
591, 18, 3.583739
591, 19, 2.606313
591, 20, 4.293331
591, 21, 0.436530
591, 22, 2.161510
591, 23, 1.270559
591, 24, 1.298010
591, 25, 2.046121
591, 26, 1.011809
591, 27, 0.812977
591, 28, 1.978549
591, 29, 1.897538
591, 30, 0.668950
591, 31, 2.602339
591, 32, 0.422124
591, 33, 2.754989
591, 34, 2.397254
591, 35, 2.597836
591, 36, 2.295986
591, 37, 1.609784
591, 38, 0.375477
591, 39, 1.568980
591, 40, 2.691563
591, 41, 1.727275
591, 42, 1.011686
591, 43, 1.442728
591, 44, 0.519650
591, 45, 1.432626
591, 46, 2.245020
591, 47, 1.415481
591, 48, 2.600969
591, 49, -0.160065
591, 50, 2.174345
591, 51, 0.485420
591, 52, 1.514256
591, 53, -0.000015
591, 54, 2.713346
591, 55, 3.170498
591, 56, 2.526822
591, 57, 2.957633
591, 58, 0.829374
591, 59, 1.691667
591, 60, 0.000000
591, 61, 1.402721
591, 62, 2.046886
591, 63, 1.722669
591, 64, 2.057648
591, 65, 3.473427
591, 66, 1.750670
591, 67, 2.511020
591, 68, 1.571999
591, 69, 2.719844
591, 70, 2.955003
591, 71, 2.583014
591, 72, 3.798514
591, 73, 3.225802
591, 74, 1.580833
591, 75, 1.934788
591, 76, 1.049166
591, 77, 1.420346
591, 78, 1.805377
591, 79, 2.797782
591, 80, 2.672214
591, 81, 1.710896
591, 82, -0.114543
591, 83, 1.235292
591, 84, 0.939994
591, 85, 3.020050
591, 86, 3.310248
591, 87, 2.334270
591, 88, 1.398646
591, 89, 0.544654
591, 90, 1.203633
591, 91, 1.333840
591, 92, 0.672629
591, 93, 2.675115
591, 94, 1.668929
591, 95, 0.929957
591, 96, 1.652697
591, 97, 4.306970
591, 98, 2.153102
591, 99, 1.159450
591, 100, 0.792004
591, 101, -0.031273
591, 102, 1.856339
591, 103, 0.000000
591, 104, 3.446935
591, 105, 2.824020
591, 106, 1.431670
591, 107, 1.932684
591, 108, 0.639675
591, 109, 0.320367
591, 110, 1.771988
591, 111, 0.780655
591, 112, 1.185186
591, 113, 3.544228
591, 114, 1.046848
591, 115, 1.999003
591, 116, 1.430291
591, 117, 2.375535
591, 118, 1.601120
591, 119, 1.334032
591, 120, 2.301379
591, 121, 3.668983
591, 122, 2.491351
591, 123, 0.346461
591, 124, 2.149925
591, 125, 4.289216
591, 126, 1.245446
591, 127, 0.838413
591, 128, 0.513854
591, 129, 0.068566
591, 130, 1.536904
591, 131, 1.765901
591, 132, 1.469587
591, 133, 0.158527
591, 134, 1.165754
591, 135, 0.744959
591, 136, -0.000010
591, 137, 1.571608
591, 138, 0.987940
591, 139, 0.937750
591, 140, 3.501633
591, 141, 2.345864
591, 142, 3.153254
591, 143, 1.949911
591, 144, 1.517805
591, 145, 1.108290
591, 146, 1.966183
591, 147, 3.895682
591, 148, 2.480981
591, 149, 3.531107
591, 150, 1.562608
591, 151, 1.908852
591, 152, 2.086525
591, 153, 0.000000
591, 154, 1.593774
591, 155, 2.281430
591, 156, -0.010000
591, 157, 3.007405
591, 158, 1.993107
591, 159, 1.077853
591, 160, 2.935794
591, 161, 2.096771
591, 162, 3.443757
591, 163, 2.512115
591, 164, 3.356870
591, 165, 2.995924
591, 166, 3.624087
591, 167, 1.409328
591, 168, 0.324529
591, 169, 1.778231
591, 170, 1.509260
591, 171, 2.805295
591, 172, 2.685353
591, 173, 2.610126
591, 174, 2.170964
591, 175, 1.443559
591, 176, 3.356692
591, 177, 2.484476
591, 178, 0.529260
591, 179, 3.048908
591, 180, 3.496571
591, 181, 0.902097
591, 182, 3.133410
591, 183, -0.040000
591, 184, 0.631502
591, 185, 1.880346
591, 186, 3.382572
591, 187, 0.000000
591, 188, 2.167927
591, 189, 2.868144
591, 190, 2.387929
591, 191, 0.717938
591, 192, 2.117487
591, 193, 2.742252
591, 194, 1.537414
591, 195, -0.281317
591, 196, 3.980533
591, 197, 2.382323
591, 198, 2.282457
591, 199, 1.456492
593, 0, 1.503664
593, 1, 1.547395
593, 2, 2.228654
593, 3, 1.150858
593, 4, -0.339888
593, 5, 1.958777
593, 6, -0.000013
593, 7, 1.283832
593, 8, 3.367167
593, 9, 1.717014
593, 10, 1.799210
593, 11, 2.271102
593, 12, 2.561189
593, 13, 0.000000
593, 14, 2.587990
593, 15, 2.486579
593, 16, 1.129258
593, 17, 3.227663
593, 18, 3.587312
593, 19, 2.593091
593, 20, 4.295938
593, 21, 0.436530
593, 22, 2.161510
593, 23, 1.270559
593, 24, 1.306124
593, 25, 2.046121
593, 26, 1.011809
593, 27, 0.812977
593, 28, 1.979830
593, 29, 1.896263
593, 30, 0.668950
593, 31, 2.598217
593, 32, 0.422124
593, 33, 2.726996
593, 34, 2.375441
593, 35, 2.597806
593, 36, 2.295921
593, 37, 1.678378
593, 38, 0.375477
593, 39, 1.568980
593, 40, 2.691563
593, 41, 1.727431
593, 42, 1.011686
593, 43, 1.442728
593, 44, 0.519650
593, 45, 1.431495
593, 46, 2.269856
593, 47, 1.415481
593, 48, 2.596408
593, 49, -0.160065
593, 50, 2.174345
593, 51, 0.485420
593, 52, 1.514256
593, 53, -0.000015
593, 54, 2.736443
593, 55, 3.163001
593, 56, 2.531367
593, 57, 2.957668
593, 58, 0.829374
593, 59, 1.691667
593, 60, 0.000000
593, 61, 1.402721
593, 62, 2.046886
593, 63, 1.722669
593, 64, 2.057648
593, 65, 3.473293
593, 66, 1.750670
593, 67, 2.511020
593, 68, 1.571999
593, 69, 2.719844
593, 70, 2.954985
593, 71, 2.584180
593, 72, 3.797362
593, 73, 3.225614
593, 74, 1.580833
593, 75, 1.934788
593, 76, 1.049166
593, 77, 1.420346
593, 78, 1.805377
593, 79, 2.797783
593, 80, 2.672218
593, 81, 1.710896
593, 82, -0.113207
593, 83, 1.235292
593, 84, 0.939994
593, 85, 3.020050
593, 86, 3.320982
593, 87, 2.334270
593, 88, 1.398646
593, 89, 0.544654
593, 90, 1.203631
593, 91, 1.319551
593, 92, 0.672629
593, 93, 2.673527
593, 94, 1.673274
593, 95, 0.913918
593, 96, 1.653081
593, 97, 4.306600
593, 98, 2.153957
593, 99, 1.159450
593, 100, 0.792004
593, 101, -0.031273
593, 102, 1.856339
593, 103, 0.000000
593, 104, 3.444977
593, 105, 2.823015
593, 106, 1.431670
593, 107, 1.949214
593, 108, 0.639675
593, 109, -0.016499
593, 110, 1.771988
593, 111, 0.780589
593, 112, 1.185186
593, 113, 3.554084
593, 114, 1.046848
593, 115, 2.084644
593, 116, 1.430291
593, 117, 2.375535
593, 118, 1.593174
593, 119, 1.334032
593, 120, 2.301379
593, 121, 3.648109
593, 122, 2.491663
593, 123, 0.346461
593, 124, 2.149925
593, 125, 4.283705
593, 126, 1.245662
593, 127, 0.838413
593, 128, 0.513854
593, 129, 0.068566
593, 130, 1.536904
593, 131, 1.765901
593, 132, 1.469587
593, 133, 0.158527
593, 134, 1.165754
593, 135, 0.744959
593, 136, -0.000010
593, 137, 1.571490
593, 138, 0.987940
593, 139, 0.937750
593, 140, 3.507069
593, 141, 2.345865
593, 142, 3.156780
593, 143, 1.949911
593, 144, 1.517805
593, 145, 1.108290
593, 146, 1.966183
593, 147, 3.905209
593, 148, 2.480981
593, 149, 3.530632
593, 150, 1.562608
593, 151, 1.913893
593, 152, 2.086526
593, 153, 0.000000
593, 154, 1.593774
593, 155, 2.281430
593, 156, -0.010000
593, 157, 3.007405
593, 158, 1.993107
593, 159, 1.077853
593, 160, 2.916477
593, 161, 2.096771
593, 162, 3.452159
593, 163, 2.510499
593, 164, 3.356870
593, 165, 2.995479
593, 166, 3.622994
593, 167, 1.409328
593, 168, 0.324529
593, 169, 1.778331
593, 170, 1.509260
593, 171, 2.793279
593, 172, 2.699541
593, 173, 2.610809
593, 174, 2.154661
593, 175, 1.443891
593, 176, 3.359986
593, 177, 2.485361
593, 178, 0.529260
593, 179, 3.048546
593, 180, 3.517174
593, 181, 0.902097
593, 182, 3.133410
593, 183, -0.040000
593, 184, 0.631502
593, 185, 1.880346
593, 186, 3.363045
593, 187, 0.000000
593, 188, 2.172992
593, 189, 2.878659
593, 190, 2.387929
593, 191, 0.717938
593, 192, 2.095183
593, 193, 2.743369
593, 194, 1.537415
593, 195, -0.281318
593, 196, 3.982104
593, 197, 2.383245
593, 198, 2.282429
593, 199, 1.456492
595, 0, 1.503664
595, 1, 1.547395
595, 2, 2.238893
595, 3, 1.150858
595, 4, -0.339888
595, 5, 1.958789
595, 6, -0.000013
595, 7, 1.283833
595, 8, 3.366079
595, 9, 1.717014
595, 10, 1.799210
595, 11, 2.271102
595, 12, 2.558020
595, 13, 0.000000
595, 14, 2.587976
595, 15, 2.501930
595, 16, 1.129258
595, 17, 3.210396
595, 18, 3.588418
595, 19, 2.593091
595, 20, 4.291711
595, 21, 0.436530
595, 22, 2.161510
595, 23, 1.270559
595, 24, 1.307939
595, 25, 2.046121
595, 26, 1.011809
595, 27, 0.812977
595, 28, 1.980738
595, 29, 1.898744
595, 30, 0.668950
595, 31, 2.594995
595, 32, 0.422124
595, 33, 2.744663
595, 34, 2.359750
595, 35, 2.597773
595, 36, 2.294543
595, 37, 1.710658
595, 38, 0.375477
595, 39, 1.568980
595, 40, 2.691563
595, 41, 1.727556
595, 42, 1.011686
595, 43, 1.442728
595, 44, 0.519650
595, 45, 1.433698
595, 46, 2.288997
595, 47, 1.415481
595, 48, 2.600259
595, 49, -0.160065
595, 50, 2.174345
595, 51, 0.485420
595, 52, 1.514256
595, 53, -0.000015
595, 54, 2.748315
595, 55, 3.169597
595, 56, 2.528249
595, 57, 2.957698
595, 58, 0.829374
595, 59, 1.691667
595, 60, 0.000000
595, 61, 1.402721
595, 62, 2.046885
595, 63, 1.722669
595, 64, 2.057648
595, 65, 3.483095
595, 66, 1.750670
595, 67, 2.511020
595, 68, 1.571999
595, 69, 2.719844
595, 70, 2.954268
595, 71, 2.583025
595, 72, 3.797148
595, 73, 3.223652
595, 74, 1.580833
595, 75, 1.934788
595, 76, 1.049166
595, 77, 1.420346
595, 78, 1.805377
595, 79, 2.797782
595, 80, 2.672580
595, 81, 1.710896
595, 82, -0.112740
595, 83, 1.235292
595, 84, 0.939994
595, 85, 3.020050
595, 86, 3.298685
595, 87, 2.346862
595, 88, 1.398646
595, 89, 0.544654
595, 90, 1.203633
595, 91, 1.339691
595, 92, 0.672629
595, 93, 2.663700
595, 94, 1.670513
595, 95, 0.927231
595, 96, 1.653323
595, 97, 4.306165
595, 98, 2.153946
595, 99, 1.159450
595, 100, 0.792004
595, 101, -0.031273
595, 102, 1.856339
595, 103, 0.000000
595, 104, 3.444936
595, 105, 2.825443
595, 106, 1.431670
595, 107, 1.948025
595, 108, 0.639675
595, 109, 0.320577
595, 110, 1.771988
595, 111, 0.780938
595, 112, 1.185186
595, 113, 3.552447
595, 114, 1.046848
595, 115, 1.999037
595, 116, 1.430291
595, 117, 2.375535
595, 118, 1.578167
595, 119, 1.334032
595, 120, 2.301379
595, 121, 3.698875
595, 122, 2.491904
595, 123, 0.346461
595, 124, 2.149925
595, 125, 4.283317
595, 126, 1.245919
595, 127, 0.838413
595, 128, 0.513854
595, 129, 0.068566
595, 130, 1.536904
595, 131, 1.765902
595, 132, 1.469587
595, 133, 0.158527
595, 134, 1.165754
595, 135, 0.744959
595, 136, -0.000010
595, 137, 1.571397
595, 138, 0.987940
595, 139, 0.937750
595, 140, 3.507103
595, 141, 2.345866
595, 142, 3.160798
595, 143, 1.953797
595, 144, 1.517805
595, 145, 1.108290
595, 146, 1.966183
595, 147, 3.905972
595, 148, 2.480981
595, 149, 3.530372
595, 150, 1.562608
595, 151, 1.914928
595, 152, 2.086525
595, 153, 0.000000
595, 154, 1.593774
595, 155, 2.281431
595, 156, -0.010000
595, 157, 3.007406
595, 158, 1.993107
595, 159, 1.077853
595, 160, 2.864204
595, 161, 2.096771
595, 162, 3.455458
595, 163, 2.510499
595, 164, 3.356870
595, 165, 2.996337
595, 166, 3.611229
595, 167, 1.409328
595, 168, 0.324529
595, 169, 1.778533
595, 170, 1.509260
595, 171, 2.804655
595, 172, 2.702780
595, 173, 2.610130
595, 174, 2.163523
595, 175, 1.444250
595, 176, 3.359986
595, 177, 2.495673
595, 178, 0.529260
595, 179, 3.046115
595, 180, 3.506674
595, 181, 0.902097
595, 182, 3.133410
595, 183, -0.040000
595, 184, 0.631502
595, 185, 1.880346
595, 186, 3.390743
595, 187, 0.000000
595, 188, 2.165089
595, 189, 2.866072
595, 190, 2.387929
595, 191, 0.717938
595, 192, 2.085207
595, 193, 2.743601
595, 194, 1.537415
595, 195, -0.281319
595, 196, 3.981965
595, 197, 2.383245
595, 198, 2.282406
595, 199, 1.456492
597, 0, 1.503985
597, 1, 1.547395
597, 2, 2.249981
597, 3, 1.192859
597, 4, -0.339888
597, 5, 1.990790
597, 6, -0.000013
597, 7, 1.283834
597, 8, 3.387909
597, 9, 1.717014
597, 10, 1.799210
597, 11, 2.271102
597, 12, 2.565069
597, 13, 0.000000
597, 14, 2.587969
597, 15, 2.399224
597, 16, 1.129258
597, 17, 3.229356
597, 18, 3.585138
597, 19, 2.603750
597, 20, 4.282395
597, 21, 0.436530
597, 22, 2.178479
597, 23, 1.270559
597, 24, 1.310298
597, 25, 2.046121
597, 26, 1.012508
597, 27, 0.842982
597, 28, 1.981730
597, 29, 1.905886
597, 30, 0.668950
597, 31, 2.600923
597, 32, 0.422124
597, 33, 2.915104
597, 34, 2.390321
597, 35, 2.597746
597, 36, 2.291784
597, 37, 1.641501
597, 38, 0.375477
597, 39, 1.568980
597, 40, 2.697391
597, 41, 1.727658
597, 42, 1.011686
597, 43, 1.442728
597, 44, 0.519650
597, 45, 1.440084
597, 46, 2.488191
597, 47, 1.415481
597, 48, 2.603018
597, 49, -0.160065
597, 50, 2.174345
597, 51, 0.485420
597, 52, 1.514256
597, 53, -0.000015
597, 54, 2.721060
597, 55, 3.169530
597, 56, 2.529997
597, 57, 2.957733
597, 58, 0.829374
597, 59, 1.691667
597, 60, 0.000000
597, 61, 1.402721
597, 62, 2.046885
597, 63, 1.722669
597, 64, 2.057648
597, 65, 3.492273
597, 66, 1.750670
597, 67, 2.511020
597, 68, 1.571999
597, 69, 2.719844
597, 70, 2.954799
597, 71, 2.583027
597, 72, 3.798859
597, 73, 3.225168
597, 74, 1.580833
597, 75, 1.934788
597, 76, 1.049166
597, 77, 1.420346
597, 78, 1.805377
597, 79, 2.797782
597, 80, 2.670056
597, 81, 1.710896
597, 82, -0.117061
597, 83, 1.235292
597, 84, 0.939994
597, 85, 3.020050
597, 86, 3.274988
597, 87, 2.334270
597, 88, 1.398646
597, 89, 0.544654
597, 90, 1.203634
597, 91, 1.380745
597, 92, 0.672629
597, 93, 2.679629
597, 94, 1.667508
597, 95, 0.912508
597, 96, 1.653337
597, 97, 4.297633
597, 98, 2.155851
597, 99, 1.159450
597, 100, 0.792004
597, 101, -0.031273
597, 102, 1.856339
597, 103, 0.000000
597, 104, 3.415304
597, 105, 2.830353
597, 106, 1.431670
597, 107, 1.905777
597, 108, 0.639675
597, 109, 0.351790
597, 110, 1.771988
597, 111, 0.781099
597, 112, 1.185186
597, 113, 3.514870
597, 114, 1.046848
597, 115, 2.084659
597, 116, 1.430291
597, 117, 2.375535
597, 118, 1.567604
597, 119, 1.334032
597, 120, 2.301379
597, 121, 3.703028
597, 122, 2.494403
597, 123, 0.346461
597, 124, 2.149925
597, 125, 4.285614
597, 126, 1.246180
597, 127, 0.838413
597, 128, 0.513854
597, 129, 0.068566
597, 130, 1.536904
597, 131, 1.765901
597, 132, 1.469588
597, 133, 0.158527
597, 134, 1.165754
597, 135, 0.744959
597, 136, -0.000010
597, 137, 1.571309
597, 138, 0.987940
597, 139, 0.937750
597, 140, 3.499839
597, 141, 2.345867
597, 142, 3.153963
597, 143, 1.954730
597, 144, 1.517805
597, 145, 1.108290
597, 146, 1.966183
597, 147, 3.902885
597, 148, 2.480981
597, 149, 3.530896
597, 150, 1.562608
597, 151, 1.916354
597, 152, 2.086525
597, 153, 0.000000
597, 154, 1.593774
597, 155, 2.281431
597, 156, -0.010000
597, 157, 3.007405
597, 158, 1.993107
597, 159, 1.077853
597, 160, 2.925968
597, 161, 2.099828
597, 162, 3.451669
597, 163, 2.510499
597, 164, 3.356869
597, 165, 3.000672
597, 166, 3.623621
597, 167, 1.409328
597, 168, 0.324529
597, 169, 1.778248
597, 170, 1.509260
597, 171, 2.799765
597, 172, 2.710777
597, 173, 2.610806
597, 174, 2.172958
597, 175, 1.445151
597, 176, 3.359986
597, 177, 2.477167
597, 178, 0.529260
597, 179, 3.041944
597, 180, 3.456614
597, 181, 0.902097
597, 182, 3.133410
597, 183, -0.040000
597, 184, 0.631502
597, 185, 1.880346
597, 186, 3.370351
597, 187, 0.000000
597, 188, 2.164703
597, 189, 2.912570
597, 190, 2.387929
597, 191, 0.717938
597, 192, 2.112207
597, 193, 2.742293
597, 194, 1.537416
597, 195, -0.281319
597, 196, 3.981616
597, 197, 2.383245
597, 198, 2.282388
597, 199, 1.456492
599, 0, 1.503664
599, 1, 1.547395
599, 2, 2.277229
599, 3, 1.150859
599, 4, -0.339888
599, 5, 1.947737
599, 6, -0.000013
599, 7, 1.283834
599, 8, 3.413980
599, 9, 1.717014
599, 10, 1.799210
599, 11, 2.271102
599, 12, 2.577702
599, 13, 0.000000
599, 14, 2.587959
599, 15, 2.450926
599, 16, 1.129258
599, 17, 3.226851
599, 18, 3.587758
599, 19, 2.598516
599, 20, 4.260449
599, 21, 0.436530
599, 22, 2.163235
599, 23, 1.270559
599, 24, 1.301204
599, 25, 2.046121
599, 26, 1.011809
599, 27, 0.812977
599, 28, 1.982350
599, 29, 1.907170
599, 30, 0.668950
599, 31, 2.612354
599, 32, 0.422124
599, 33, 2.752122
599, 34, 2.364044
599, 35, 2.597716
599, 36, 2.288762
599, 37, 1.527883
599, 38, 0.375477
599, 39, 1.568980
599, 40, 2.691563
599, 41, 1.727734
599, 42, 1.011686
599, 43, 1.442728
599, 44, 0.519650
599, 45, 1.441288
599, 46, 2.286245
599, 47, 1.415481
599, 48, 2.602360
599, 49, -0.160065
599, 50, 2.174345
599, 51, 0.485420
599, 52, 1.514256
599, 53, -0.000015
599, 54, 2.740494
599, 55, 3.169119
599, 56, 2.522247
599, 57, 2.957766
599, 58, 0.829374
599, 59, 1.691667
599, 60, 0.000000
599, 61, 1.402721
599, 62, 2.046885
599, 63, 1.722669
599, 64, 2.057648
599, 65, 3.469086
599, 66, 1.750670
599, 67, 2.511020
599, 68, 1.571999
599, 69, 2.719844
599, 70, 2.952488
599, 71, 2.593983
599, 72, 3.799226
599, 73, 3.228220
599, 74, 1.580833
599, 75, 1.934788
599, 76, 1.049166
599, 77, 1.420346
599, 78, 1.805377
599, 79, 2.797782
599, 80, 2.668884
599, 81, 1.710896
599, 82, -0.117810
599, 83, 1.235292
599, 84, 0.939994
599, 85, 3.020050
599, 86, 3.262212
599, 87, 2.334270
599, 88, 1.398646
599, 89, 0.544654
599, 90, 1.203634
599, 91, 1.395245
599, 92, 0.672629
599, 93, 2.684154
599, 94, 1.669524
599, 95, 0.889682
599, 96, 1.644012
599, 97, 4.289021
599, 98, 2.168995
599, 99, 1.159450
599, 100, 0.792004
599, 101, -0.031273
599, 102, 1.856339
599, 103, 0.000000
599, 104, 3.408105
599, 105, 2.831970
599, 106, 1.431670
599, 107, 1.912234
599, 108, 0.639675
599, 109, 0.379662
599, 110, 1.771988
599, 111, 0.780814
599, 112, 1.185186
599, 113, 3.554547
599, 114, 1.046848
599, 115, 1.999009
599, 116, 1.430291
599, 117, 2.375535
599, 118, 1.561215
599, 119, 1.334032
599, 120, 2.301379
599, 121, 3.664824
599, 122, 2.496372
599, 123, 0.346461
599, 124, 2.149926
599, 125, 4.281506
599, 126, 1.246450
599, 127, 0.838413
599, 128, 0.513854
599, 129, 0.068566
599, 130, 1.536904
599, 131, 1.765901
599, 132, 1.469588
599, 133, 0.158527
599, 134, 1.165754
599, 135, 0.744959
599, 136, -0.000010
599, 137, 1.571230
599, 138, 0.987940
599, 139, 0.937750
599, 140, 3.489505
599, 141, 2.345867
599, 142, 3.138531
599, 143, 1.951365
599, 144, 1.517805
599, 145, 1.108290
599, 146, 1.966183
599, 147, 3.908326
599, 148, 2.480981
599, 149, 3.530928
599, 150, 1.562608
599, 151, 1.926173
599, 152, 2.086525
599, 153, 0.000000
599, 154, 1.593774
599, 155, 2.281430
599, 156, -0.010000
599, 157, 3.016552
599, 158, 1.993107
599, 159, 1.077853
599, 160, 2.932480
599, 161, 2.099828
599, 162, 3.455099
599, 163, 2.510499
599, 164, 3.356869
599, 165, 2.999700
599, 166, 3.629481
599, 167, 1.409328
599, 168, 0.324529
599, 169, 1.777539
599, 170, 1.509260
599, 171, 2.799942
599, 172, 2.707139
599, 173, 2.610126
599, 174, 2.194981
599, 175, 1.443725
599, 176, 3.358127
599, 177, 2.500540
599, 178, 0.529260
599, 179, 3.045217
599, 180, 3.514377
599, 181, 0.902097
599, 182, 3.133410
599, 183, -0.040000
599, 184, 0.631502
599, 185, 1.880346
599, 186, 3.359656
599, 187, 0.000000
599, 188, 2.161230
599, 189, 2.958371
599, 190, 2.387929
599, 191, 0.717938
599, 192, 2.132735
599, 193, 2.736864
599, 194, 1.537416
599, 195, -0.281320
599, 196, 3.983099
599, 197, 2.383245
599, 198, 2.282371
599, 199, 1.456492
601, 0, 1.503664
601, 1, 1.547395
601, 2, 2.281976
601, 3, 1.150856
601, 4, -0.339888
601, 5, 1.947339
601, 6, -0.000013
601, 7, 1.283832
601, 8, 3.414997
601, 9, 1.717014
601, 10, 1.799209
601, 11, 2.271102
601, 12, 2.594246
601, 13, 0.000000
601, 14, 2.587948
601, 15, 2.398074
601, 16, 1.129258
601, 17, 3.231444
601, 18, 3.586756
601, 19, 2.593091
601, 20, 4.293758
601, 21, 0.436530
601, 22, 2.161510
601, 23, 1.270559
601, 24, 1.279828
601, 25, 2.046121
601, 26, 1.011809
601, 27, 0.812977
601, 28, 1.973403
601, 29, 1.905850
601, 30, 0.668950
601, 31, 2.627353
601, 32, 0.422124
601, 33, 2.741484
601, 34, 2.390437
601, 35, 2.597686
601, 36, 2.292140
601, 37, 1.577940
601, 38, 0.375477
601, 39, 1.568980
601, 40, 2.691563
601, 41, 1.727803
601, 42, 1.011686
601, 43, 1.442728
601, 44, 0.519650
601, 45, 1.440105
601, 46, 2.101443
601, 47, 1.415481
601, 48, 2.602064
601, 49, -0.160065
601, 50, 2.174345
601, 51, 0.485420
601, 52, 1.514256
601, 53, -0.000015
601, 54, 2.784898
601, 55, 3.171226
601, 56, 2.524131
601, 57, 2.957799
601, 58, 0.829374
601, 59, 1.691667
601, 60, 0.000000
601, 61, 1.402721
601, 62, 2.046886
601, 63, 1.722669
601, 64, 2.057648
601, 65, 3.472798
601, 66, 1.750670
601, 67, 2.511020
601, 68, 1.571999
601, 69, 2.719844
601, 70, 2.954540
601, 71, 2.582972
601, 72, 3.799170
601, 73, 3.232195
601, 74, 1.580833
601, 75, 1.934788
601, 76, 1.049166
601, 77, 1.420346
601, 78, 1.805377
601, 79, 2.797782
601, 80, 2.669190
601, 81, 1.710896
601, 82, -0.116659
601, 83, 1.235290
601, 84, 0.939994
601, 85, 3.020049
601, 86, 3.280121
601, 87, 2.334270
601, 88, 1.398646
601, 89, 0.544654
601, 90, 1.203633
601, 91, 1.374645
601, 92, 0.672629
601, 93, 2.631774
601, 94, 1.661638
601, 95, 0.911059
601, 96, 1.634019
601, 97, 4.307461
601, 98, 2.174839
601, 99, 1.159450
601, 100, 0.792004
601, 101, -0.031273
601, 102, 1.856339
601, 103, 0.000000
601, 104, 3.423857
601, 105, 2.829782
601, 106, 1.431670
601, 107, 1.915606
601, 108, 0.639675
601, 109, 0.377493
601, 110, 1.771988
601, 111, 0.779470
601, 112, 1.185186
601, 113, 3.546583
601, 114, 1.046848
601, 115, 2.084644
601, 116, 1.430291
601, 117, 2.375535
601, 118, 1.571078
601, 119, 1.334032
601, 120, 2.301379
601, 121, 3.696204
601, 122, 2.495742
601, 123, 0.346461
601, 124, 2.149925
601, 125, 4.286137
601, 126, 1.246698
601, 127, 0.838413
601, 128, 0.513854
601, 129, 0.068566
601, 130, 1.536905
601, 131, 1.765901
601, 132, 1.469587
601, 133, 0.158527
601, 134, 1.165754
601, 135, 0.744959
601, 136, -0.000010
601, 137, 1.571144
601, 138, 0.987940
601, 139, 0.937750
601, 140, 3.488359
601, 141, 2.345867
601, 142, 3.138349
601, 143, 1.956689
601, 144, 1.517805
601, 145, 1.108290
601, 146, 1.966183
601, 147, 3.903847
601, 148, 2.480981
601, 149, 3.529908
601, 150, 1.562608
601, 151, 1.927758
601, 152, 2.086525
601, 153, 0.000000
601, 154, 1.593774
601, 155, 2.281430
601, 156, -0.010000
601, 157, 3.016660
601, 158, 1.993107
601, 159, 1.077853
601, 160, 2.949057
601, 161, 2.099828
601, 162, 3.451797
601, 163, 2.510499
601, 164, 3.356871
601, 165, 2.998634
601, 166, 3.620351
601, 167, 1.409328
601, 168, 0.324529
601, 169, 1.777090
601, 170, 1.509260
601, 171, 2.821970
601, 172, 2.709572
601, 173, 2.610808
601, 174, 2.215040
601, 175, 1.441132
601, 176, 3.358127
601, 177, 2.503765
601, 178, 0.529260
601, 179, 3.049395
601, 180, 3.484933
601, 181, 0.902097
601, 182, 3.133410
601, 183, -0.040000
601, 184, 0.631502
601, 185, 1.880346
601, 186, 3.373836
601, 187, 0.000000
601, 188, 2.170464
601, 189, 2.979631
601, 190, 2.387929
601, 191, 0.717938
601, 192, 2.080516
601, 193, 2.739796
601, 194, 1.537414
601, 195, -0.281317
601, 196, 3.982242
601, 197, 2.383245
601, 198, 2.282354
601, 199, 1.456491
603, 0, 1.503664
603, 1, 1.547395
603, 2, 2.268290
603, 3, 1.150858
603, 4, -0.339888
603, 5, 1.948915
603, 6, -0.000013
603, 7, 1.283834
603, 8, 3.419261
603, 9, 1.717014
603, 10, 1.799210
603, 11, 2.271102
603, 12, 2.594327
603, 13, 0.000000
603, 14, 2.587939
603, 15, 2.439365
603, 16, 1.129258
603, 17, 3.229604
603, 18, 3.586007
603, 19, 2.593091
603, 20, 4.287428
603, 21, 0.436530
603, 22, 2.161510
603, 23, 1.270559
603, 24, 1.275650
603, 25, 2.046121
603, 26, 1.011809
603, 27, 0.812977
603, 28, 1.974806
603, 29, 1.901978
603, 30, 0.668950
603, 31, 2.627230
603, 32, 0.422124
603, 33, 2.737194
603, 34, 2.363294
603, 35, 2.597657
603, 36, 2.293081
603, 37, 1.524726
603, 38, 0.375477
603, 39, 1.568980
603, 40, 2.691563
603, 41, 1.727876
603, 42, 1.011686
603, 43, 1.442728
603, 44, 0.519650
603, 45, 1.436588
603, 46, 2.184443
603, 47, 1.415481
603, 48, 2.602429
603, 49, -0.160065
603, 50, 2.174345
603, 51, 0.485420
603, 52, 1.514256
603, 53, -0.000015
603, 54, 2.726737
603, 55, 3.170169
603, 56, 2.523543
603, 57, 2.957831
603, 58, 0.829374
603, 59, 1.691667
603, 60, 0.000000
603, 61, 1.402721
603, 62, 2.046886
603, 63, 1.722669
603, 64, 2.057648
603, 65, 3.461828
603, 66, 1.750670
603, 67, 2.511020
603, 68, 1.571999
603, 69, 2.719844
603, 70, 2.952221
603, 71, 2.589685
603, 72, 3.798796
603, 73, 3.232079
603, 74, 1.580833
603, 75, 1.934788
603, 76, 1.049166
603, 77, 1.420346
603, 78, 1.805377
603, 79, 2.797783
603, 80, 2.670383
603, 81, 1.710896
603, 82, -0.114209
603, 83, 1.235292
603, 84, 0.939994
603, 85, 3.020050
603, 86, 3.294690
603, 87, 2.334270
603, 88, 1.398646
603, 89, 0.544654
603, 90, 1.203632
603, 91, 1.353831
603, 92, 0.672629
603, 93, 2.647636
603, 94, 1.670361
603, 95, 0.936174
603, 96, 1.618043
603, 97, 4.305095
603, 98, 2.156885
603, 99, 1.159450
603, 100, 0.792004
603, 101, -0.031273
603, 102, 1.856339
603, 103, 0.000000
603, 104, 3.398504
603, 105, 2.827482
603, 106, 1.431670
603, 107, 1.937842
603, 108, 0.639675
603, 109, 0.400189
603, 110, 1.771988
603, 111, 0.777664
603, 112, 1.185186
603, 113, 3.555728
603, 114, 1.046848
603, 115, 1.999035
603, 116, 1.430291
603, 117, 2.375535
603, 118, 1.560366
603, 119, 1.334032
603, 120, 2.301379
603, 121, 3.640197
603, 122, 2.496464
603, 123, 0.346461
603, 124, 2.149925
603, 125, 4.278065
603, 126, 1.246947
603, 127, 0.838413
603, 128, 0.513854
603, 129, 0.068566
603, 130, 1.536904
603, 131, 1.765901
603, 132, 1.469587
603, 133, 0.158527
603, 134, 1.165754
603, 135, 0.744959
603, 136, -0.000010
603, 137, 1.571063
603, 138, 0.987940
603, 139, 0.937750
603, 140, 3.489599
603, 141, 2.345867
603, 142, 3.147853
603, 143, 1.958152
603, 144, 1.517805
603, 145, 1.108290
603, 146, 1.966183
603, 147, 3.902626
603, 148, 2.480981
603, 149, 3.530720
603, 150, 1.562608
603, 151, 1.916732
603, 152, 2.086526
603, 153, 0.000000
603, 154, 1.593774
603, 155, 2.281430
603, 156, -0.010000
603, 157, 3.017072
603, 158, 1.993107
603, 159, 1.077853
603, 160, 2.942623
603, 161, 2.099828
603, 162, 3.454145
603, 163, 2.510499
603, 164, 3.356869
603, 165, 2.997498
603, 166, 3.621706
603, 167, 1.409328
603, 168, 0.324529
603, 169, 1.776949
603, 170, 1.509260
603, 171, 2.809410
603, 172, 2.714756
603, 173, 2.610130
603, 174, 2.164697
603, 175, 1.439735
603, 176, 3.364767
603, 177, 2.461728
603, 178, 0.529260
603, 179, 3.047968
603, 180, 3.513708
603, 181, 0.902097
603, 182, 3.133410
603, 183, -0.040000
603, 184, 0.631502
603, 185, 1.880346
603, 186, 3.378295
603, 187, 0.000000
603, 188, 2.170136
603, 189, 2.985637
603, 190, 2.387929
603, 191, 0.717938
603, 192, 2.124711
603, 193, 2.744759
603, 194, 1.537415
603, 195, -0.281318
603, 196, 3.981620
603, 197, 2.384299
603, 198, 2.282341
603, 199, 1.456491
605, 0, 1.503664
605, 1, 1.547395
605, 2, 2.283709
605, 3, 1.150858
605, 4, -0.339888
605, 5, 1.950681
605, 6, -0.000013
605, 7, 1.283834
605, 8, 3.396033
605, 9, 1.717014
605, 10, 1.799210
605, 11, 2.271102
605, 12, 2.591061
605, 13, 0.000000
605, 14, 2.587927
605, 15, 2.471509
605, 16, 1.129258
605, 17, 3.227254
605, 18, 3.588028
605, 19, 2.597306
605, 20, 4.276603
605, 21, 0.436530
605, 22, 2.161510
605, 23, 1.270559
605, 24, 1.264747
605, 25, 2.046121
605, 26, 1.011809
605, 27, 0.812977
605, 28, 1.975254
605, 29, 1.900028
605, 30, 0.668950
605, 31, 2.627046
605, 32, 0.422124
605, 33, 2.751208
605, 34, 2.337026
605, 35, 2.597627
605, 36, 2.294204
605, 37, 1.615201
605, 38, 0.375477
605, 39, 1.568980
605, 40, 2.691563
605, 41, 1.727929
605, 42, 1.011686
605, 43, 1.442728
605, 44, 0.519650
605, 45, 1.434833
605, 46, 2.222289
605, 47, 1.415481
605, 48, 2.603328
605, 49, -0.160065
605, 50, 2.174345
605, 51, 0.485420
605, 52, 1.514256
605, 53, -0.000015
605, 54, 2.743323
605, 55, 3.171408
605, 56, 2.525166
605, 57, 2.957863
605, 58, 0.829374
605, 59, 1.691667
605, 60, 0.000000
605, 61, 1.402721
605, 62, 2.046885
605, 63, 1.722669
605, 64, 2.057648
605, 65, 3.485634
605, 66, 1.750670
605, 67, 2.511020
605, 68, 1.571999
605, 69, 2.719844
605, 70, 2.951559
605, 71, 2.586309
605, 72, 3.798609
605, 73, 3.231950
605, 74, 1.580833
605, 75, 1.934788
605, 76, 1.049166
605, 77, 1.420346
605, 78, 1.805377
605, 79, 2.797782
605, 80, 2.671339
605, 81, 1.710896
605, 82, -0.112976
605, 83, 1.235293
605, 84, 0.939994
605, 85, 3.020050
605, 86, 3.302482
605, 87, 2.334270
605, 88, 1.398646
605, 89, 0.544654
605, 90, 1.203633
605, 91, 1.342780
605, 92, 0.672629
605, 93, 2.663510
605, 94, 1.670376
605, 95, 0.936756
605, 96, 1.617078
605, 97, 4.307178
605, 98, 2.148665
605, 99, 1.159450
605, 100, 0.792004
605, 101, -0.031273
605, 102, 1.856339
605, 103, 0.000000
605, 104, 3.438604
605, 105, 2.826243
605, 106, 1.431670
605, 107, 1.940453
605, 108, 0.639675
605, 109, 0.372254
605, 110, 1.771988
605, 111, 0.775901
605, 112, 1.185186
605, 113, 3.555109
605, 114, 1.046848
605, 115, 2.084658
605, 116, 1.430291
605, 117, 2.375535
605, 118, 1.556924
605, 119, 1.334032
605, 120, 2.301379
605, 121, 3.678480
605, 122, 2.494485
605, 123, 0.346461
605, 124, 2.149925
605, 125, 4.284005
605, 126, 1.247206
605, 127, 0.838413
605, 128, 0.513854
605, 129, 0.068566
605, 130, 1.536904
605, 131, 1.765901
605, 132, 1.469587
605, 133, 0.158527
605, 134, 1.165754
605, 135, 0.744959
605, 136, -0.000010
605, 137, 1.570991
605, 138, 0.987940
605, 139, 0.937750
605, 140, 3.492846
605, 141, 2.345868
605, 142, 3.140175
605, 143, 1.956370
605, 144, 1.517805
605, 145, 1.108290
605, 146, 1.966183
605, 147, 3.892404
605, 148, 2.480981
605, 149, 3.530598
605, 150, 1.562608
605, 151, 1.910795
605, 152, 2.086525
605, 153, 0.000000
605, 154, 1.593774
605, 155, 2.281431
605, 156, -0.010000
605, 157, 3.017073
605, 158, 1.993107
605, 159, 1.077853
605, 160, 2.921266
605, 161, 2.099828
605, 162, 3.444669
605, 163, 2.510499
605, 164, 3.356869
605, 165, 2.996933
605, 166, 3.620837
605, 167, 1.409328
605, 168, 0.324529
605, 169, 1.777280
605, 170, 1.509260
605, 171, 2.819941
605, 172, 2.691037
605, 173, 2.610806
605, 174, 2.177835
605, 175, 1.440152
605, 176, 3.364767
605, 177, 2.485700
605, 178, 0.529260
605, 179, 3.050383
605, 180, 3.513268
605, 181, 0.902097
605, 182, 3.133410
605, 183, -0.040000
605, 184, 0.631502
605, 185, 1.880346
605, 186, 3.378195
605, 187, 0.000000
605, 188, 2.176889
605, 189, 2.896876
605, 190, 2.387929
605, 191, 0.717938
605, 192, 2.093802
605, 193, 2.745217
605, 194, 1.537415
605, 195, -0.281319
605, 196, 3.976818
605, 197, 2.384299
605, 198, 2.282326
605, 199, 1.456491
607, 0, 1.503664
607, 1, 1.547396
607, 2, 2.290417
607, 3, 1.150859
607, 4, -0.339888
607, 5, 1.954148
607, 6, -0.000013
607, 7, 1.283834
607, 8, 3.417764
607, 9, 1.717014
607, 10, 1.799210
607, 11, 2.271102
607, 12, 2.583007
607, 13, 0.000000
607, 14, 2.587917
607, 15, 2.487575
607, 16, 1.129258
607, 17, 3.231282
607, 18, 3.587280
607, 19, 2.605296
607, 20, 4.282687
607, 21, 0.436530
607, 22, 2.161510
607, 23, 1.270559
607, 24, 1.255350
607, 25, 2.046121
607, 26, 1.011809
607, 27, 0.812977
607, 28, 1.978310
607, 29, 1.894560
607, 30, 0.668950
607, 31, 2.619434
607, 32, 0.422124
607, 33, 2.740102
607, 34, 2.380870
607, 35, 2.597597
607, 36, 2.297101
607, 37, 1.675922
607, 38, 0.375477
607, 39, 1.568980
607, 40, 2.691563
607, 41, 1.727989
607, 42, 1.011686
607, 43, 1.442728
607, 44, 0.519650
607, 45, 1.431413
607, 46, 2.247592
607, 47, 1.415481
607, 48, 2.601640
607, 49, -0.160065
607, 50, 2.174345
607, 51, 0.485420
607, 52, 1.514256
607, 53, -0.000015
607, 54, 2.782025
607, 55, 3.170350
607, 56, 2.527240
607, 57, 2.957893
607, 58, 0.829374
607, 59, 1.691667
607, 60, 0.000000
607, 61, 1.402721
607, 62, 2.046885
607, 63, 1.722669
607, 64, 2.057648
607, 65, 3.487855
607, 66, 1.750670
607, 67, 2.511020
607, 68, 1.571999
607, 69, 2.719844
607, 70, 2.951972
607, 71, 2.583013
607, 72, 3.797739
607, 73, 3.229794
607, 74, 1.580833
607, 75, 1.934788
607, 76, 1.049166
607, 77, 1.420346
607, 78, 1.805377
607, 79, 2.797782
607, 80, 2.672241
607, 81, 1.710896
607, 82, -0.110654
607, 83, 1.235293
607, 84, 0.939994
607, 85, 3.020050
607, 86, 3.294061
607, 87, 2.334270
607, 88, 1.398646
607, 89, 0.544654
607, 90, 1.203634
607, 91, 1.344013
607, 92, 0.672629
607, 93, 2.680124
607, 94, 1.661741
607, 95, 0.918475
607, 96, 1.616472
607, 97, 4.302850
607, 98, 2.156921
607, 99, 1.159450
607, 100, 0.792004
607, 101, -0.031273
607, 102, 1.856339
607, 103, 0.000000
607, 104, 3.461476
607, 105, 2.826414
607, 106, 1.431670
607, 107, 1.920539
607, 108, 0.639675
607, 109, 0.340359
607, 110, 1.771988
607, 111, 0.774699
607, 112, 1.185186
607, 113, 3.542505
607, 114, 1.046848
607, 115, 1.999010
607, 116, 1.430291
607, 117, 2.375535
607, 118, 1.569555
607, 119, 1.334032
607, 120, 2.301379
607, 121, 3.689307
607, 122, 2.492088
607, 123, 0.346461
607, 124, 2.149925
607, 125, 4.285601
607, 126, 1.247447
607, 127, 0.838413
607, 128, 0.513854
607, 129, 0.068566
607, 130, 1.536904
607, 131, 1.765901
607, 132, 1.469588
607, 133, 0.158527
607, 134, 1.165754
607, 135, 0.744959
607, 136, -0.000010
607, 137, 1.570914
607, 138, 0.987940
607, 139, 0.937750
607, 140, 3.489053
607, 141, 2.345868
607, 142, 3.143478
607, 143, 1.962818
607, 144, 1.517805
607, 145, 1.108290
607, 146, 1.966183
607, 147, 3.911608
607, 148, 2.480981
607, 149, 3.531101
607, 150, 1.562608
607, 151, 1.913622
607, 152, 2.086525
607, 153, 0.000000
607, 154, 1.593774
607, 155, 2.281431
607, 156, -0.010000
607, 157, 3.017073
607, 158, 1.993107
607, 159, 1.077853
607, 160, 2.943906
607, 161, 2.095658
607, 162, 3.454280
607, 163, 2.510499
607, 164, 3.356869
607, 165, 2.997191
607, 166, 3.629491
607, 167, 1.409328
607, 168, 0.324529
607, 169, 1.777635
607, 170, 1.509260
607, 171, 2.809201
607, 172, 2.660446
607, 173, 2.610126
607, 174, 2.170778
607, 175, 1.440679
607, 176, 3.364767
607, 177, 2.480817
607, 178, 0.529260
607, 179, 3.047199
607, 180, 3.490738
607, 181, 0.902097
607, 182, 3.133410
607, 183, -0.040000
607, 184, 0.631502
607, 185, 1.880346
607, 186, 3.353267
607, 187, 0.000000
607, 188, 2.181711
607, 189, 2.917532
607, 190, 2.387929
607, 191, 0.717938
607, 192, 2.107624
607, 193, 2.737014
607, 194, 1.537416
607, 195, -0.281319
607, 196, 3.982584
607, 197, 2.384299
607, 198, 2.282312
607, 199, 1.456492
609, 0, 1.503664
609, 1, 1.547395
609, 2, 2.268162
609, 3, 1.150859
609, 4, -0.339888
609, 5, 1.951147
609, 6, -0.000013
609, 7, 1.283834
609, 8, 3.420253
609, 9, 1.717014
609, 10, 1.799210
609, 11, 2.271102
609, 12, 2.593566
609, 13, 0.000000
609, 14, 2.587909
609, 15, 2.547041
609, 16, 1.129258
609, 17, 3.210798
609, 18, 3.584250
609, 19, 2.599164
609, 20, 4.280144
609, 21, 0.436530
609, 22, 2.161510
609, 23, 1.270559
609, 24, 1.257112
609, 25, 2.046121
609, 26, 1.011809
609, 27, 0.812977
609, 28, 1.980214
609, 29, 1.897474
609, 30, 0.668950
609, 31, 2.628572
609, 32, 0.422124
609, 33, 2.730332
609, 34, 2.372238
609, 35, 2.597570
609, 36, 2.293441
609, 37, 1.740851
609, 38, 0.375477
609, 39, 1.568980
609, 40, 2.691563
609, 41, 1.728047
609, 42, 1.011686
609, 43, 1.442728
609, 44, 0.519650
609, 45, 1.434012
609, 46, 2.258071
609, 47, 1.415481
609, 48, 2.597405
609, 49, -0.160065
609, 50, 2.174345
609, 51, 0.485420
609, 52, 1.514256
609, 53, -0.000015
609, 54, 2.781722
609, 55, 3.168014
609, 56, 2.534544
609, 57, 2.957927
609, 58, 0.829374
609, 59, 1.691667
609, 60, 0.000000
609, 61, 1.402721
609, 62, 2.046885
609, 63, 1.722669
609, 64, 2.057648
609, 65, 3.470787
609, 66, 1.750670
609, 67, 2.511020
609, 68, 1.571999
609, 69, 2.719844
609, 70, 2.954921
609, 71, 2.583022
609, 72, 3.797929
609, 73, 3.233494
609, 74, 1.580833
609, 75, 1.934788
609, 76, 1.049166
609, 77, 1.420346
609, 78, 1.805377
609, 79, 2.797782
609, 80, 2.670994
609, 81, 1.710896
609, 82, -0.114766
609, 83, 1.235285
609, 84, 0.939994
609, 85, 3.020050
609, 86, 3.294784
609, 87, 2.361339
609, 88, 1.398646
609, 89, 0.544654
609, 90, 1.203634
609, 91, 1.355748
609, 92, 0.672629
609, 93, 2.678356
609, 94, 1.650702
609, 95, 0.900482
609, 96, 1.616092
609, 97, 4.303839
609, 98, 2.156231
609, 99, 1.159450
609, 100, 0.792004
609, 101, -0.031273
609, 102, 1.856339
609, 103, 0.000000
609, 104, 3.461483
609, 105, 2.827794
609, 106, 1.431670
609, 107, 1.905022
609, 108, 0.639675
609, 109, 0.340359
609, 110, 1.771988
609, 111, 0.773507
609, 112, 1.185186
609, 113, 3.554194
609, 114, 1.046848
609, 115, 2.084647
609, 116, 1.430291
609, 117, 2.375484
609, 118, 1.569793
609, 119, 1.334032
609, 120, 2.301379
609, 121, 3.679509
609, 122, 2.492088
609, 123, 0.346461
609, 124, 2.149926
609, 125, 4.286365
609, 126, 1.247674
609, 127, 0.838413
609, 128, 0.513854
609, 129, 0.068566
609, 130, 1.536904
609, 131, 1.765901
609, 132, 1.469588
609, 133, 0.158527
609, 134, 1.165754
609, 135, 0.744959
609, 136, -0.000010
609, 137, 1.570833
609, 138, 0.987940
609, 139, 0.937750
609, 140, 3.487082
609, 141, 2.345870
609, 142, 3.146728
609, 143, 1.962996
609, 144, 1.517805
609, 145, 1.108290
609, 146, 1.966183
609, 147, 3.906348
609, 148, 2.480981
609, 149, 3.530587
609, 150, 1.562608
609, 151, 1.920454
609, 152, 2.086525
609, 153, 0.000000
609, 154, 1.593774
609, 155, 2.281430
609, 156, -0.010000
609, 157, 3.017073
609, 158, 1.993107
609, 159, 1.077853
609, 160, 2.862871
609, 161, 2.095658
609, 162, 3.459023
609, 163, 2.510499
609, 164, 3.356869
609, 165, 2.998190
609, 166, 3.620625
609, 167, 1.409328
609, 168, 0.324529
609, 169, 1.777921
609, 170, 1.509260
609, 171, 2.804712
609, 172, 2.680347
609, 173, 2.610808
609, 174, 2.147951
609, 175, 1.441282
609, 176, 3.364767
609, 177, 2.489108
609, 178, 0.529260
609, 179, 3.048761
609, 180, 3.516619
609, 181, 0.902097
609, 182, 3.133410
609, 183, -0.040000
609, 184, 0.631502
609, 185, 1.880346
609, 186, 3.386093
609, 187, 0.000000
609, 188, 2.157372
609, 189, 2.796532
609, 190, 2.387929
609, 191, 0.717938
609, 192, 2.084465
609, 193, 2.743052
609, 194, 1.537418
609, 195, -0.281320
609, 196, 3.982846
609, 197, 2.384299
609, 198, 2.282301
609, 199, 1.456503
611, 0, 1.503664
611, 1, 1.547395
611, 2, 2.257079
611, 3, 1.150856
611, 4, -0.339888
611, 5, 1.950859
611, 6, -0.000013
611, 7, 1.283831
611, 8, 3.430640
611, 9, 1.717014
611, 10, 1.799209
611, 11, 2.271102
611, 12, 2.588288
611, 13, 0.000000
611, 14, 2.587898
611, 15, 2.536275
611, 16, 1.129258
611, 17, 3.229287
611, 18, 3.588363
611, 19, 2.595514
611, 20, 4.292590
611, 21, 0.436530
611, 22, 2.161510
611, 23, 1.270559
611, 24, 1.254516
611, 25, 2.046121
611, 26, 1.011809
611, 27, 0.812977
611, 28, 1.980459
611, 29, 1.895571
611, 30, 0.668950
611, 31, 2.623509
611, 32, 0.422124
611, 33, 2.729842
611, 34, 2.358738
611, 35, 2.597541
611, 36, 2.295171
611, 37, 1.738174
611, 38, 0.375477
611, 39, 1.568980
611, 40, 2.691563
611, 41, 1.728093
611, 42, 1.011686
611, 43, 1.442728
611, 44, 0.519650
611, 45, 1.432328
611, 46, 2.262022
611, 47, 1.415481
611, 48, 2.596416
611, 49, -0.160065
611, 50, 2.174345
611, 51, 0.485420
611, 52, 1.514256
611, 53, -0.000015
611, 54, 2.750216
611, 55, 3.170645
611, 56, 2.531082
611, 57, 2.957958
611, 58, 0.829374
611, 59, 1.691667
611, 60, 0.000000
611, 61, 1.402721
611, 62, 2.046886
611, 63, 1.722669
611, 64, 2.057648
611, 65, 3.471991
611, 66, 1.750670
611, 67, 2.511020
611, 68, 1.571999
611, 69, 2.719844
611, 70, 2.953819
611, 71, 2.585048
611, 72, 3.798563
611, 73, 3.232008
611, 74, 1.580833
611, 75, 1.934788
611, 76, 1.049166
611, 77, 1.420346
611, 78, 1.805377
611, 79, 2.797782
611, 80, 2.670887
611, 81, 1.710896
611, 82, -0.114167
611, 83, 1.235270
611, 84, 0.939994
611, 85, 3.020049
611, 86, 3.307326
611, 87, 2.334270
611, 88, 1.398646
611, 89, 0.544654
611, 90, 1.203633
611, 91, 1.341886
611, 92, 0.672629
611, 93, 2.647799
611, 94, 1.650049
611, 95, 0.933515
611, 96, 1.610999
611, 97, 4.306900
611, 98, 2.157637
611, 99, 1.159450
611, 100, 0.792004
611, 101, -0.031273
611, 102, 1.856339
611, 103, 0.000000
611, 104, 3.460014
611, 105, 2.826234
611, 106, 1.431670
611, 107, 1.907552
611, 108, 0.639675
611, 109, 0.340359
611, 110, 1.771988
611, 111, 0.772154
611, 112, 1.185186
611, 113, 3.554976
611, 114, 1.046848
611, 115, 1.999001
611, 116, 1.430291
611, 117, 2.375374
611, 118, 1.581047
611, 119, 1.334032
611, 120, 2.301379
611, 121, 3.622185
611, 122, 2.492088
611, 123, 0.346461
611, 124, 2.149925
611, 125, 4.274838
611, 126, 1.247905
611, 127, 0.838413
611, 128, 0.513854
611, 129, 0.068566
611, 130, 1.536905
611, 131, 1.765901
611, 132, 1.469587
611, 133, 0.158527
611, 134, 1.165754
611, 135, 0.744959
611, 136, -0.000010
611, 137, 1.570760
611, 138, 0.987940
611, 139, 0.937750
611, 140, 3.494898
611, 141, 2.345869
611, 142, 3.152736
611, 143, 1.968995
611, 144, 1.517805
611, 145, 1.108290
611, 146, 1.966183
611, 147, 3.893517
611, 148, 2.480981
611, 149, 3.531175
611, 150, 1.562608
611, 151, 1.920788
611, 152, 2.086525
611, 153, 0.000000
611, 154, 1.593774
611, 155, 2.281430
611, 156, -0.010000
611, 157, 3.017831
611, 158, 1.993107
611, 159, 1.077853
611, 160, 2.923668
611, 161, 2.095658
611, 162, 3.460644
611, 163, 2.510499
611, 164, 3.356870
611, 165, 2.997474
611, 166, 3.629537
611, 167, 1.409328
611, 168, 0.324529
611, 169, 1.778090
611, 170, 1.509260
611, 171, 2.814029
611, 172, 2.662808
611, 173, 2.610126
611, 174, 2.158343
611, 175, 1.441837
611, 176, 3.365329
611, 177, 2.497131
611, 178, 0.529260
611, 179, 3.045573
611, 180, 3.511263
611, 181, 0.902097
611, 182, 3.133410
611, 183, -0.040000
611, 184, 0.631502
611, 185, 1.880346
611, 186, 3.382248
611, 187, 0.000000
611, 188, 2.139872
611, 189, 2.826696
611, 190, 2.387929
611, 191, 0.717938
611, 192, 2.127926
611, 193, 2.740986
611, 194, 1.537418
611, 195, -0.281317
611, 196, 3.977329
611, 197, 2.387104
611, 198, 2.282285
611, 199, 1.456530
613, 0, 1.503664
613, 1, 1.547395
613, 2, 2.251640
613, 3, 1.150858
613, 4, -0.339888
613, 5, 1.951769
613, 6, -0.000013
613, 7, 1.283832
613, 8, 3.387693
613, 9, 1.717014
613, 10, 1.799210
613, 11, 2.271102
613, 12, 2.582245
613, 13, 0.000000
613, 14, 2.587889
613, 15, 2.500694
613, 16, 1.129258
613, 17, 3.224402
613, 18, 3.573074
613, 19, 2.608523
613, 20, 4.225513
613, 21, 0.436530
613, 22, 2.161510
613, 23, 1.270559
613, 24, 1.274899
613, 25, 2.046121
613, 26, 1.011809
613, 27, 0.812977
613, 28, 1.979877
613, 29, 1.894610
613, 30, 0.668950
613, 31, 2.617768
613, 32, 0.422124
613, 33, 2.737283
613, 34, 2.341435
613, 35, 2.597513
613, 36, 2.294379
613, 37, 1.768123
613, 38, 0.375477
613, 39, 1.568980
613, 40, 2.691563
613, 41, 1.728150
613, 42, 1.011686
613, 43, 1.442728
613, 44, 0.519650
613, 45, 1.431485
613, 46, 2.263299
613, 47, 1.415481
613, 48, 2.597197
613, 49, -0.160065
613, 50, 2.174345
613, 51, 0.485420
613, 52, 1.514256
613, 53, -0.000015
613, 54, 2.768380
613, 55, 3.171021
613, 56, 2.533054
613, 57, 2.957989
613, 58, 0.829374
613, 59, 1.691667
613, 60, 0.000000
613, 61, 1.402721
613, 62, 2.046886
613, 63, 1.722669
613, 64, 2.057648
613, 65, 3.466836
613, 66, 1.750670
613, 67, 2.511020
613, 68, 1.571999
613, 69, 2.719844
613, 70, 2.950467
613, 71, 2.583904
613, 72, 3.798674
613, 73, 3.230313
613, 74, 1.580833
613, 75, 1.934788
613, 76, 1.049166
613, 77, 1.420346
613, 78, 1.805377
613, 79, 2.797783
613, 80, 2.671387
613, 81, 1.710896
613, 82, -0.113057
613, 83, 1.235093
613, 84, 0.939994
613, 85, 3.020050
613, 86, 3.313311
613, 87, 2.334270
613, 88, 1.398646
613, 89, 0.544654
613, 90, 1.203634
613, 91, 1.332894
613, 92, 0.672629
613, 93, 2.672574
613, 94, 1.651100
613, 95, 0.928196
613, 96, 1.611501
613, 97, 4.281782
613, 98, 2.160505
613, 99, 1.159450
613, 100, 0.792004
613, 101, -0.031273
613, 102, 1.856339
613, 103, 0.000000
613, 104, 3.437768
613, 105, 2.825213
613, 106, 1.431670
613, 107, 1.930253
613, 108, 0.639675
613, 109, 0.324070
613, 110, 1.771988
613, 111, 0.771212
613, 112, 1.185186
613, 113, 3.538213
613, 114, 1.046848
613, 115, 2.084642
613, 116, 1.430291
613, 117, 2.375309
613, 118, 1.577424
613, 119, 1.334032
613, 120, 2.301379
613, 121, 3.678505
613, 122, 2.492068
613, 123, 0.346461
613, 124, 2.149925
613, 125, 4.284357
613, 126, 1.248144
613, 127, 0.838413
613, 128, 0.513854
613, 129, 0.068566
613, 130, 1.536904
613, 131, 1.765901
613, 132, 1.469588
613, 133, 0.158527
613, 134, 1.165754
613, 135, 0.744959
613, 136, -0.000010
613, 137, 1.570693
613, 138, 0.987940
613, 139, 0.937750
613, 140, 3.496658
613, 141, 2.345870
613, 142, 3.156984
613, 143, 1.967143
613, 144, 1.517805
613, 145, 1.108290
613, 146, 1.966183
613, 147, 3.892306
613, 148, 2.480981
613, 149, 3.531070
613, 150, 1.562608
613, 151, 1.921834
613, 152, 2.086525
613, 153, 0.000000
613, 154, 1.593774
613, 155, 2.281430
613, 156, -0.010000
613, 157, 3.017830
613, 158, 1.993107
613, 159, 1.077853
613, 160, 2.900517
613, 161, 2.095658
613, 162, 3.459775
613, 163, 2.510499
613, 164, 3.356870
613, 165, 2.997147
613, 166, 3.627854
613, 167, 1.409328
613, 168, 0.324529
613, 169, 1.778299
613, 170, 1.509260
613, 171, 2.813117
613, 172, 2.693745
613, 173, 2.610808
613, 174, 2.158784
613, 175, 1.442424
613, 176, 3.365329
613, 177, 2.488927
613, 178, 0.529260
613, 179, 3.045220
613, 180, 3.484516
613, 181, 0.902097
613, 182, 3.133410
613, 183, -0.040000
613, 184, 0.631502
613, 185, 1.880346
613, 186, 3.377361
613, 187, 0.000000
613, 188, 2.130887
613, 189, 2.820349
613, 190, 2.387929
613, 191, 0.717938
613, 192, 2.109632
613, 193, 2.741030
613, 194, 1.537419
613, 195, -0.281318
613, 196, 3.980024
613, 197, 2.383090
613, 198, 2.282273
613, 199, 1.456663
615, 0, 1.503664
615, 1, 1.547395
615, 2, 2.272156
615, 3, 1.150858
615, 4, -0.339888
615, 5, 1.953246
615, 6, -0.000013
615, 7, 1.283833
615, 8, 3.362976
615, 9, 1.717014
615, 10, 1.799210
615, 11, 2.271102
615, 12, 2.576463
615, 13, 0.000000
615, 14, 2.587713
615, 15, 2.528887
615, 16, 1.129258
615, 17, 3.231379
615, 18, 3.580912
615, 19, 2.593091
615, 20, 4.270988
615, 21, 0.436530
615, 22, 2.161510
615, 23, 1.270559
615, 24, 1.273046
615, 25, 2.046121
615, 26, 1.011809
615, 27, 0.812977
615, 28, 1.978851
615, 29, 1.892616
615, 30, 0.668950
615, 31, 2.612268
615, 32, 0.422124
615, 33, 2.694605
615, 34, 2.386427
615, 35, 2.597367
615, 36, 2.296587
615, 37, 1.680598
615, 38, 0.375477
615, 39, 1.568980
615, 40, 2.691563
615, 41, 1.728197
615, 42, 1.011686
615, 43, 1.442728
615, 44, 0.519650
615, 45, 1.429735
615, 46, 2.273646
615, 47, 1.415481
615, 48, 2.596712
615, 49, -0.160065
615, 50, 2.174345
615, 51, 0.485420
615, 52, 1.514256
615, 53, -0.000015
615, 54, 2.778859
615, 55, 3.166461
615, 56, 2.528116
615, 57, 2.957941
615, 58, 0.829374
615, 59, 1.691667
615, 60, 0.000000
615, 61, 1.402721
615, 62, 2.046885
615, 63, 1.722669
615, 64, 2.057648
615, 65, 3.477463
615, 66, 1.750670
615, 67, 2.511020
615, 68, 1.571999
615, 69, 2.719844
615, 70, 2.954400
615, 71, 2.588015
615, 72, 3.798896
615, 73, 3.228653
615, 74, 1.580833
615, 75, 1.934788
615, 76, 1.049166
615, 77, 1.420346
615, 78, 1.805377
615, 79, 2.797782
615, 80, 2.671956
615, 81, 1.710896
615, 82, -0.111839
615, 83, 1.234969
615, 84, 0.939994
615, 85, 3.020049
615, 86, 3.325993
615, 87, 2.334270
615, 88, 1.398646
615, 89, 0.544654
615, 90, 1.203634
615, 91, 1.316983
615, 92, 0.672629
615, 93, 2.674182
615, 94, 1.646001
615, 95, 0.911564
615, 96, 1.604432
615, 97, 4.306773
615, 98, 2.162069
615, 99, 1.159450
615, 100, 0.792004
615, 101, -0.031273
615, 102, 1.856339
615, 103, 0.000000
615, 104, 3.460047
615, 105, 2.823345
615, 106, 1.431670
615, 107, 1.960556
615, 108, 0.639675
615, 109, 0.324070
615, 110, 1.771988
615, 111, 0.770795
615, 112, 1.185186
615, 113, 3.555128
615, 114, 1.046848
615, 115, 1.999038
615, 116, 1.430291
615, 117, 2.375018
615, 118, 1.574393
615, 119, 1.334032
615, 120, 2.301379
615, 121, 3.650981
615, 122, 2.492052
615, 123, 0.346461
615, 124, 2.149925
615, 125, 4.277213
615, 126, 1.248473
615, 127, 0.838413
615, 128, 0.513854
615, 129, 0.068566
615, 130, 1.536904
615, 131, 1.765902
615, 132, 1.469588
615, 133, 0.158527
615, 134, 1.165754
615, 135, 0.744959
615, 136, -0.000010
615, 137, 1.570673
615, 138, 0.987940
615, 139, 0.937750
615, 140, 3.501987
615, 141, 2.345871
615, 142, 3.150671
615, 143, 1.965602
615, 144, 1.517805
615, 145, 1.108290
615, 146, 1.966183
615, 147, 3.887603
615, 148, 2.480981
615, 149, 3.529863
615, 150, 1.562608
615, 151, 1.921930
615, 152, 2.086525
615, 153, 0.000000
615, 154, 1.593774
615, 155, 2.281431
615, 156, -0.010000
615, 157, 3.023146
615, 158, 1.993107
615, 159, 1.077853
615, 160, 2.936828
615, 161, 2.095658
615, 162, 3.461227
615, 163, 2.510499
615, 164, 3.356869
615, 165, 2.996464
615, 166, 3.625050
615, 167, 1.409328
615, 168, 0.324529
615, 169, 1.778516
615, 170, 1.509260
615, 171, 2.815308
615, 172, 2.665019
615, 173, 2.610131
615, 174, 2.120797
615, 175, 1.443096
615, 176, 3.369224
615, 177, 2.480516
615, 178, 0.529260
615, 179, 3.044207
615, 180, 3.514892
615, 181, 0.902097
615, 182, 3.133410
615, 183, -0.040000
615, 184, 0.631502
615, 185, 1.880346
615, 186, 3.357949
615, 187, 0.000000
615, 188, 2.121496
615, 189, 2.850027
615, 190, 2.387929
615, 191, 0.717938
615, 192, 2.082424
615, 193, 2.741042
615, 194, 1.537420
615, 195, -0.281319
615, 196, 3.971614
615, 197, 2.387451
615, 198, 2.282266
615, 199, 1.456602
617, 0, 1.503664
617, 1, 1.547396
617, 2, 2.276407
617, 3, 1.150859
617, 4, -0.339888
617, 5, 1.955151
617, 6, -0.000013
617, 7, 1.283834
617, 8, 3.376686
617, 9, 1.717014
617, 10, 1.799210
617, 11, 2.271102
617, 12, 2.563573
617, 13, 0.000000
617, 14, 2.587827
617, 15, 2.545765
617, 16, 1.129258
617, 17, 3.229358
617, 18, 3.586474
617, 19, 2.593091
617, 20, 4.204121
617, 21, 0.436530
617, 22, 2.161510
617, 23, 1.270559
617, 24, 1.264439
617, 25, 2.046121
617, 26, 1.011809
617, 27, 0.812977
617, 28, 1.978722
617, 29, 1.891129
617, 30, 0.668950
617, 31, 2.600465
617, 32, 0.422124
617, 33, 2.770630
617, 34, 2.369081
617, 35, 2.597427
617, 36, 2.295938
617, 37, 1.706166
617, 38, 0.375477
617, 39, 1.568980
617, 40, 2.691563
617, 41, 1.728229
617, 42, 1.011686
617, 43, 1.442728
617, 44, 0.519650
617, 45, 1.428446
617, 46, 2.261819
617, 47, 1.415481
617, 48, 2.596552
617, 49, -0.160065
617, 50, 2.174345
617, 51, 0.485420
617, 52, 1.514256
617, 53, -0.000015
617, 54, 2.777179
617, 55, 3.157821
617, 56, 2.530408
617, 57, 2.958031
617, 58, 0.829374
617, 59, 1.691667
617, 60, 0.000000
617, 61, 1.402721
617, 62, 2.046885
617, 63, 1.722669
617, 64, 2.057648
617, 65, 3.475748
617, 66, 1.750670
617, 67, 2.511020
617, 68, 1.571999
617, 69, 2.719844
617, 70, 2.954370
617, 71, 2.583015
617, 72, 3.799145
617, 73, 3.225193
617, 74, 1.580833
617, 75, 1.934788
617, 76, 1.049166
617, 77, 1.420346
617, 78, 1.805377
617, 79, 2.797782
617, 80, 2.672480
617, 81, 1.710896
617, 82, -0.110931
617, 83, 1.234822
617, 84, 0.939994
617, 85, 3.020049
617, 86, 3.326898
617, 87, 2.334270
617, 88, 1.398646
617, 89, 0.544654
617, 90, 1.203635
617, 91, 1.313546
617, 92, 0.672629
617, 93, 2.651598
617, 94, 1.642429
617, 95, 0.936552
617, 96, 1.613202
617, 97, 4.257646
617, 98, 2.162339
617, 99, 1.159450
617, 100, 0.792004
617, 101, -0.031273
617, 102, 1.856339
617, 103, 0.000000
617, 104, 3.433593
617, 105, 2.822954
617, 106, 1.431670
617, 107, 1.951028
617, 108, 0.639675
617, 109, 0.323545
617, 110, 1.771988
617, 111, 0.771000
617, 112, 1.185186
617, 113, 3.552214
617, 114, 1.046848
617, 115, 2.084660
617, 116, 1.430291
617, 117, 2.375430
617, 118, 1.596954
617, 119, 1.334032
617, 120, 2.301379
617, 121, 3.671805
617, 122, 2.492030
617, 123, 0.346461
617, 124, 2.149925
617, 125, 4.287829
617, 126, 1.248710
617, 127, 0.838413
617, 128, 0.513854
617, 129, 0.068566
617, 130, 1.536904
617, 131, 1.765901
617, 132, 1.469588
617, 133, 0.158527
617, 134, 1.165754
617, 135, 0.744959
617, 136, -0.000010
617, 137, 1.570629
617, 138, 0.987940
617, 139, 0.937750
617, 140, 3.507257
617, 141, 2.345871
617, 142, 3.159236
617, 143, 1.959795
617, 144, 1.517805
617, 145, 1.108290
617, 146, 1.966183
617, 147, 3.864108
617, 148, 2.480981
617, 149, 3.531114
617, 150, 1.562608
617, 151, 1.921510
617, 152, 2.086525
617, 153, 0.000000
617, 154, 1.593774
617, 155, 2.281431
617, 156, -0.010000
617, 157, 3.006994
617, 158, 1.993107
617, 159, 1.077853
617, 160, 2.922333
617, 161, 2.095658
617, 162, 3.443799
617, 163, 2.510499
617, 164, 3.356869
617, 165, 2.995958
617, 166, 3.627956
617, 167, 1.409328
617, 168, 0.324529
617, 169, 1.778839
617, 170, 1.509260
617, 171, 2.759911
617, 172, 2.683117
617, 173, 2.610806
617, 174, 2.144769
617, 175, 1.443767
617, 176, 3.360447
617, 177, 2.506794
617, 178, 0.529260
617, 179, 3.050102
617, 180, 3.502896
617, 181, 0.902097
617, 182, 3.133410
617, 183, -0.040000
617, 184, 0.631502
617, 185, 1.880346
617, 186, 3.368535
617, 187, 0.000000
617, 188, 2.140545
617, 189, 2.764028
617, 190, 2.387929
617, 191, 0.717938
617, 192, 2.126178
617, 193, 2.741629
617, 194, 1.537421
617, 195, -0.281319
617, 196, 3.969276
617, 197, 2.383622
617, 198, 2.282262
617, 199, 1.456660
619, 0, 1.503664
619, 1, 1.547395
619, 2, 2.333320
619, 3, 1.150859
619, 4, -0.339888
619, 5, 1.956038
619, 6, -0.000013
619, 7, 1.283834
619, 8, 3.360066
619, 9, 1.717014
619, 10, 1.799210
619, 11, 2.271102
619, 12, 2.554850
619, 13, 0.000000
619, 14, 2.587841
619, 15, 2.563634
619, 16, 1.129258
619, 17, 3.220503
619, 18, 3.586652
619, 19, 2.593091
619, 20, 4.275698
619, 21, 0.436530
619, 22, 2.161510
619, 23, 1.270559
619, 24, 1.224411
619, 25, 2.046121
619, 26, 1.011809
619, 27, 0.812977
619, 28, 1.980468
619, 29, 1.891215
619, 30, 0.668950
619, 31, 2.592358
619, 32, 0.422124
619, 33, 2.784677
619, 34, 2.377245
619, 35, 2.597426
619, 36, 2.294676
619, 37, 1.743741
619, 38, 0.375477
619, 39, 1.568980
619, 40, 2.691563
619, 41, 1.728266
619, 42, 1.011686
619, 43, 1.442728
619, 44, 0.519650
619, 45, 1.428258
619, 46, 2.273271
619, 47, 1.415481
619, 48, 2.601878
619, 49, -0.160065
619, 50, 2.174345
619, 51, 0.485420
619, 52, 1.514256
619, 53, -0.000015
619, 54, 2.733158
619, 55, 3.169244
619, 56, 2.534822
619, 57, 2.958078
619, 58, 0.829374
619, 59, 1.691667
619, 60, 0.000000
619, 61, 1.402721
619, 62, 2.046885
619, 63, 1.722669
619, 64, 2.057648
619, 65, 3.464675
619, 66, 1.750670
619, 67, 2.511020
619, 68, 1.571999
619, 69, 2.719844
619, 70, 2.954780
619, 71, 2.585446
619, 72, 3.796968
619, 73, 3.222563
619, 74, 1.580833
619, 75, 1.934788
619, 76, 1.049166
619, 77, 1.420346
619, 78, 1.805377
619, 79, 2.797782
619, 80, 2.672610
619, 81, 1.710896
619, 82, -0.110755
619, 83, 1.234783
619, 84, 0.939994
619, 85, 3.020050
619, 86, 3.332727
619, 87, 2.334270
619, 88, 1.398646
619, 89, 0.544654
619, 90, 1.203635
619, 91, 1.307313
619, 92, 0.672629
619, 93, 2.647581
619, 94, 1.648694
619, 95, 0.943989
619, 96, 1.625035
619, 97, 4.305942
619, 98, 2.163715
619, 99, 1.159450
619, 100, 0.792004
619, 101, -0.031273
619, 102, 1.856339
619, 103, 0.000000
619, 104, 3.453756
619, 105, 2.822220
619, 106, 1.431670
619, 107, 1.956977
619, 108, 0.639675
619, 109, 0.323545
619, 110, 1.771988
619, 111, 0.771688
619, 112, 1.185186
619, 113, 3.511666
619, 114, 1.046848
619, 115, 1.999007
619, 116, 1.430291
619, 117, 2.374923
619, 118, 1.599538
619, 119, 1.334032
619, 120, 2.301379
619, 121, 3.651021
619, 122, 2.491351
619, 123, 0.346461
619, 124, 2.149926
619, 125, 4.281772
619, 126, 1.248875
619, 127, 0.838413
619, 128, 0.513854
619, 129, 0.068566
619, 130, 1.536904
619, 131, 1.765901
619, 132, 1.469588
619, 133, 0.158527
619, 134, 1.165754
619, 135, 0.744959
619, 136, -0.000010
619, 137, 1.570534
619, 138, 0.987940
619, 139, 0.937750
619, 140, 3.510189
619, 141, 2.345872
619, 142, 3.149030
619, 143, 1.955644
619, 144, 1.517805
619, 145, 1.108290
619, 146, 1.966183
619, 147, 3.906919
619, 148, 2.480981
619, 149, 3.531125
619, 150, 1.562608
619, 151, 1.921406
619, 152, 2.086525
619, 153, 0.000000
619, 154, 1.593774
619, 155, 2.281430
619, 156, -0.010000
619, 157, 3.011290
619, 158, 1.993107
619, 159, 1.077853
619, 160, 2.888218
619, 161, 2.095658
619, 162, 3.453400
619, 163, 2.510499
619, 164, 3.356870
619, 165, 2.995638
619, 166, 3.622330
619, 167, 1.409328
619, 168, 0.324529
619, 169, 1.779131
619, 170, 1.509260
619, 171, 2.813266
619, 172, 2.665642
619, 173, 2.610126
619, 174, 2.088228
619, 175, 1.444589
619, 176, 3.365781
619, 177, 2.503564
619, 178, 0.529260
619, 179, 3.045615
619, 180, 3.436578
619, 181, 0.902097
619, 182, 3.133410
619, 183, -0.040000
619, 184, 0.631502
619, 185, 1.880346
619, 186, 3.361667
619, 187, 0.000000
619, 188, 2.156457
619, 189, 2.795479
619, 190, 2.387929
619, 191, 0.717938
619, 192, 2.114911
619, 193, 2.740448
619, 194, 1.537421
619, 195, -0.281320
619, 196, 3.982896
619, 197, 2.388055
619, 198, 2.282243
619, 199, 1.456599
621, 0, 1.503664
621, 1, 1.547395
621, 2, 2.312308
621, 3, 1.150856
621, 4, -0.339888
621, 5, 1.957432
621, 6, -0.000013
621, 7, 1.283834
621, 8, 3.351744
621, 9, 1.717014
621, 10, 1.799209
621, 11, 2.271102
621, 12, 2.545356
621, 13, 0.000000
621, 14, 2.587154
621, 15, 2.591285
621, 16, 1.129258
621, 17, 3.221935
621, 18, 3.587448
621, 19, 2.595610
621, 20, 4.260055
621, 21, 0.436530
621, 22, 2.161510
621, 23, 1.270559
621, 24, 1.195491
621, 25, 2.046121
621, 26, 1.011809
621, 27, 0.812977
621, 28, 1.980672
621, 29, 1.890098
621, 30, 0.668950
621, 31, 2.583575
621, 32, 0.422124
621, 33, 2.706773
621, 34, 2.353530
621, 35, 2.596917
621, 36, 2.296333
621, 37, 1.363124
621, 38, 0.375477
621, 39, 1.568980
621, 40, 2.691563
621, 41, 1.728319
621, 42, 1.011686
621, 43, 1.442728
621, 44, 0.519650
621, 45, 1.427295
621, 46, 2.263546
621, 47, 1.415481
621, 48, 2.598127
621, 49, -0.160065
621, 50, 2.174345
621, 51, 0.485420
621, 52, 1.514256
621, 53, -0.000015
621, 54, 2.749684
621, 55, 3.169977
621, 56, 2.526056
621, 57, 2.957786
621, 58, 0.829374
621, 59, 1.691667
621, 60, 0.000000
621, 61, 1.402721
621, 62, 2.046886
621, 63, 1.722669
621, 64, 2.057648
621, 65, 3.475009
621, 66, 1.750670
621, 67, 2.511020
621, 68, 1.571999
621, 69, 2.719844
621, 70, 2.953590
621, 71, 2.584447
621, 72, 3.799412
621, 73, 3.219833
621, 74, 1.580833
621, 75, 1.934788
621, 76, 1.049166
621, 77, 1.420346
621, 78, 1.805377
621, 79, 2.797782
621, 80, 2.672796
621, 81, 1.710896
621, 82, -0.110068
621, 83, 1.234765
621, 84, 0.939994
621, 85, 3.020050
621, 86, 3.338013
621, 87, 2.334270
621, 88, 1.398646
621, 89, 0.544654
621, 90, 1.203633
621, 91, 1.300097
621, 92, 0.672629
621, 93, 2.668978
621, 94, 1.654653
621, 95, 0.930191
621, 96, 1.628419
621, 97, 4.299965
621, 98, 2.163396
621, 99, 1.159450
621, 100, 0.792004
621, 101, -0.031273
621, 102, 1.856339
621, 103, 0.000000
621, 104, 3.464098
621, 105, 2.822092
621, 106, 1.431670
621, 107, 1.969056
621, 108, 0.639675
621, 109, 0.323545
621, 110, 1.771988
621, 111, 0.772944
621, 112, 1.185186
621, 113, 3.555775
621, 114, 1.046848
621, 115, 1.999007
621, 116, 1.430291
621, 117, 2.374831
621, 118, 1.583636
621, 119, 1.334032
621, 120, 2.301379
621, 121, 3.596001
621, 122, 2.491351
621, 123, 0.346461
621, 124, 2.149925
621, 125, 4.264248
621, 126, 1.249042
621, 127, 0.838413
621, 128, 0.513854
621, 129, 0.068566
621, 130, 1.536905
621, 131, 1.765901
621, 132, 1.469586
621, 133, 0.158527
621, 134, 1.165754
621, 135, 0.744959
621, 136, -0.000010
621, 137, 1.570445
621, 138, 0.987940
621, 139, 0.937750
621, 140, 3.515817
621, 141, 2.345871
621, 142, 3.148740
621, 143, 1.952385
621, 144, 1.517805
621, 145, 1.108290
621, 146, 1.966183
621, 147, 3.909072
621, 148, 2.480981
621, 149, 3.531287
621, 150, 1.562608
621, 151, 1.920156
621, 152, 2.109517
621, 153, 0.000000
621, 154, 1.593774
621, 155, 2.281430
621, 156, -0.010000
621, 157, 3.013174
621, 158, 1.993107
621, 159, 1.077853
621, 160, 2.949533
621, 161, 2.095658
621, 162, 3.456336
621, 163, 2.510499
621, 164, 3.358079
621, 165, 2.995544
621, 166, 3.630361
621, 167, 1.409328
621, 168, 0.324529
621, 169, 1.779391
621, 170, 1.509260
621, 171, 2.821753
621, 172, 2.652421
621, 173, 2.618298
621, 174, 2.089538
621, 175, 1.445681
621, 176, 3.367129
621, 177, 2.508178
621, 178, 0.529260
621, 179, 3.050038
621, 180, 3.514842
621, 181, 0.902097
621, 182, 3.133410
621, 183, -0.040000
621, 184, 0.631502
621, 185, 1.880346
621, 186, 3.357223
621, 187, 0.000000
621, 188, 2.152815
621, 189, 2.852670
621, 190, 2.387929
621, 191, 0.717938
621, 192, 2.125476
621, 193, 2.742236
621, 194, 1.537417
621, 195, -0.281320
621, 196, 3.983062
621, 197, 2.386773
621, 198, 2.282227
621, 199, 1.456641
623, 0, 1.503664
623, 1, 1.547395
623, 2, 2.301816
623, 3, 1.150858
623, 4, -0.339888
623, 5, 1.959773
623, 6, -0.000013
623, 7, 1.283834
623, 8, 3.363418
623, 9, 1.717014
623, 10, 1.799210
623, 11, 2.271102
623, 12, 2.544812
623, 13, 0.000000
623, 14, 2.587656
623, 15, 2.601294
623, 16, 1.129258
623, 17, 3.230132
623, 18, 3.587299
623, 19, 2.593091
623, 20, 4.283909
623, 21, 0.436530
623, 22, 2.161510
623, 23, 1.270559
623, 24, 1.199105
623, 25, 2.046121
623, 26, 1.011809
623, 27, 0.812977
623, 28, 1.981168
623, 29, 1.887911
623, 30, 0.668950
623, 31, 2.582671
623, 32, 0.422124
623, 33, 2.745040
623, 34, 2.384572
623, 35, 2.597253
623, 36, 2.296863
623, 37, 1.527959
623, 38, 0.375477
623, 39, 1.568980
623, 40, 2.691563
623, 41, 1.728312
623, 42, 1.011686
623, 43, 1.442728
623, 44, 0.519650
623, 45, 1.425411
623, 46, 2.252904
623, 47, 1.415481
623, 48, 2.599741
623, 49, -0.160065
623, 50, 2.174345
623, 51, 0.485420
623, 52, 1.514256
623, 53, -0.000015
623, 54, 2.730946
623, 55, 3.167749
623, 56, 2.521883
623, 57, 2.958058
623, 58, 0.829374
623, 59, 1.691667
623, 60, 0.000000
623, 61, 1.402721
623, 62, 2.046886
623, 63, 1.722669
623, 64, 2.057648
623, 65, 3.458951
623, 66, 1.750670
623, 67, 2.511020
623, 68, 1.571999
623, 69, 2.719844
623, 70, 2.954662
623, 71, 2.583026
623, 72, 3.798562
623, 73, 3.217633
623, 74, 1.580833
623, 75, 1.934788
623, 76, 1.049166
623, 77, 1.420346
623, 78, 1.805377
623, 79, 2.797783
623, 80, 2.673064
623, 81, 1.710896
623, 82, -0.108424
623, 83, 1.234629
623, 84, 0.939994
623, 85, 3.020049
623, 86, 3.340785
623, 87, 2.334270
623, 88, 1.398646
623, 89, 0.544654
623, 90, 1.203634
623, 91, 1.288002
623, 92, 0.672629
623, 93, 2.641053
623, 94, 1.652723
623, 95, 0.938412
623, 96, 1.629366
623, 97, 4.301886
623, 98, 2.161560
623, 99, 1.159450
623, 100, 0.792004
623, 101, -0.031273
623, 102, 1.856339
623, 103, 0.000000
623, 104, 3.468540
623, 105, 2.821461
623, 106, 1.431670
623, 107, 1.975063
623, 108, 0.639675
623, 109, 0.323545
623, 110, 1.771988
623, 111, 0.774331
623, 112, 1.185186
623, 113, 3.547013
623, 114, 1.046848
623, 115, 1.999007
623, 116, 1.430291
623, 117, 2.375133
623, 118, 1.604123
623, 119, 1.334032
623, 120, 2.301379
623, 121, 3.654781
623, 122, 2.491351
623, 123, 0.346461
623, 124, 2.149925
623, 125, 4.283386
623, 126, 1.249689
623, 127, 0.838413
623, 128, 0.513854
623, 129, 0.068566
623, 130, 1.536904
623, 131, 1.765901
623, 132, 1.469586
623, 133, 0.158527
623, 134, 1.165754
623, 135, 0.744959
623, 136, -0.000010
623, 137, 1.570595
623, 138, 0.987940
623, 139, 0.937750
623, 140, 3.514761
623, 141, 2.345872
623, 142, 3.158237
623, 143, 1.962886
623, 144, 1.517805
623, 145, 1.108290
623, 146, 1.966183
623, 147, 3.904769
623, 148, 2.480981
623, 149, 3.531208
623, 150, 1.562608
623, 151, 1.917962
623, 152, 2.111268
623, 153, 0.000000
623, 154, 1.593774
623, 155, 2.281430
623, 156, -0.010000
623, 157, 3.013175
623, 158, 1.993107
623, 159, 1.077853
623, 160, 2.953400
623, 161, 2.095658
623, 162, 3.452204
623, 163, 2.510499
623, 164, 3.356870
623, 165, 2.994802
623, 166, 3.630621
623, 167, 1.409328
623, 168, 0.324529
623, 169, 1.779637
623, 170, 1.509260
623, 171, 2.799392
623, 172, 2.659222
623, 173, 2.618892
623, 174, 2.084493
623, 175, 1.446808
623, 176, 3.360746
623, 177, 2.487361
623, 178, 0.529260
623, 179, 3.048963
623, 180, 3.489580
623, 181, 0.902097
623, 182, 3.133410
623, 183, -0.040000
623, 184, 0.631502
623, 185, 1.880346
623, 186, 3.358891
623, 187, 0.000000
623, 188, 2.164779
623, 189, 2.628103
623, 190, 2.387929
623, 191, 0.717938
623, 192, 2.111739
623, 193, 2.740383
623, 194, 1.537416
623, 195, -0.281320
623, 196, 3.982451
623, 197, 2.382925
623, 198, 2.282254
623, 199, 1.456744
625, 0, 1.503664
625, 1, 1.547395
625, 2, 2.320215
625, 3, 1.150858
625, 4, -0.339888
625, 5, 1.958492
625, 6, -0.000013
625, 7, 1.283835
625, 8, 3.349216
625, 9, 1.717014
625, 10, 1.799210
625, 11, 2.271102
625, 12, 2.545373
625, 13, 0.000000
625, 14, 2.587779
625, 15, 2.651749
625, 16, 1.129258
625, 17, 3.228695
625, 18, 3.588556
625, 19, 2.607625
625, 20, 4.283860
625, 21, 0.436530
625, 22, 2.161510
625, 23, 1.270559
625, 24, 1.194328
625, 25, 2.046121
625, 26, 1.011809
625, 27, 0.812977
625, 28, 1.982000
625, 29, 1.894106
625, 30, 0.668950
625, 31, 2.582758
625, 32, 0.422124
625, 33, 2.754551
625, 34, 2.360727
625, 35, 2.597320
625, 36, 2.299406
625, 37, 1.520691
625, 38, 0.375477
625, 39, 1.568980
625, 40, 2.691563
625, 41, 1.728333
625, 42, 1.011686
625, 43, 1.442728
625, 44, 0.519650
625, 45, 1.430766
625, 46, 2.251080
625, 47, 1.415481
625, 48, 2.600131
625, 49, -0.160065
625, 50, 2.174345
625, 51, 0.485420
625, 52, 1.514256
625, 53, -0.000015
625, 54, 2.745031
625, 55, 3.171334
625, 56, 2.521753
625, 57, 2.958151
625, 58, 0.829374
625, 59, 1.691667
625, 60, 0.000000
625, 61, 1.402721
625, 62, 2.046885
625, 63, 1.722669
625, 64, 2.057648
625, 65, 3.464559
625, 66, 1.750670
625, 67, 2.511020
625, 68, 1.571999
625, 69, 2.719844
625, 70, 2.953753
625, 71, 2.583027
625, 72, 3.798118
625, 73, 3.217559
625, 74, 1.580833
625, 75, 1.934788
625, 76, 1.049166
625, 77, 1.420346
625, 78, 1.805377
625, 79, 2.797782
625, 80, 2.672229
625, 81, 1.710896
625, 82, -0.111940
625, 83, 1.234586
625, 84, 0.939994
625, 85, 3.020049
625, 86, 3.261686
625, 87, 2.334270
625, 88, 1.398646
625, 89, 0.544654
625, 90, 1.203635
625, 91, 1.370401
625, 92, 0.672629
625, 93, 2.663821
625, 94, 1.658483
625, 95, 0.940231
625, 96, 1.638408
625, 97, 4.304177
625, 98, 2.138682
625, 99, 1.159450
625, 100, 0.792004
625, 101, -0.031273
625, 102, 1.856339
625, 103, 0.000000
625, 104, 3.467727
625, 105, 2.827853
625, 106, 1.431670
625, 107, 1.938819
625, 108, 0.639675
625, 109, 0.323545
625, 110, 1.771988
625, 111, 0.775624
625, 112, 1.185186
625, 113, 3.518335
625, 114, 1.046848
625, 115, 1.999007
625, 116, 1.430291
625, 117, 2.375648
625, 118, 1.592451
625, 119, 1.334032
625, 120, 2.301379
625, 121, 3.700354
625, 122, 2.491351
625, 123, 0.346461
625, 124, 2.149925
625, 125, 4.284113
625, 126, 1.249732
625, 127, 0.838413
625, 128, 0.513854
625, 129, 0.068566
625, 130, 1.536904
625, 131, 1.765902
625, 132, 1.469586
625, 133, 0.158527
625, 134, 1.165754
625, 135, 0.744959
625, 136, -0.000010
625, 137, 1.570452
625, 138, 0.987940
625, 139, 0.937750
625, 140, 3.515242
625, 141, 2.345871
625, 142, 3.138476
625, 143, 1.956656
625, 144, 1.517805
625, 145, 1.108290
625, 146, 1.966183
625, 147, 3.903815
625, 148, 2.480981
625, 149, 3.530057
625, 150, 1.562608
625, 151, 1.920184
625, 152, 2.113521
625, 153, 0.000000
625, 154, 1.593774
625, 155, 2.281431
625, 156, -0.010000
625, 157, 3.007345
625, 158, 1.993107
625, 159, 1.077853
625, 160, 2.956209
625, 161, 2.095658
625, 162, 3.455727
625, 163, 2.510499
625, 164, 3.356869
625, 165, 2.996892
625, 166, 3.625379
625, 167, 1.409328
625, 168, 0.324529
625, 169, 1.779879
625, 170, 1.509260
625, 171, 2.819414
625, 172, 2.682280
625, 173, 2.619650
625, 174, 2.097488
625, 175, 1.455428
625, 176, 3.360746
625, 177, 2.484591
625, 178, 0.529260
625, 179, 3.048957
625, 180, 3.463605
625, 181, 0.869874
625, 182, 3.133410
625, 183, -0.040000
625, 184, 0.631502
625, 185, 1.880346
625, 186, 3.385377
625, 187, 0.000000
625, 188, 2.160716
625, 189, 2.683411
625, 190, 2.387929
625, 191, 0.717938
625, 192, 2.069797
625, 193, 2.742971
625, 194, 1.537415
625, 195, -0.281320
625, 196, 3.981181
625, 197, 2.382938
625, 198, 2.282233
625, 199, 1.456648
627, 0, 1.503664
627, 1, 1.547396
627, 2, 2.291993
627, 3, 1.150859
627, 4, -0.339888
627, 5, 1.958196
627, 6, -0.000013
627, 7, 1.283835
627, 8, 3.382838
627, 9, 1.717014
627, 10, 1.799210
627, 11, 2.271102
627, 12, 2.549786
627, 13, 0.000000
627, 14, 2.587799
627, 15, 2.538171
627, 16, 1.129258
627, 17, 3.230677
627, 18, 3.581825
627, 19, 2.593091
627, 20, 4.291428
627, 21, 0.436530
627, 22, 2.161510
627, 23, 1.270559
627, 24, 1.191570
627, 25, 2.046121
627, 26, 1.011809
627, 27, 0.812977
627, 28, 1.979149
627, 29, 1.902059
627, 30, 0.668950
627, 31, 2.586270
627, 32, 0.422124
627, 33, 2.764723
627, 34, 2.343148
627, 35, 2.597313
627, 36, 2.299521
627, 37, 1.596434
627, 38, 0.375477
627, 39, 1.570385
627, 40, 2.691563
627, 41, 1.728388
627, 42, 1.011686
627, 43, 1.442728
627, 44, 0.519650
627, 45, 1.437520
627, 46, 2.247407
627, 47, 1.415481
627, 48, 2.601186
627, 49, -0.160065
627, 50, 2.174345
627, 51, 0.485420
627, 52, 1.514256
627, 53, -0.000015
627, 54, 2.699070
627, 55, 3.168995
627, 56, 2.532037
627, 57, 2.958197
627, 58, 0.829374
627, 59, 1.691667
627, 60, 0.000000
627, 61, 1.402721
627, 62, 2.046885
627, 63, 1.722669
627, 64, 2.057648
627, 65, 3.469401
627, 66, 1.750670
627, 67, 2.511020
627, 68, 1.571999
627, 69, 2.719844
627, 70, 2.952351
627, 71, 2.590254
627, 72, 3.799398
627, 73, 3.220204
627, 74, 1.580833
627, 75, 1.934788
627, 76, 1.049166
627, 77, 1.420346
627, 78, 1.805377
627, 79, 2.797782
627, 80, 2.671765
627, 81, 1.710896
627, 82, -0.116507
627, 83, 1.234680
627, 84, 0.939994
627, 85, 3.020050
627, 86, 3.304583
627, 87, 2.338416
627, 88, 1.398646
627, 89, 0.544654
627, 90, 1.203634
627, 91, 1.346497
627, 92, 0.672629
627, 93, 2.670539
627, 94, 1.663031
627, 95, 0.925199
627, 96, 1.637928
627, 97, 4.306195
627, 98, 2.146108
627, 99, 1.159450
627, 100, 0.792004
627, 101, -0.031273
627, 102, 1.856339
627, 103, 0.000000
627, 104, 3.454704
627, 105, 2.825112
627, 106, 1.431670
627, 107, 1.936450
627, 108, 0.639675
627, 109, 0.323545
627, 110, 1.771988
627, 111, 0.777022
627, 112, 1.185186
627, 113, 3.554789
627, 114, 1.046848
627, 115, 1.999007
627, 116, 1.430291
627, 117, 2.375870
627, 118, 1.582316
627, 119, 1.334032
627, 120, 2.301379
627, 121, 3.657898
627, 122, 2.491351
627, 123, 0.346461
627, 124, 2.149925
627, 125, 4.284849
627, 126, 1.249779
627, 127, 0.838413
627, 128, 0.513854
627, 129, 0.068566
627, 130, 1.536904
627, 131, 1.765901
627, 132, 1.469586
627, 133, 0.158527
627, 134, 1.165754
627, 135, 0.744959
627, 136, -0.000010
627, 137, 1.570313
627, 138, 0.987940
627, 139, 0.937750
627, 140, 3.507914
627, 141, 2.345872
627, 142, 3.146692
627, 143, 1.951234
627, 144, 1.508965
627, 145, 1.108290
627, 146, 1.966183
627, 147, 3.906074
627, 148, 2.480981
627, 149, 3.531217
627, 150, 1.562608
627, 151, 1.924868
627, 152, 2.109537
627, 153, 0.000000
627, 154, 1.593774
627, 155, 2.281431
627, 156, -0.010000
627, 157, 3.011096
627, 158, 1.993107
627, 159, 1.077853
627, 160, 2.935775
627, 161, 2.095658
627, 162, 3.449830
627, 163, 2.510499
627, 164, 3.356870
627, 165, 2.995646
627, 166, 3.633153
627, 167, 1.409328
627, 168, 0.324529
627, 169, 1.782846
627, 170, 1.509260
627, 171, 2.795964
627, 172, 2.666417
627, 173, 2.619659
627, 174, 2.101387
627, 175, 1.456264
627, 176, 3.356692
627, 177, 2.502105
627, 178, 0.529260
627, 179, 3.047970
627, 180, 3.517355
627, 181, 0.869874
627, 182, 3.133410
627, 183, -0.040000
627, 184, 0.631502
627, 185, 1.880346
627, 186, 3.354516
627, 187, 0.000000
627, 188, 2.164868
627, 189, 2.780304
627, 190, 2.387929
627, 191, 0.717938
627, 192, 2.129313
627, 193, 2.740286
627, 194, 1.537415
627, 195, -0.281320
627, 196, 3.982565
627, 197, 2.382941
627, 198, 2.282207
627, 199, 1.456531
629, 0, 1.503664
629, 1, 1.547395
629, 2, 2.266630
629, 3, 1.150859
629, 4, -0.339888
629, 5, 1.956473
629, 6, -0.000013
629, 7, 1.283835
629, 8, 3.391263
629, 9, 1.717014
629, 10, 1.799210
629, 11, 2.271102
629, 12, 2.562896
629, 13, 0.000000
629, 14, 2.587797
629, 15, 2.436869
629, 16, 1.129258
629, 17, 3.216969
629, 18, 3.586793
629, 19, 2.600177
629, 20, 4.295823
629, 21, 0.436530
629, 22, 2.161510
629, 23, 1.270559
629, 24, 1.204259
629, 25, 2.046121
629, 26, 1.011809
629, 27, 0.812977
629, 28, 1.976420
629, 29, 1.908883
629, 30, 0.668950
629, 31, 2.597594
629, 32, 0.422124
629, 33, 2.720155
629, 34, 2.399417
629, 35, 2.597293
629, 36, 2.298258
629, 37, 1.553090
629, 38, 0.375477
629, 39, 1.570385
629, 40, 2.691563
629, 41, 1.728446
629, 42, 1.011686
629, 43, 1.442728
629, 44, 0.519650
629, 45, 1.435511
629, 46, 2.229419
629, 47, 1.415481
629, 48, 2.601956
629, 49, -0.160065
629, 50, 2.174345
629, 51, 0.485420
629, 52, 1.514256
629, 53, -0.000015
629, 54, 2.728349
629, 55, 3.170926
629, 56, 2.521576
629, 57, 2.958230
629, 58, 0.829374
629, 59, 1.691667
629, 60, 0.000000
629, 61, 1.402721
629, 62, 2.046885
629, 63, 1.722669
629, 64, 2.057648
629, 65, 3.469520
629, 66, 1.750670
629, 67, 2.511020
629, 68, 1.571999
629, 69, 2.719845
629, 70, 2.954563
629, 71, 2.586583
629, 72, 3.798719
629, 73, 3.219668
629, 74, 1.580833
629, 75, 1.934788
629, 76, 1.049166
629, 77, 1.420346
629, 78, 1.805377
629, 79, 2.797782
629, 80, 2.672460
629, 81, 1.710896
629, 82, -0.115025
629, 83, 1.234944
629, 84, 0.939994
629, 85, 3.020050
629, 86, 3.242175
629, 87, 2.334270
629, 88, 1.398646
629, 89, 0.544654
629, 90, 1.203636
629, 91, 1.399502
629, 92, 0.672629
629, 93, 2.681243
629, 94, 1.670606
629, 95, 0.902364
629, 96, 1.642958
629, 97, 4.307065
629, 98, 2.152553
629, 99, 1.159450
629, 100, 0.792004
629, 101, -0.031273
629, 102, 1.856339
629, 103, 0.000000
629, 104, 3.477756
629, 105, 2.831162
629, 106, 1.431670
629, 107, 1.916596
629, 108, 0.639675
629, 109, 0.323545
629, 110, 1.771988
629, 111, 0.777812
629, 112, 1.185186
629, 113, 3.554020
629, 114, 1.046848
629, 115, 1.999007
629, 116, 1.430291
629, 117, 2.375965
629, 118, 1.588702
629, 119, 1.334032
629, 120, 2.301379
629, 121, 3.702521
629, 122, 2.491351
629, 123, 0.346461
629, 124, 2.149926
629, 125, 4.284628
629, 126, 1.249910
629, 127, 0.838413
629, 128, 0.513854
629, 129, 0.068566
629, 130, 1.536904
629, 131, 1.765901
629, 132, 1.469586
629, 133, 0.158527
629, 134, 1.165754
629, 135, 0.744959
629, 136, -0.000010
629, 137, 1.570220
629, 138, 0.987940
629, 139, 0.937750
629, 140, 3.500983
629, 141, 2.345872
629, 142, 3.146806
629, 143, 1.954769
629, 144, 1.508965
629, 145, 1.108290
629, 146, 1.966183
629, 147, 3.911353
629, 148, 2.480981
629, 149, 3.530596
629, 150, 1.562608
629, 151, 1.927094
629, 152, 2.096393
629, 153, 0.000000
629, 154, 1.593774
629, 155, 2.281430
629, 156, -0.010000
629, 157, 3.007375
629, 158, 1.993107
629, 159, 1.077853
629, 160, 2.904259
629, 161, 2.100409
629, 162, 3.451252
629, 163, 2.510499
629, 164, 3.356870
629, 165, 2.998008
629, 166, 3.634695
629, 167, 1.409328
629, 168, 0.324529
629, 169, 1.782054
629, 170, 1.509260
629, 171, 2.819485
629, 172, 2.659650
629, 173, 2.615226
629, 174, 2.124382
629, 175, 1.456862
629, 176, 3.356692
629, 177, 2.483214
629, 178, 0.529260
629, 179, 3.052071
629, 180, 3.516057
629, 181, 0.869874
629, 182, 3.133410
629, 183, -0.040000
629, 184, 0.631502
629, 185, 1.880346
629, 186, 3.377038
629, 187, 0.000000
629, 188, 2.169454
629, 189, 2.866136
629, 190, 2.387929
629, 191, 0.717938
629, 192, 2.082779
629, 193, 2.740498
629, 194, 1.537414
629, 195, -0.281320
629, 196, 3.982901
629, 197, 2.382942
629, 198, 2.282184
629, 199, 1.456416
631, 0, 1.503664
631, 1, 1.547395
631, 2, 2.330616
631, 3, 1.150859
631, 4, -0.339888
631, 5, 1.954639
631, 6, -0.000013
631, 7, 1.283830
631, 8, 3.408685
631, 9, 1.728399
631, 10, 1.799209
631, 11, 2.271102
631, 12, 2.568738
631, 13, 0.000000
631, 14, 2.587791
631, 15, 2.489143
631, 16, 1.129258
631, 17, 3.231469
631, 18, 3.588403
631, 19, 2.601036
631, 20, 4.295959
631, 21, 0.436530
631, 22, 2.161510
631, 23, 1.270559
631, 24, 1.184959
631, 25, 2.046121
631, 26, 1.011809
631, 27, 0.812977
631, 28, 1.976076
631, 29, 1.908883
631, 30, 0.668950
631, 31, 2.602535
631, 32, 0.422124
631, 33, 2.718293
631, 34, 2.373115
631, 35, 2.597269
631, 36, 2.298995
631, 37, 1.655039
631, 38, 0.375477
631, 39, 1.569277
631, 40, 2.691563
631, 41, 1.728513
631, 42, 1.011686
631, 43, 1.442728
631, 44, 0.519650
631, 45, 1.440831
631, 46, 2.229627
631, 47, 1.415481
631, 48, 2.597065
631, 49, -0.160065
631, 50, 2.174345
631, 51, 0.485420
631, 52, 1.514256
631, 53, -0.000015
631, 54, 2.743098
631, 55, 3.168257
631, 56, 2.527160
631, 57, 2.958261
631, 58, 0.829374
631, 59, 1.691667
631, 60, 0.000000
631, 61, 1.402721
631, 62, 2.046886
631, 63, 1.722669
631, 64, 2.057648
631, 65, 3.456120
631, 66, 1.750670
631, 67, 2.511020
631, 68, 1.571999
631, 69, 2.719843
631, 70, 2.954260
631, 71, 2.593945
631, 72, 3.798687
631, 73, 3.222595
631, 74, 1.580833
631, 75, 1.934788
631, 76, 1.049166
631, 77, 1.420346
631, 78, 1.805377
631, 79, 2.797782
631, 80, 2.671136
631, 81, 1.710896
631, 82, -0.118635
631, 83, 1.235168
631, 84, 0.939994
631, 85, 3.020049
631, 86, 3.282207
631, 87, 2.334270
631, 88, 1.398646
631, 89, 0.544654
631, 90, 1.203634
631, 91, 1.373245
631, 92, 0.672629
631, 93, 2.646401
631, 94, 1.670500
631, 95, 0.934944
631, 96, 1.643992
631, 97, 4.306122
631, 98, 2.150857
631, 99, 1.159450
631, 100, 0.792004
631, 101, -0.031273
631, 102, 1.856339
631, 103, 0.000000
631, 104, 3.475876
631, 105, 2.828298
631, 106, 1.431670
631, 107, 1.920244
631, 108, 0.639675
631, 109, 0.323545
631, 110, 1.771988
631, 111, 0.777832
631, 112, 1.185186
631, 113, 3.552943
631, 114, 1.046848
631, 115, 1.999007
631, 116, 1.430291
631, 117, 2.375966
631, 118, 1.590774
631, 119, 1.334032
631, 120, 2.301380
631, 121, 3.656039
631, 122, 2.491351
631, 123, 0.346461
631, 124, 2.149925
631, 125, 4.282345
631, 126, 1.250072
631, 127, 0.838413
631, 128, 0.513854
631, 129, 0.068566
631, 130, 1.536905
631, 131, 1.765901
631, 132, 1.469586
631, 133, 0.158527
631, 134, 1.165754
631, 135, 0.744959
631, 136, -0.000010
631, 137, 1.570143
631, 138, 0.987940
631, 139, 0.937750
631, 140, 3.494721
631, 141, 2.345869
631, 142, 3.138384
631, 143, 1.961227
631, 144, 1.508965
631, 145, 1.108290
631, 146, 1.966183
631, 147, 3.910421
631, 148, 2.480981
631, 149, 3.531127
631, 150, 1.562608
631, 151, 1.922967
631, 152, 2.091825
631, 153, 0.000000
631, 154, 1.593774
631, 155, 2.281430
631, 156, -0.010000
631, 157, 3.007380
631, 158, 1.993107
631, 159, 1.077853
631, 160, 2.945749
631, 161, 2.100409
631, 162, 3.447944
631, 163, 2.512551
631, 164, 3.356871
631, 165, 2.996700
631, 166, 3.632230
631, 167, 1.409328
631, 168, 0.324529
631, 169, 1.781348
631, 170, 1.509260
631, 171, 2.810504
631, 172, 2.625793
631, 173, 2.613632
631, 174, 2.092062
631, 175, 1.457474
631, 176, 3.361454
631, 177, 2.505031
631, 178, 0.529260
631, 179, 3.045500
631, 180, 3.518401
631, 181, 0.869874
631, 182, 3.133410
631, 183, -0.040000
631, 184, 0.631502
631, 185, 1.880346
631, 186, 3.382036
631, 187, 0.000000
631, 188, 2.172887
631, 189, 2.796988
631, 190, 2.387929
631, 191, 0.717938
631, 192, 2.138675
631, 193, 2.742750
631, 194, 1.537411
631, 195, -0.281317
631, 196, 3.983477
631, 197, 2.391171
631, 198, 2.282165
631, 199, 1.456331
633, 0, 1.503664
633, 1, 1.547395
633, 2, 2.310111
633, 3, 1.150859
633, 4, -0.339888
633, 5, 1.955749
633, 6, -0.000013
633, 7, 1.283830
633, 8, 3.387121
633, 9, 1.717014
633, 10, 1.799210
633, 11, 2.271102
633, 12, 2.577956
633, 13, 0.000000
633, 14, 2.587782
633, 15, 2.505167
633, 16, 1.129258
633, 17, 3.226687
633, 18, 3.579473
633, 19, 2.597618
633, 20, 4.293509
633, 21, 0.436530
633, 22, 2.161510
633, 23, 1.270559
633, 24, 1.182376
633, 25, 2.046121
633, 26, 1.009915
633, 27, 0.812977
633, 28, 1.974758
633, 29, 1.906255
633, 30, 0.668950
633, 31, 2.610592
633, 32, 0.422124
633, 33, 2.736251
633, 34, 2.401039
633, 35, 2.597242
633, 36, 2.300200
633, 37, 1.423590
633, 38, 0.375477
633, 39, 1.569277
633, 40, 2.691563
633, 41, 1.728587
633, 42, 1.011686
633, 43, 1.442728
633, 44, 0.519650
633, 45, 1.438022
633, 46, 2.221278
633, 47, 1.415481
633, 48, 2.596092
633, 49, -0.160065
633, 50, 2.174345
633, 51, 0.485420
633, 52, 1.514256
633, 53, -0.000015
633, 54, 2.690156
633, 55, 3.170098
633, 56, 2.529040
633, 57, 2.958289
633, 58, 0.829374
633, 59, 1.691667
633, 60, 0.000000
633, 61, 1.402721
633, 62, 2.046886
633, 63, 1.722669
633, 64, 2.057648
633, 65, 3.468358
633, 66, 1.750670
633, 67, 2.511020
633, 68, 1.571999
633, 69, 2.719843
633, 70, 2.953488
633, 71, 2.582986
633, 72, 3.797777
633, 73, 3.225473
633, 74, 1.580833
633, 75, 1.934788
633, 76, 1.049166
633, 77, 1.420346
633, 78, 1.805377
633, 79, 2.797783
633, 80, 2.671670
633, 81, 1.710896
633, 82, -0.116603
633, 83, 1.235528
633, 84, 0.939994
633, 85, 3.020049
633, 86, 3.287292
633, 87, 2.343108
633, 88, 1.398646
633, 89, 0.544654
633, 90, 1.203632
633, 91, 1.362822
633, 92, 0.672629
633, 93, 2.667204
633, 94, 1.671618
633, 95, 0.930173
633, 96, 1.647604
633, 97, 4.306478
633, 98, 2.150963
633, 99, 1.159450
633, 100, 0.792004
633, 101, -0.031273
633, 102, 1.856339
633, 103, 0.000000
633, 104, 3.457837
633, 105, 2.827147
633, 106, 1.431670
633, 107, 1.912762
633, 108, 0.639675
633, 109, 0.323545
633, 110, 1.771988
633, 111, 0.777192
633, 112, 1.185186
633, 113, 3.555154
633, 114, 1.046848
633, 115, 1.999007
633, 116, 1.430291
633, 117, 2.375966
633, 118, 1.596812
633, 119, 1.334032
633, 120, 2.301379
633, 121, 3.677812
633, 122, 2.491351
633, 123, 0.346461
633, 124, 2.149925
633, 125, 4.289798
633, 126, 1.250252
633, 127, 0.838413
633, 128, 0.513854
633, 129, 0.068566
633, 130, 1.536905
633, 131, 1.765901
633, 132, 1.469586
633, 133, 0.158527
633, 134, 1.165754
633, 135, 0.744959
633, 136, -0.000010
633, 137, 1.570079
633, 138, 0.987940
633, 139, 0.937750
633, 140, 3.498326
633, 141, 2.345867
633, 142, 3.148351
633, 143, 1.962756
633, 144, 1.508965
633, 145, 1.108290
633, 146, 1.966183
633, 147, 3.910939
633, 148, 2.480981
633, 149, 3.530971
633, 150, 1.562608
633, 151, 1.921366
633, 152, 2.091825
633, 153, 0.000000
633, 154, 1.593774
633, 155, 2.281430
633, 156, -0.010000
633, 157, 3.007395
633, 158, 1.993107
633, 159, 1.077853
633, 160, 2.952693
633, 161, 2.100409
633, 162, 3.452499
633, 163, 2.512551
633, 164, 3.356871
633, 165, 2.996159
633, 166, 3.625719
633, 167, 1.409328
633, 168, 0.324529
633, 169, 1.780846
633, 170, 1.509260
633, 171, 2.809381
633, 172, 2.668141
633, 173, 2.613632
633, 174, 2.107106
633, 175, 1.458127
633, 176, 3.357431
633, 177, 2.496715
633, 178, 0.529260
633, 179, 3.045200
633, 180, 3.513454
633, 181, 0.869874
633, 182, 3.133410
633, 183, -0.040000
633, 184, 0.631502
633, 185, 1.880346
633, 186, 3.390134
633, 187, 0.000000
633, 188, 2.174917
633, 189, 2.837591
633, 190, 2.387929
633, 191, 0.717938
633, 192, 2.102515
633, 193, 2.734568
633, 194, 1.537411
633, 195, -0.281318
633, 196, 3.982451
633, 197, 2.396504
633, 198, 2.282150
633, 199, 1.456278
635, 0, 1.503664
635, 1, 1.547395
635, 2, 2.286849
635, 3, 1.150859
635, 4, -0.339888
635, 5, 1.958001
635, 6, -0.000013
635, 7, 1.283832
635, 8, 3.404878
635, 9, 1.717014
635, 10, 1.799210
635, 11, 2.271102
635, 12, 2.565979
635, 13, 0.000000
635, 14, 2.587776
635, 15, 2.394865
635, 16, 1.129258
635, 17, 3.230404
635, 18, 3.585985
635, 19, 2.597618
635, 20, 4.286127
635, 21, 0.436530
635, 22, 2.161510
635, 23, 1.270559
635, 24, 1.203735
635, 25, 2.046121
635, 26, 1.009915
635, 27, 0.812977
635, 28, 1.977999
635, 29, 1.904642
635, 30, 0.668950
635, 31, 2.599612
635, 32, 0.422124
635, 33, 2.747402
635, 34, 2.294075
635, 35, 2.597219
635, 36, 2.298983
635, 37, 1.538658
635, 38, 0.375477
635, 39, 1.569277
635, 40, 2.691563
635, 41, 1.728650
635, 42, 1.011686
635, 43, 1.442728
635, 44, 0.519650
635, 45, 1.436555
635, 46, 2.234683
635, 47, 1.415481
635, 48, 2.598438
635, 49, -0.160065
635, 50, 2.174345
635, 51, 0.485420
635, 52, 1.514256
635, 53, -0.000015
635, 54, 2.723161
635, 55, 3.171362
635, 56, 2.524666
635, 57, 2.958320
635, 58, 0.829374
635, 59, 1.691667
635, 60, 0.000000
635, 61, 1.402721
635, 62, 2.046886
635, 63, 1.722669
635, 64, 2.057648
635, 65, 3.474336
635, 66, 1.750670
635, 67, 2.511020
635, 68, 1.571999
635, 69, 2.719843
635, 70, 2.946844
635, 71, 2.586892
635, 72, 3.798041
635, 73, 3.222255
635, 74, 1.580833
635, 75, 1.934788
635, 76, 1.049166
635, 77, 1.420346
635, 78, 1.805377
635, 79, 2.797782
635, 80, 2.672419
635, 81, 1.710896
635, 82, -0.115539
635, 83, 1.235834
635, 84, 0.939994
635, 85, 3.020050
635, 86, 3.305928
635, 87, 2.334270
635, 88, 1.398646
635, 89, 0.544654
635, 90, 1.203631
635, 91, 1.341631
635, 92, 0.672629
635, 93, 2.649963
635, 94, 1.677619
635, 95, 0.945793
635, 96, 1.649877
635, 97, 4.299860
635, 98, 2.157517
635, 99, 1.159450
635, 100, 0.792004
635, 101, -0.031273
635, 102, 1.856339
635, 103, 0.000000
635, 104, 3.444585
635, 105, 2.824906
635, 106, 1.431670
635, 107, 1.896290
635, 108, 0.639675
635, 109, 0.320497
635, 110, 1.771988
635, 111, 0.776736
635, 112, 1.185186
635, 113, 3.554641
635, 114, 1.046848
635, 115, 1.999007
635, 116, 1.430291
635, 117, 2.375966
635, 118, 1.594012
635, 119, 1.334032
635, 120, 2.301379
635, 121, 3.584063
635, 122, 2.491351
635, 123, 0.346461
635, 124, 2.149925
635, 125, 4.263970
635, 126, 1.250440
635, 127, 0.838413
635, 128, 0.513854
635, 129, 0.068566
635, 130, 1.536904
635, 131, 1.765901
635, 132, 1.469586
635, 133, 0.158527
635, 134, 1.165754
635, 135, 0.744959
635, 136, -0.000010
635, 137, 1.570022
635, 138, 0.987940
635, 139, 0.937750
635, 140, 3.508544
635, 141, 2.345867
635, 142, 3.155561
635, 143, 1.961320
635, 144, 1.508965
635, 145, 1.108290
635, 146, 1.966183
635, 147, 3.907814
635, 148, 2.480981
635, 149, 3.531174
635, 150, 1.562608
635, 151, 1.924824
635, 152, 2.087279
635, 153, 0.000000
635, 154, 1.593774
635, 155, 2.281431
635, 156, -0.010000
635, 157, 3.007401
635, 158, 1.993107
635, 159, 1.077853
635, 160, 2.944128
635, 161, 2.100409
635, 162, 3.455419
635, 163, 2.512822
635, 164, 3.356870
635, 165, 2.995126
635, 166, 3.631118
635, 167, 1.409328
635, 168, 0.324529
635, 169, 1.780628
635, 170, 1.509260
635, 171, 2.820639
635, 172, 2.676381
635, 173, 2.611327
635, 174, 2.118482
635, 175, 1.458622
635, 176, 3.361902
635, 177, 2.511679
635, 178, 0.529260
635, 179, 3.043056
635, 180, 3.512879
635, 181, 0.869874
635, 182, 3.133410
635, 183, -0.040000
635, 184, 0.631502
635, 185, 1.880346
635, 186, 3.375444
635, 187, 0.000000
635, 188, 2.166704
635, 189, 2.890715
635, 190, 2.387929
635, 191, 0.717938
635, 192, 2.131364
635, 193, 2.742394
635, 194, 1.537411
635, 195, -0.281319
635, 196, 3.983603
635, 197, 2.397119
635, 198, 2.282136
635, 199, 1.456049
637, 0, 1.503664
637, 1, 1.547395
637, 2, 2.264391
637, 3, 1.150860
637, 4, -0.339888
637, 5, 1.960437
637, 6, -0.000013
637, 7, 1.283833
637, 8, 3.382038
637, 9, 1.717014
637, 10, 1.799210
637, 11, 2.271102
637, 12, 2.564215
637, 13, 0.000000
637, 14, 2.587768
637, 15, 2.418237
637, 16, 1.129258
637, 17, 3.227020
637, 18, 3.574159
637, 19, 2.589026
637, 20, 4.282165
637, 21, 0.436530
637, 22, 2.161510
637, 23, 1.270559
637, 24, 1.228230
637, 25, 2.046121
637, 26, 1.009915
637, 27, 0.812977
637, 28, 1.976230
637, 29, 1.901075
637, 30, 0.668950
637, 31, 2.597764
637, 32, 0.422124
637, 33, 2.736279
637, 34, 2.365617
637, 35, 2.597194
637, 36, 2.299449
637, 37, 1.456030
637, 38, 0.375477
637, 39, 1.569277
637, 40, 2.691563
637, 41, 1.728706
637, 42, 1.011686
637, 43, 1.442728
637, 44, 0.519650
637, 45, 1.433317
637, 46, 2.252462
637, 47, 1.415481
637, 48, 2.595729
637, 49, -0.160065
637, 50, 2.174345
637, 51, 0.485420
637, 52, 1.514256
637, 53, -0.000015
637, 54, 2.750158
637, 55, 3.165212
637, 56, 2.522507
637, 57, 2.958348
637, 58, 0.829374
637, 59, 1.691667
637, 60, 0.000000
637, 61, 1.402721
637, 62, 2.046885
637, 63, 1.722669
637, 64, 2.057648
637, 65, 3.479667
637, 66, 1.750670
637, 67, 2.511020
637, 68, 1.571999
637, 69, 2.719843
637, 70, 2.953658
637, 71, 2.582999
637, 72, 3.796401
637, 73, 3.221652
637, 74, 1.580833
637, 75, 1.934788
637, 76, 1.049166
637, 77, 1.420346
637, 78, 1.805377
637, 79, 2.797782
637, 80, 2.672989
637, 81, 1.710896
637, 82, -0.113301
637, 83, 1.236284
637, 84, 0.939994
637, 85, 3.020050
637, 86, 3.311537
637, 87, 2.334270
637, 88, 1.398646
637, 89, 0.544654
637, 90, 1.203631
637, 91, 1.329999
637, 92, 0.672629
637, 93, 2.655715
637, 94, 1.674330
637, 95, 0.947408
637, 96, 1.651307
637, 97, 4.300137
637, 98, 2.155688
637, 99, 1.159450
637, 100, 0.792004
637, 101, -0.031273
637, 102, 1.856339
637, 103, 0.000000
637, 104, 3.472986
637, 105, 2.823545
637, 106, 1.431670
637, 107, 1.911998
637, 108, 0.639675
637, 109, 0.320497
637, 110, 1.771988
637, 111, 0.776964
637, 112, 1.185186
637, 113, 3.548263
637, 114, 1.046848
637, 115, 1.999007
637, 116, 1.430291
637, 117, 2.375966
637, 118, 1.600108
637, 119, 1.334032
637, 120, 2.301379
637, 121, 3.653661
637, 122, 2.491351
637, 123, 0.346461
637, 124, 2.149925
637, 125, 4.285019
637, 126, 1.250637
637, 127, 0.838413
637, 128, 0.513854
637, 129, 0.068566
637, 130, 1.536904
637, 131, 1.765902
637, 132, 1.469586
637, 133, 0.158527
637, 134, 1.165754
637, 135, 0.744959
637, 136, -0.000010
637, 137, 1.569972
637, 138, 0.987940
637, 139, 0.937750
637, 140, 3.506103
637, 141, 2.345866
637, 142, 3.159917
637, 143, 1.962823
637, 144, 1.508965
637, 145, 1.108290
637, 146, 1.966183
637, 147, 3.905537
637, 148, 2.480981
637, 149, 3.531205
637, 150, 1.562608
637, 151, 1.921281
637, 152, 2.090652
637, 153, 0.000000
637, 154, 1.593774
637, 155, 2.281431
637, 156, -0.010000
637, 157, 3.007403
637, 158, 1.993107
637, 159, 1.077853
637, 160, 2.945864
637, 161, 2.100409
637, 162, 3.459496
637, 163, 2.512822
637, 164, 3.356870
637, 165, 2.994521
637, 166, 3.624844
637, 167, 1.409328
637, 168, 0.324529
637, 169, 1.780839
637, 170, 1.509260
637, 171, 2.795326
637, 172, 2.635040
637, 173, 2.613204
637, 174, 2.117415
637, 175, 1.458987
637, 176, 3.361902
637, 177, 2.510093
637, 178, 0.529260
637, 179, 3.039058
637, 180, 3.497218
637, 181, 0.869874
637, 182, 3.133410
637, 183, -0.040000
637, 184, 0.631502
637, 185, 1.880346
637, 186, 3.358198
637, 187, 0.000000
637, 188, 2.154099
637, 189, 2.900102
637, 190, 2.387929
637, 191, 0.717938
637, 192, 2.121592
637, 193, 2.742465
637, 194, 1.537411
637, 195, -0.281319
637, 196, 3.983552
637, 197, 2.398166
637, 198, 2.282124
637, 199, 1.456050
639, 0, 1.503664
639, 1, 1.547396
639, 2, 2.347377
639, 3, 1.150860
639, 4, -0.339888
639, 5, 1.961340
639, 6, -0.000013
639, 7, 1.283834
639, 8, 3.375436
639, 9, 1.717014
639, 10, 1.799210
639, 11, 2.271102
639, 12, 2.564415
639, 13, 0.000000
639, 14, 2.587759
639, 15, 2.474965
639, 16, 1.129258
639, 17, 3.204852
639, 18, 3.587874
639, 19, 2.597126
639, 20, 4.237290
639, 21, 0.436530
639, 22, 2.161510
639, 23, 1.270559
639, 24, 1.209450
639, 25, 2.046121
639, 26, 1.009915
639, 27, 0.812977
639, 28, 1.978919
639, 29, 1.902687
639, 30, 0.668950
639, 31, 2.597687
639, 32, 0.422124
639, 33, 2.726414
639, 34, 2.391017
639, 35, 2.597169
639, 36, 2.297085
639, 37, 1.576001
639, 38, 0.375477
639, 39, 1.569277
639, 40, 2.691563
639, 41, 1.728758
639, 42, 1.011686
639, 43, 1.442728
639, 44, 0.519650
639, 45, 1.434781
639, 46, 2.252484
639, 47, 1.415481
639, 48, 2.596738
639, 49, -0.160065
639, 50, 2.174345
639, 51, 0.485420
639, 52, 1.514256
639, 53, -0.000015
639, 54, 2.762668
639, 55, 3.171284
639, 56, 2.532517
639, 57, 2.958377
639, 58, 0.829374
639, 59, 1.691667
639, 60, 0.000000
639, 61, 1.402721
639, 62, 2.046885
639, 63, 1.722669
639, 64, 2.057648
639, 65, 3.481061
639, 66, 1.750670
639, 67, 2.511020
639, 68, 1.571999
639, 69, 2.719843
639, 70, 2.955156
639, 71, 2.589447
639, 72, 3.798263
639, 73, 3.221572
639, 74, 1.580833
639, 75, 1.934788
639, 76, 1.049166
639, 77, 1.420346
639, 78, 1.805377
639, 79, 2.797782
639, 80, 2.673243
639, 81, 1.710896
639, 82, -0.113179
639, 83, 1.236578
639, 84, 0.939994
639, 85, 3.020051
639, 86, 3.297400
639, 87, 2.334270
639, 88, 1.398646
639, 89, 0.544654
639, 90, 1.203632
639, 91, 1.343261
639, 92, 0.672629
639, 93, 2.652346
639, 94, 1.666551
639, 95, 0.947298
639, 96, 1.655825
639, 97, 4.306900
639, 98, 2.140095
639, 99, 1.159450
639, 100, 0.792004
639, 101, -0.031273
639, 102, 1.856339
639, 103, 0.000000
639, 104, 3.453672
639, 105, 2.825156
639, 106, 1.431670
639, 107, 1.918418
639, 108, 0.639675
639, 109, 0.320497
639, 110, 1.771988
639, 111, 0.777120
639, 112, 1.185186
639, 113, 3.538795
639, 114, 1.046848
639, 115, 1.999007
639, 116, 1.430291
639, 117, 2.375966
639, 118, 1.599128
639, 119, 1.334032
639, 120, 2.301379
639, 121, 3.700621
639, 122, 2.491351
639, 123, 0.346461
639, 124, 2.149926
639, 125, 4.267899
639, 126, 1.250817
639, 127, 0.838413
639, 128, 0.513854
639, 129, 0.068566
639, 130, 1.536904
639, 131, 1.765901
639, 132, 1.469586
639, 133, 0.158527
639, 134, 1.165754
639, 135, 0.744959
639, 136, -0.000010
639, 137, 1.569916
639, 138, 0.987940
639, 139, 0.937750
639, 140, 3.505893
639, 141, 2.345866
639, 142, 3.107316
639, 143, 1.962382
639, 144, 1.508965
639, 145, 1.108290
639, 146, 1.966183
639, 147, 3.902914
639, 148, 2.480981
639, 149, 3.530915
639, 150, 1.562608
639, 151, 1.922672
639, 152, 2.096882
639, 153, 0.000000
639, 154, 1.593774
639, 155, 2.281430
639, 156, -0.010000
639, 157, 3.007405
639, 158, 1.993107
639, 159, 1.077853
639, 160, 2.879619
639, 161, 2.100409
639, 162, 3.450837
639, 163, 2.512822
639, 164, 3.356871
639, 165, 2.995253
639, 166, 3.630253
639, 167, 1.409328
639, 168, 0.324529
639, 169, 1.781152
639, 170, 1.509260
639, 171, 2.820569
639, 172, 2.668062
639, 173, 2.615380
639, 174, 2.139436
639, 175, 1.459244
639, 176, 3.356692
639, 177, 2.484592
639, 178, 0.529260
639, 179, 3.047260
639, 180, 3.486435
639, 181, 0.869874
639, 182, 3.133410
639, 183, -0.040000
639, 184, 0.631502
639, 185, 1.880346
639, 186, 3.379246
639, 187, 0.000000
639, 188, 2.154538
639, 189, 2.852731
639, 190, 2.387929
639, 191, 0.717938
639, 192, 2.106373
639, 193, 2.743477
639, 194, 1.537411
639, 195, -0.281320
639, 196, 3.980698
639, 197, 2.396154
639, 198, 2.282112
639, 199, 1.456050
641, 0, 1.503664
641, 1, 1.547395
641, 2, 2.345887
641, 3, 1.150857
641, 4, -0.339888
641, 5, 1.962209
641, 6, -0.000013
641, 7, 1.283830
641, 8, 3.377844
641, 9, 1.717014
641, 10, 1.799209
641, 11, 2.271102
641, 12, 2.561508
641, 13, 0.000000
641, 14, 2.587752
641, 15, 2.481937
641, 16, 1.129258
641, 17, 3.229436
641, 18, 3.587651
641, 19, 2.589026
641, 20, 4.255166
641, 21, 0.436530
641, 22, 2.161510
641, 23, 1.270559
641, 24, 1.167574
641, 25, 2.046121
641, 26, 1.009915
641, 27, 0.812977
641, 28, 1.975229
641, 29, 1.902687
641, 30, 0.668950
641, 31, 2.594832
641, 32, 0.422124
641, 33, 2.763998
641, 34, 2.383350
641, 35, 2.597142
641, 36, 2.296254
641, 37, 1.505957
641, 38, 0.375477
641, 39, 1.569277
641, 40, 2.691563
641, 41, 1.728806
641, 42, 1.011686
641, 43, 1.442728
641, 44, 0.519650
641, 45, 1.433340
641, 46, 2.274681
641, 47, 1.415481
641, 48, 2.598232
641, 49, -0.160065
641, 50, 2.174345
641, 51, 0.485420
641, 52, 1.514256
641, 53, -0.000015
641, 54, 2.766314
641, 55, 3.170665
641, 56, 2.523860
641, 57, 2.958404
641, 58, 0.829374
641, 59, 1.691667
641, 60, 0.000000
641, 61, 1.402721
641, 62, 2.046885
641, 63, 1.722669
641, 64, 2.057648
641, 65, 3.462231
641, 66, 1.750670
641, 67, 2.511020
641, 68, 1.571999
641, 69, 2.719843
641, 70, 2.954838
641, 71, 2.585503
641, 72, 3.796272
641, 73, 3.221194
641, 74, 1.580833
641, 75, 1.934788
641, 76, 1.049166
641, 77, 1.420346
641, 78, 1.805377
641, 79, 2.797782
641, 80, 2.672938
641, 81, 1.710896
641, 82, -0.113960
641, 83, 1.236758
641, 84, 0.939994
641, 85, 3.020050
641, 86, 3.309088
641, 87, 2.334270
641, 88, 1.398646
641, 89, 0.544654
641, 90, 1.203630
641, 91, 1.334229
641, 92, 0.672629
641, 93, 2.663921
641, 94, 1.660404
641, 95, 0.937910
641, 96, 1.651927
641, 97, 4.306073
641, 98, 2.141707
641, 99, 1.159450
641, 100, 0.792004
641, 101, -0.031273
641, 102, 1.856339
641, 103, 0.000000
641, 104, 3.467110
641, 105, 2.824149
641, 106, 1.431670
641, 107, 1.878925
641, 108, 0.639675
641, 109, 0.320497
641, 110, 1.771988
641, 111, 0.777308
641, 112, 1.185186
641, 113, 3.554915
641, 114, 1.046848
641, 115, 1.999007
641, 116, 1.430291
641, 117, 2.375966
641, 118, 1.615308
641, 119, 1.334032
641, 120, 2.301379
641, 121, 3.705766
641, 122, 2.491351
641, 123, 0.346461
641, 124, 2.149925
641, 125, 4.281747
641, 126, 1.250982
641, 127, 0.838413
641, 128, 0.513854
641, 129, 0.068566
641, 130, 1.536905
641, 131, 1.765901
641, 132, 1.469586
641, 133, 0.158527
641, 134, 1.165754
641, 135, 0.744959
641, 136, -0.000010
641, 137, 1.569856
641, 138, 0.987940
641, 139, 0.937750
641, 140, 3.507775
641, 141, 2.345865
641, 142, 3.108096
641, 143, 1.962848
641, 144, 1.508965
641, 145, 1.108290
641, 146, 1.966183
641, 147, 3.903332
641, 148, 2.480981
641, 149, 3.531294
641, 150, 1.562608
641, 151, 1.922202
641, 152, 2.097402
641, 153, 0.000000
641, 154, 1.593774
641, 155, 2.281430
641, 156, -0.010000
641, 157, 3.007405
641, 158, 1.993107
641, 159, 1.077853
641, 160, 2.954311
641, 161, 2.100409
641, 162, 3.456900
641, 163, 2.512822
641, 164, 3.356871
641, 165, 2.994804
641, 166, 3.621783
641, 167, 1.409328
641, 168, 0.324529
641, 169, 1.781212
641, 170, 1.509260
641, 171, 2.804251
641, 172, 2.653324
641, 173, 2.615560
641, 174, 2.142513
641, 175, 1.459304
641, 176, 3.356692
641, 177, 2.495083
641, 178, 0.529260
641, 179, 3.039604
641, 180, 3.517893
641, 181, 0.869874
641, 182, 3.133410
641, 183, -0.040000
641, 184, 0.631502
641, 185, 1.880346
641, 186, 3.379837
641, 187, 0.000000
641, 188, 2.153932
641, 189, 2.865686
641, 190, 2.387929
641, 191, 0.717938
641, 192, 2.118946
641, 193, 2.743490
641, 194, 1.537409
641, 195, -0.281317
641, 196, 3.980966
641, 197, 2.396154
641, 198, 2.282098
641, 199, 1.456051
643, 0, 1.503664
643, 1, 1.547395
643, 2, 2.355721
643, 3, 1.150858
643, 4, -0.339888
643, 5, 1.965114
643, 6, -0.000013
643, 7, 1.283832
643, 8, 3.382604
643, 9, 1.717014
643, 10, 1.799210
643, 11, 2.271102
643, 12, 2.566678
643, 13, 0.000000
643, 14, 2.587743
643, 15, 2.516911
643, 16, 1.129258
643, 17, 3.229217
643, 18, 3.587893
643, 19, 2.589026
643, 20, 4.277311
643, 21, 0.436530
643, 22, 2.161510
643, 23, 1.270559
643, 24, 1.143479
643, 25, 2.046121
643, 26, 1.009915
643, 27, 0.812977
643, 28, 1.972084
643, 29, 1.900024
643, 30, 0.668950
643, 31, 2.599218
643, 32, 0.422124
643, 33, 2.779166
643, 34, 2.391399
643, 35, 2.597118
643, 36, 2.298949
643, 37, 1.536647
643, 38, 0.375477
643, 39, 1.569277
643, 40, 2.691563
643, 41, 1.728851
643, 42, 1.011686
643, 43, 1.442728
643, 44, 0.519650
643, 45, 1.430086
643, 46, 2.262434
643, 47, 1.415481
643, 48, 2.600635
643, 49, -0.160065
643, 50, 2.174345
643, 51, 0.485420
643, 52, 1.514256
643, 53, -0.000015
643, 54, 2.764596
643, 55, 3.168763
643, 56, 2.523112
643, 57, 2.958433
643, 58, 0.829374
643, 59, 1.691667
643, 60, 0.000000
643, 61, 1.402721
643, 62, 2.046885
643, 63, 1.722669
643, 64, 2.057648
643, 65, 3.459851
643, 66, 1.750670
643, 67, 2.511020
643, 68, 1.571999
643, 69, 2.719844
643, 70, 2.955163
643, 71, 2.594341
643, 72, 3.798588
643, 73, 3.220315
643, 74, 1.580833
643, 75, 1.934788
643, 76, 1.049166
643, 77, 1.420346
643, 78, 1.805377
643, 79, 2.797783
643, 80, 2.673080
643, 81, 1.710896
643, 82, -0.112089
643, 83, 1.236889
643, 84, 0.939994
643, 85, 3.020050
643, 86, 3.327374
643, 87, 2.334270
643, 88, 1.398646
643, 89, 0.544654
643, 90, 1.203631
643, 91, 1.310926
643, 92, 0.672629
643, 93, 2.657678
643, 94, 1.656728
643, 95, 0.943462
643, 96, 1.655292
643, 97, 4.302205
643, 98, 2.142933
643, 99, 1.159450
643, 100, 0.792004
643, 101, -0.031273
643, 102, 1.856339
643, 103, 0.000000
643, 104, 3.462576
643, 105, 2.823084
643, 106, 1.431670
643, 107, 1.888226
643, 108, 0.639675
643, 109, 0.320497
643, 110, 1.771988
643, 111, 0.777639
643, 112, 1.185186
643, 113, 3.556417
643, 114, 1.046848
643, 115, 1.999007
643, 116, 1.430291
643, 117, 2.375966
643, 118, 1.624598
643, 119, 1.334032
643, 120, 2.301379
643, 121, 3.659894
643, 122, 2.491351
643, 123, 0.346461
643, 124, 2.149925
643, 125, 4.282298
643, 126, 1.251175
643, 127, 0.838413
643, 128, 0.513854
643, 129, 0.068566
643, 130, 1.536904
643, 131, 1.765901
643, 132, 1.469586
643, 133, 0.158527
643, 134, 1.165754
643, 135, 0.744959
643, 136, -0.000010
643, 137, 1.569812
643, 138, 0.987940
643, 139, 0.937750
643, 140, 3.502277
643, 141, 2.345864
643, 142, 3.122151
643, 143, 1.962831
643, 144, 1.508965
643, 145, 1.108290
643, 146, 1.966183
643, 147, 3.910092
643, 148, 2.480981
643, 149, 3.531163
643, 150, 1.562608
643, 151, 1.921608
643, 152, 2.094229
643, 153, 0.000000
643, 154, 1.593774
643, 155, 2.281430
643, 156, -0.010000
643, 157, 3.007405
643, 158, 1.993107
643, 159, 1.077853
643, 160, 2.955532
643, 161, 2.100409
643, 162, 3.456859
643, 163, 2.513143
643, 164, 3.356871
643, 165, 2.993366
643, 166, 3.631197
643, 167, 1.409328
643, 168, 0.324529
643, 169, 1.781453
643, 170, 1.509260
643, 171, 2.793733
643, 172, 2.658219
643, 173, 2.614460
643, 174, 2.137918
643, 175, 1.459098
643, 176, 3.362589
643, 177, 2.483307
643, 178, 0.529260
643, 179, 3.042222
643, 180, 3.514106
643, 181, 0.869874
643, 182, 3.133410
643, 183, -0.040000
643, 184, 0.631502
643, 185, 1.880346
643, 186, 3.383780
643, 187, 0.000000
643, 188, 2.148720
643, 189, 2.709770
643, 190, 2.387929
643, 191, 0.717938
643, 192, 2.111532
643, 193, 2.743498
643, 194, 1.537410
643, 195, -0.281318
643, 196, 3.983169
643, 197, 2.395662
643, 198, 2.282086
643, 199, 1.456051
645, 0, 1.503664
645, 1, 1.547395
645, 2, 2.332150
645, 3, 1.150858
645, 4, -0.339888
645, 5, 1.968677
645, 6, -0.000013
645, 7, 1.283833
645, 8, 3.399305
645, 9, 1.717014
645, 10, 1.799210
645, 11, 2.271102
645, 12, 2.570310
645, 13, 0.000000
645, 14, 2.587734
645, 15, 2.572175
645, 16, 1.129258
645, 17, 3.230898
645, 18, 3.587723
645, 19, 2.589026
645, 20, 4.265611
645, 21, 0.436530
645, 22, 2.161510
645, 23, 1.270559
645, 24, 1.143149
645, 25, 2.046121
645, 26, 1.009915
645, 27, 0.812977
645, 28, 1.972134
645, 29, 1.897881
645, 30, 0.668950
645, 31, 2.598743
645, 32, 0.422124
645, 33, 2.721006
645, 34, 2.327979
645, 35, 2.597092
645, 36, 2.298439
645, 37, 1.622793
645, 38, 0.375477
645, 39, 1.569277
645, 40, 2.691563
645, 41, 1.728894
645, 42, 1.011686
645, 43, 1.442728
645, 44, 0.519650
645, 45, 1.428174
645, 46, 2.258533
645, 47, 1.415481
645, 48, 2.598856
645, 49, -0.160065
645, 50, 2.174345
645, 51, 0.485420
645, 52, 1.514256
645, 53, -0.000015
645, 54, 2.766153
645, 55, 3.170827
645, 56, 2.531034
645, 57, 2.958459
645, 58, 0.829374
645, 59, 1.691667
645, 60, 0.000000
645, 61, 1.402721
645, 62, 2.046886
645, 63, 1.722669
645, 64, 2.057648
645, 65, 3.476607
645, 66, 1.750670
645, 67, 2.511020
645, 68, 1.571999
645, 69, 2.719844
645, 70, 2.950086
645, 71, 2.582957
645, 72, 3.798928
645, 73, 3.220192
645, 74, 1.580833
645, 75, 1.934788
645, 76, 1.049166
645, 77, 1.420346
645, 78, 1.805377
645, 79, 2.797782
645, 80, 2.673907
645, 81, 1.710896
645, 82, -0.110766
645, 83, 1.236948
645, 84, 0.939994
645, 85, 3.020050
645, 86, 3.330161
645, 87, 2.361339
645, 88, 1.398646
645, 89, 0.544654
645, 90, 1.203630
645, 91, 1.304483
645, 92, 0.672629
645, 93, 2.668248
645, 94, 1.653611
645, 95, 0.939323
645, 96, 1.654714
645, 97, 4.302803
645, 98, 2.143938
645, 99, 1.159450
645, 100, 0.792004
645, 101, -0.031273
645, 102, 1.856339
645, 103, 0.000000
645, 104, 3.449699
645, 105, 2.822325
645, 106, 1.431670
645, 107, 1.900710
645, 108, 0.639675
645, 109, 0.320497
645, 110, 1.771988
645, 111, 0.777405
645, 112, 1.185186
645, 113, 3.554778
645, 114, 1.046848
645, 115, 1.999007
645, 116, 1.430291
645, 117, 2.375966
645, 118, 1.603179
645, 119, 1.334032
645, 120, 2.301379
645, 121, 3.677937
645, 122, 2.491351
645, 123, 0.346461
645, 124, 2.149925
645, 125, 4.288620
645, 126, 1.251369
645, 127, 0.838413
645, 128, 0.513854
645, 129, 0.068566
645, 130, 1.536904
645, 131, 1.765902
645, 132, 1.469586
645, 133, 0.158527
645, 134, 1.165754
645, 135, 0.744959
645, 136, -0.000010
645, 137, 1.569772
645, 138, 0.987940
645, 139, 0.937750
645, 140, 3.505210
645, 141, 2.345865
645, 142, 3.139305
645, 143, 1.951154
645, 144, 1.508965
645, 145, 1.108290
645, 146, 1.966183
645, 147, 3.909236
645, 148, 2.480981
645, 149, 3.531113
645, 150, 1.562608
645, 151, 1.921040
645, 152, 2.092783
645, 153, 0.000000
645, 154, 1.593774
645, 155, 2.281431
645, 156, -0.010000
645, 157, 3.007406
645, 158, 1.993107
645, 159, 1.077853
645, 160, 2.934298
645, 161, 2.100409
645, 162, 3.457375
645, 163, 2.513143
645, 164, 3.356870
645, 165, 2.992781
645, 166, 3.629473
645, 167, 1.409328
645, 168, 0.324529
645, 169, 1.781999
645, 170, 1.509260
645, 171, 2.823101
645, 172, 2.676153
645, 173, 2.613954
645, 174, 2.134867
645, 175, 1.459334
645, 176, 3.356692
645, 177, 2.486347
645, 178, 0.529260
645, 179, 3.045985
645, 180, 3.508640
645, 181, 0.869874
645, 182, 3.133410
645, 183, -0.040000
645, 184, 0.631502
645, 185, 1.880346
645, 186, 3.378150
645, 187, 0.000000
645, 188, 2.145783
645, 189, 2.770079
645, 190, 2.387929
645, 191, 0.717938
645, 192, 2.109628
645, 193, 2.744318
645, 194, 1.537410
645, 195, -0.281319
645, 196, 3.983318
645, 197, 2.394737
645, 198, 2.282074
645, 199, 1.456051
647, 0, 1.503664
647, 1, 1.547396
647, 2, 2.332123
647, 3, 1.150859
647, 4, -0.339888
647, 5, 1.970901
647, 6, -0.000013
647, 7, 1.283834
647, 8, 3.409393
647, 9, 1.717014
647, 10, 1.799210
647, 11, 2.271102
647, 12, 2.563150
647, 13, 0.000000
647, 14, 2.587726
647, 15, 2.493472
647, 16, 1.129258
647, 17, 3.227004
647, 18, 3.588295
647, 19, 2.589026
647, 20, 4.290864
647, 21, 0.436530
647, 22, 2.161510
647, 23, 1.270559
647, 24, 1.153542
647, 25, 2.046121
647, 26, 1.009915
647, 27, 0.812977
647, 28, 1.976360
647, 29, 1.897231
647, 30, 0.668950
647, 31, 2.592210
647, 32, 0.422124
647, 33, 2.749081
647, 34, 2.389138
647, 35, 2.597067
647, 36, 2.298589
647, 37, 1.702109
647, 38, 0.375477
647, 39, 1.569277
647, 40, 2.691563
647, 41, 1.728940
647, 42, 1.011686
647, 43, 1.442728
647, 44, 0.519650
647, 45, 1.427564
647, 46, 2.246082
647, 47, 1.415481
647, 48, 2.598134
647, 49, -0.160065
647, 50, 2.174345
647, 51, 0.485420
647, 52, 1.514256
647, 53, -0.000015
647, 54, 2.737285
647, 55, 3.171573
647, 56, 2.532276
647, 57, 2.958486
647, 58, 0.829374
647, 59, 1.691667
647, 60, 0.000000
647, 61, 1.402721
647, 62, 2.046885
647, 63, 1.722669
647, 64, 2.057648
647, 65, 3.495770
647, 66, 1.750670
647, 67, 2.511020
647, 68, 1.571999
647, 69, 2.719844
647, 70, 2.954996
647, 71, 2.583000
647, 72, 3.797895
647, 73, 3.219449
647, 74, 1.580833
647, 75, 1.934788
647, 76, 1.049166
647, 77, 1.420346
647, 78, 1.805377
647, 79, 2.797782
647, 80, 2.674026
647, 81, 1.710896
647, 82, -0.110308
647, 83, 1.236987
647, 84, 0.939994
647, 85, 3.020049
647, 86, 3.336686
647, 87, 2.351445
647, 88, 1.398646
647, 89, 0.544654
647, 90, 1.203631
647, 91, 1.296733
647, 92, 0.672629
647, 93, 2.642230
647, 94, 1.656498
647, 95, 0.942508
647, 96, 1.652934
647, 97, 4.305023
647, 98, 2.139869
647, 99, 1.159450
647, 100, 0.792004
647, 101, -0.031273
647, 102, 1.856339
647, 103, 0.000000
647, 104, 3.446862
647, 105, 2.822035
647, 106, 1.431670
647, 107, 1.920192
647, 108, 0.639675
647, 109, 0.320497
647, 110, 1.771988
647, 111, 0.777390
647, 112, 1.185186
647, 113, 3.542344
647, 114, 1.046848
647, 115, 1.999007
647, 116, 1.430291
647, 117, 2.375966
647, 118, 1.617833
647, 119, 1.334032
647, 120, 2.301379
647, 121, 3.645084
647, 122, 2.491351
647, 123, 0.346461
647, 124, 2.149925
647, 125, 4.283618
647, 126, 1.251552
647, 127, 0.838413
647, 128, 0.513854
647, 129, 0.068566
647, 130, 1.536904
647, 131, 1.765901
647, 132, 1.469586
647, 133, 0.158527
647, 134, 1.165754
647, 135, 0.744959
647, 136, -0.000010
647, 137, 1.569729
647, 138, 0.987940
647, 139, 0.937750
647, 140, 3.510265
647, 141, 2.345865
647, 142, 3.140230
647, 143, 1.959334
647, 144, 1.508965
647, 145, 1.108290
647, 146, 1.966183
647, 147, 3.902385
647, 148, 2.480981
647, 149, 3.531224
647, 150, 1.562608
647, 151, 1.926679
647, 152, 2.086525
647, 153, 0.000000
647, 154, 1.593774
647, 155, 2.281431
647, 156, -0.010000
647, 157, 3.007405
647, 158, 1.993107
647, 159, 1.077853
647, 160, 2.912385
647, 161, 2.100409
647, 162, 3.451252
647, 163, 2.514208
647, 164, 3.356870
647, 165, 2.992312
647, 166, 3.633327
647, 167, 1.409328
647, 168, 0.324529
647, 169, 1.782494
647, 170, 1.509260
647, 171, 2.818463
647, 172, 2.672243
647, 173, 2.611919
647, 174, 2.155665
647, 175, 1.458873
647, 176, 3.361435
647, 177, 2.493451
647, 178, 0.529260
647, 179, 3.049189
647, 180, 3.476374
647, 181, 0.869874
647, 182, 3.133410
647, 183, -0.040000
647, 184, 0.631502
647, 185, 1.880346
647, 186, 3.375022
647, 187, 0.000000
647, 188, 2.166977
647, 189, 2.812586
647, 190, 2.387929
647, 191, 0.717938
647, 192, 2.125322
647, 193, 2.739840
647, 194, 1.537410
647, 195, -0.281319
647, 196, 3.982414
647, 197, 2.403499
647, 198, 2.282062
647, 199, 1.456051
649, 0, 1.503664
649, 1, 1.547395
649, 2, 2.273746
649, 3, 1.150859
649, 4, -0.339888
649, 5, 1.973333
649, 6, -0.000013
649, 7, 1.283834
649, 8, 3.371324
649, 9, 1.717014
649, 10, 1.799210
649, 11, 2.271102
649, 12, 2.569402
649, 13, 0.000000
649, 14, 2.586676
649, 15, 2.530190
649, 16, 1.129258
649, 17, 3.227357
649, 18, 3.587564
649, 19, 2.589026
649, 20, 4.283950
649, 21, 0.436530
649, 22, 2.161510
649, 23, 1.270559
649, 24, 1.180544
649, 25, 2.046121
649, 26, 1.009915
649, 27, 0.812977
649, 28, 1.978995
649, 29, 1.896938
649, 30, 0.668950
649, 31, 2.597758
649, 32, 0.422124
649, 33, 2.759004
649, 34, 2.375686
649, 35, 2.596304
649, 36, 2.295633
649, 37, 1.438238
649, 38, 0.375477
649, 39, 1.569277
649, 40, 2.691563
649, 41, 1.728957
649, 42, 1.011686
649, 43, 1.442728
649, 44, 0.519650
649, 45, 1.427313
649, 46, 2.280708
649, 47, 1.415481
649, 48, 2.601059
649, 49, -0.160065
649, 50, 2.174345
649, 51, 0.485420
649, 52, 1.514256
649, 53, -0.000015
649, 54, 2.779401
649, 55, 3.170627
649, 56, 2.523913
649, 57, 2.958017
649, 58, 0.829374
649, 59, 1.691667
649, 60, 0.000000
649, 61, 1.402721
649, 62, 2.046885
649, 63, 1.722669
649, 64, 2.057648
649, 65, 3.467971
649, 66, 1.750670
649, 67, 2.511020
649, 68, 1.571999
649, 69, 2.719845
649, 70, 2.954944
649, 71, 2.583017
649, 72, 3.796706
649, 73, 3.218361
649, 74, 1.580833
649, 75, 1.934788
649, 76, 1.049166
649, 77, 1.420346
649, 78, 1.805377
649, 79, 2.797782
649, 80, 2.674268
649, 81, 1.710896
649, 82, -0.110096
649, 83, 1.237008
649, 84, 0.939994
649, 85, 3.020050
649, 86, 3.333073
649, 87, 2.344248
649, 88, 1.398646
649, 89, 0.544654
649, 90, 1.203633
649, 91, 1.299718
649, 92, 0.672629
649, 93, 2.655499
649, 94, 1.661430
649, 95, 0.951102
649, 96, 1.654450
649, 97, 4.304513
649, 98, 2.144720
649, 99, 1.159450
649, 100, 0.792004
649, 101, -0.031273
649, 102, 1.856339
649, 103, 0.000000
649, 104, 3.442810
649, 105, 2.821461
649, 106, 1.431670
649, 107, 1.921187
649, 108, 0.639675
649, 109, -0.016499
649, 110, 1.771988
649, 111, 0.777654
649, 112, 1.185186
649, 113, 3.553695
649, 114, 1.046848
649, 115, 1.999007
649, 116, 1.430291
649, 117, 2.375966
649, 118, 1.592283
649, 119, 1.334032
649, 120, 2.301379
649, 121, 3.695431
649, 122, 2.491351
649, 123, 0.346461
649, 124, 2.149926
649, 125, 4.280388
649, 126, 1.252109
649, 127, 0.838413
649, 128, 0.513854
649, 129, 0.068566
649, 130, 1.536904
649, 131, 1.765902
649, 132, 1.469587
649, 133, 0.158527
649, 134, 1.165754
649, 135, 0.744959
649, 136, -0.000010
649, 137, 1.569872
649, 138, 0.987940
649, 139, 0.937750
649, 140, 3.500924
649, 141, 2.345865
649, 142, 3.141850
649, 143, 1.951362
649, 144, 1.508965
649, 145, 1.108290
649, 146, 1.966183
649, 147, 3.910918
649, 148, 2.480981
649, 149, 3.531094
649, 150, 1.562608
649, 151, 1.926877
649, 152, 2.086525
649, 153, 0.000000
649, 154, 1.593774
649, 155, 2.281430
649, 156, -0.010000
649, 157, 3.007406
649, 158, 1.993107
649, 159, 1.077853
649, 160, 2.953946
649, 161, 2.100409
649, 162, 3.445136
649, 163, 2.514208
649, 164, 3.358092
649, 165, 2.992224
649, 166, 3.610920
649, 167, 1.409328
649, 168, 0.324529
649, 169, 1.782852
649, 170, 1.509260
649, 171, 2.804883
649, 172, 2.676723
649, 173, 2.613386
649, 174, 2.140857
649, 175, 1.458767
649, 176, 3.356692
649, 177, 2.499512
649, 178, 0.529260
649, 179, 3.041764
649, 180, 3.518420
649, 181, 0.869874
649, 182, 3.133410
649, 183, -0.040000
649, 184, 0.631502
649, 185, 1.880346
649, 186, 3.393715
649, 187, 0.000000
649, 188, 2.177574
649, 189, 2.844383
649, 190, 2.387929
649, 191, 0.717938
649, 192, 2.135664
649, 193, 2.741765
649, 194, 1.537413
649, 195, -0.281320
649, 196, 3.982610
649, 197, 2.399467
649, 198, 2.282084
649, 199, 1.456051
651, 0, 1.503664
651, 1, 1.547395
651, 2, 2.284168
651, 3, 1.150856
651, 4, -0.339888
651, 5, 1.975712
651, 6, -0.000013
651, 7, 1.283828
651, 8, 3.383637
651, 9, 1.743456
651, 10, 1.799209
651, 11, 2.271102
651, 12, 2.572726
651, 13, 0.000000
651, 14, 2.587088
651, 15, 2.454726
651, 16, 1.129258
651, 17, 3.228792
651, 18, 3.587163
651, 19, 2.589026
651, 20, 4.294592
651, 21, 0.436530
651, 22, 2.161510
651, 23, 1.270559
651, 24, 1.198733
651, 25, 2.046121
651, 26, 1.009915
651, 27, 0.812977
651, 28, 1.973233
651, 29, 1.894334
651, 30, 0.668950
651, 31, 2.600736
651, 32, 0.422124
651, 33, 2.728832
651, 34, 2.391544
651, 35, 2.596578
651, 36, 2.295754
651, 37, 1.557608
651, 38, 0.375477
651, 39, 1.569277
651, 40, 2.691563
651, 41, 1.728854
651, 42, 1.011686
651, 43, 1.442728
651, 44, 0.519650
651, 45, 1.425004
651, 46, 2.282513
651, 47, 1.415481
651, 48, 2.596108
651, 49, -0.160065
651, 50, 2.174345
651, 51, 0.485420
651, 52, 1.514256
651, 53, -0.000015
651, 54, 2.727577
651, 55, 3.159061
651, 56, 2.525949
651, 57, 2.958242
651, 58, 0.829374
651, 59, 1.691667
651, 60, 0.000000
651, 61, 1.402721
651, 62, 2.046886
651, 63, 1.722669
651, 64, 2.057648
651, 65, 3.460828
651, 66, 1.750670
651, 67, 2.511020
651, 68, 1.571999
651, 69, 2.719845
651, 70, 2.955050
651, 71, 2.601636
651, 72, 3.799064
651, 73, 3.219340
651, 74, 1.580833
651, 75, 1.934788
651, 76, 1.049166
651, 77, 1.420346
651, 78, 1.805377
651, 79, 2.797782
651, 80, 2.674455
651, 81, 1.710896
651, 82, -0.108538
651, 83, 1.237000
651, 84, 0.939994
651, 85, 3.020050
651, 86, 3.355446
651, 87, 2.344248
651, 88, 1.398646
651, 89, 0.544654
651, 90, 1.203630
651, 91, 1.272760
651, 92, 0.672629
651, 93, 2.668394
651, 94, 1.669746
651, 95, 0.936061
651, 96, 1.648116
651, 97, 4.306068
651, 98, 2.147444
651, 99, 1.159450
651, 100, 0.792004
651, 101, -0.031273
651, 102, 1.856339
651, 103, 0.000000
651, 104, 3.425544
651, 105, 2.821461
651, 106, 1.431670
651, 107, 1.906386
651, 108, 0.639675
651, 109, 0.333346
651, 110, 1.771988
651, 111, 0.777365
651, 112, 1.185186
651, 113, 3.554991
651, 114, 1.046848
651, 115, 1.999007
651, 116, 1.430291
651, 117, 2.375966
651, 118, 1.616419
651, 119, 1.334032
651, 120, 2.301379
651, 121, 3.430124
651, 122, 2.492580
651, 123, 0.346461
651, 124, 2.149925
651, 125, 4.215991
651, 126, 1.252702
651, 127, 0.838413
651, 128, 0.513854
651, 129, 0.068566
651, 130, 1.536905
651, 131, 1.765902
651, 132, 1.469586
651, 133, 0.158527
651, 134, 1.165754
651, 135, 0.744959
651, 136, -0.000010
651, 137, 1.570298
651, 138, 0.987940
651, 139, 0.949465
651, 140, 3.504938
651, 141, 2.345864
651, 142, 3.152476
651, 143, 1.953181
651, 144, 1.508965
651, 145, 1.108290
651, 146, 1.966183
651, 147, 3.907363
651, 148, 2.480981
651, 149, 3.531022
651, 150, 1.562608
651, 151, 1.925870
651, 152, 2.086525
651, 153, 0.000000
651, 154, 1.593774
651, 155, 2.281430
651, 156, -0.010000
651, 157, 3.014762
651, 158, 1.993107
651, 159, 1.077853
651, 160, 2.934330
651, 161, 2.100409
651, 162, 3.453022
651, 163, 2.518743
651, 164, 3.356862
651, 165, 2.991307
651, 166, 3.627587
651, 167, 1.409328
651, 168, 0.324529
651, 169, 1.782973
651, 170, 1.509260
651, 171, 2.785541
651, 172, 2.695709
651, 173, 2.615693
651, 174, 2.157822
651, 175, 1.458363
651, 176, 3.378860
651, 177, 2.481064
651, 178, 0.529260
651, 179, 3.043540
651, 180, 3.512228
651, 181, 0.869874
651, 182, 3.133410
651, 183, -0.040000
651, 184, 0.631502
651, 185, 1.880346
651, 186, 3.378558
651, 187, 0.000000
651, 188, 2.172870
651, 189, 2.846548
651, 190, 2.387929
651, 191, 0.717938
651, 192, 2.116854
651, 193, 2.742260
651, 194, 1.537412
651, 195, -0.281317
651, 196, 3.983296
651, 197, 2.403108
651, 198, 2.282153
651, 199, 1.456051
653, 0, 1.503664
653, 1, 1.547395
653, 2, 2.290772
653, 3, 1.150858
653, 4, -0.339888
653, 5, 1.980135
653, 6, -0.000013
653, 7, 1.283826
653, 8, 3.389155
653, 9, 1.717014
653, 10, 1.799210
653, 11, 2.271102
653, 12, 2.574441
653, 13, 0.000000
653, 14, 2.587509
653, 15, 2.429912
653, 16, 1.129258
653, 17, 3.219991
653, 18, 3.588610
653, 19, 2.589026
653, 20, 4.293010
653, 21, 0.436530
653, 22, 2.161510
653, 23, 1.270559
653, 24, 1.203388
653, 25, 2.046121
653, 26, 1.009915
653, 27, 0.812977
653, 28, 1.963274
653, 29, 1.890507
653, 30, 0.668950
653, 31, 2.602285
653, 32, 0.422124
653, 33, 2.720472
653, 34, 2.382974
653, 35, 2.596858
653, 36, 2.298139
653, 37, 1.576579
653, 38, 0.375477
653, 39, 1.569277
653, 40, 2.691563
653, 41, 1.728809
653, 42, 1.011686
653, 43, 1.442728
653, 44, 0.519650
653, 45, 1.425004
653, 46, 2.263958
653, 47, 1.415481
653, 48, 2.596924
653, 49, -0.160065
653, 50, 2.174345
653, 51, 0.485420
653, 52, 1.514256
653, 53, -0.000015
653, 54, 2.741665
653, 55, 3.168845
653, 56, 2.529272
653, 57, 2.958526
653, 58, 0.829374
653, 59, 1.691667
653, 60, 0.000000
653, 61, 1.402721
653, 62, 2.046886
653, 63, 1.722669
653, 64, 2.057648
653, 65, 3.464932
653, 66, 1.750670
653, 67, 2.511020
653, 68, 1.571999
653, 69, 2.719845
653, 70, 2.954840
653, 71, 2.597257
653, 72, 3.797909
653, 73, 3.220819
653, 74, 1.580833
653, 75, 1.934788
653, 76, 1.049166
653, 77, 1.420346
653, 78, 1.805377
653, 79, 2.797783
653, 80, 2.674980
653, 81, 1.710896
653, 82, -0.105186
653, 83, 1.237016
653, 84, 0.939994
653, 85, 3.020050
653, 86, 3.362488
653, 87, 2.357033
653, 88, 1.398646
653, 89, 0.544654
653, 90, 1.203630
653, 91, 1.255931
653, 92, 0.672629
653, 93, 2.668274
653, 94, 1.671285
653, 95, 0.924740
653, 96, 1.645614
653, 97, 4.306013
653, 98, 2.149064
653, 99, 1.159450
653, 100, 0.792004
653, 101, -0.031273
653, 102, 1.856339
653, 103, 0.000000
653, 104, 3.425722
653, 105, 2.821461
653, 106, 1.431670
653, 107, 1.917507
653, 108, 0.639675
653, 109, 0.346844
653, 110, 1.771988
653, 111, 0.776898
653, 112, 1.185186
653, 113, 3.554516
653, 114, 1.046848
653, 115, 1.999007
653, 116, 1.430291
653, 117, 2.375966
653, 118, 1.627459
653, 119, 1.334032
653, 120, 2.301379
653, 121, 3.491682
653, 122, 2.493596
653, 123, 0.346461
653, 124, 2.149925
653, 125, 4.237318
653, 126, 1.252645
653, 127, 0.838413
653, 128, 0.513854
653, 129, 0.068566
653, 130, 1.536905
653, 131, 1.765901
653, 132, 1.469587
653, 133, 0.158527
653, 134, 1.165754
653, 135, 0.744959
653, 136, -0.000010
653, 137, 1.570141
653, 138, 0.987940
653, 139, 0.952401
653, 140, 3.504232
653, 141, 2.345864
653, 142, 3.150401
653, 143, 1.959436
653, 144, 1.508965
653, 145, 1.108290
653, 146, 1.966183
653, 147, 3.903072
653, 148, 2.480981
653, 149, 3.530817
653, 150, 1.562608
653, 151, 1.924460
653, 152, 2.086525
653, 153, 0.000000
653, 154, 1.593774
653, 155, 2.281430
653, 156, -0.010000
653, 157, 3.010549
653, 158, 1.993107
653, 159, 1.077853
653, 160, 2.908992
653, 161, 2.100409
653, 162, 3.451941
653, 163, 2.520856
653, 164, 3.356870
653, 165, 2.989975
653, 166, 3.629383
653, 167, 1.409328
653, 168, 0.324529
653, 169, 1.782973
653, 170, 1.509260
653, 171, 2.810911
653, 172, 2.694812
653, 173, 2.614562
653, 174, 2.102168
653, 175, 1.458205
653, 176, 3.372019
653, 177, 2.499674
653, 178, 0.529260
653, 179, 3.049372
653, 180, 3.517735
653, 181, 0.869874
653, 182, 3.133410
653, 183, -0.040000
653, 184, 0.631502
653, 185, 1.880346
653, 186, 3.353627
653, 187, 0.000000
653, 188, 2.175238
653, 189, 2.875423
653, 190, 2.387929
653, 191, 0.717938
653, 192, 2.111202
653, 193, 2.742281
653, 194, 1.537417
653, 195, -0.281318
653, 196, 3.982332
653, 197, 2.405208
653, 198, 2.282120
653, 199, 1.456051
655, 0, 1.503664
655, 1, 1.547395
655, 2, 2.299335
655, 3, 1.150858
655, 4, -0.339888
655, 5, 1.983775
655, 6, -0.000013
655, 7, 1.283829
655, 8, 3.395731
655, 9, 1.717014
655, 10, 1.799210
655, 11, 2.271102
655, 12, 2.573107
655, 13, 0.000000
655, 14, 2.587594
655, 15, 2.495195
655, 16, 1.129258
655, 17, 3.223218
655, 18, 3.584605
655, 19, 2.589026
655, 20, 4.267489
655, 21, 0.436530
655, 22, 2.161510
655, 23, 1.270559
655, 24, 1.203383
655, 25, 2.046121
655, 26, 1.009915
655, 27, 0.812977
655, 28, 1.960909
655, 29, 1.888287
655, 30, 0.668950
655, 31, 2.600910
655, 32, 0.422124
655, 33, 2.730900
655, 34, 2.379335
655, 35, 2.596935
655, 36, 2.299567
655, 37, 1.500601
655, 38, 0.375477
655, 39, 1.569277
655, 40, 2.691563
655, 41, 1.728855
655, 42, 1.011686
655, 43, 1.442728
655, 44, 0.519650
655, 45, 1.423896
655, 46, 2.247091
655, 47, 1.415481
655, 48, 2.594508
655, 49, -0.160065
655, 50, 2.174345
655, 51, 0.485420
655, 52, 1.514256
655, 53, -0.000015
655, 54, 2.710948
655, 55, 3.166526
655, 56, 2.524525
655, 57, 2.958619
655, 58, 0.829374
655, 59, 1.691667
655, 60, 0.000000
655, 61, 1.402721
655, 62, 2.046885
655, 63, 1.722669
655, 64, 2.057648
655, 65, 3.452533
655, 66, 1.750670
655, 67, 2.511020
655, 68, 1.571999
655, 69, 2.719845
655, 70, 2.954813
655, 71, 2.588428
655, 72, 3.797778
655, 73, 3.220447
655, 74, 1.580833
655, 75, 1.934788
655, 76, 1.049166
655, 77, 1.420346
655, 78, 1.805377
655, 79, 2.797782
655, 80, 2.675206
655, 81, 1.710896
655, 82, -0.103737
655, 83, 1.237028
655, 84, 0.939994
655, 85, 3.020049
655, 86, 3.366679
655, 87, 2.334270
655, 88, 1.398646
655, 89, 0.544654
655, 90, 1.203630
655, 91, 1.247403
655, 92, 0.672629
655, 93, 2.650398
655, 94, 1.669630
655, 95, 0.943548
655, 96, 1.644044
655, 97, 4.289937
655, 98, 2.150495
655, 99, 1.159450
655, 100, 0.792004
655, 101, -0.031273
655, 102, 1.856339
655, 103, 0.000000
655, 104, 3.428701
655, 105, 2.821461
655, 106, 1.431670
655, 107, 1.924942
655, 108, 0.639675
655, 109, 0.337956
655, 110, 1.771988
655, 111, 0.776475
655, 112, 1.185186
655, 113, 3.554657
655, 114, 1.046848
655, 115, 1.999007
655, 116, 1.427192
655, 117, 2.375966
655, 118, 1.625929
655, 119, 1.334032
655, 120, 2.301379
655, 121, 3.539050
655, 122, 2.492929
655, 123, 0.346461
655, 124, 2.149925
655, 125, 4.253227
655, 126, 1.252392
655, 127, 0.838413
655, 128, 0.513854
655, 129, 0.068566
655, 130, 1.536905
655, 131, 1.765901
655, 132, 1.469587
655, 133, 0.158527
655, 134, 1.165754
655, 135, 0.744959
655, 136, -0.000010
655, 137, 1.569889
655, 138, 0.987940
655, 139, 0.949695
655, 140, 3.504934
655, 141, 2.345865
655, 142, 3.143483
655, 143, 1.958716
655, 144, 1.508965
655, 145, 1.108290
655, 146, 1.966183
655, 147, 3.901202
655, 148, 2.480981
655, 149, 3.531037
655, 150, 1.562608
655, 151, 1.923336
655, 152, 2.086525
655, 153, 0.000000
655, 154, 1.593774
655, 155, 2.281431
655, 156, -0.010000
655, 157, 3.010552
655, 158, 1.993107
655, 159, 1.077853
655, 160, 2.928115
655, 161, 2.100409
655, 162, 3.453887
655, 163, 2.521450
655, 164, 3.356870
655, 165, 2.989439
655, 166, 3.633135
655, 167, 1.409328
655, 168, 0.324529
655, 169, 1.783398
655, 170, 1.509260
655, 171, 2.801150
655, 172, 2.700224
655, 173, 2.612740
655, 174, 2.122960
655, 175, 1.458645
655, 176, 3.362900
655, 177, 2.482921
655, 178, 0.529260
655, 179, 3.049079
655, 180, 3.510437
655, 181, 0.869874
655, 182, 3.133410
655, 183, -0.040000
655, 184, 0.631502
655, 185, 1.880346
655, 186, 3.351145
655, 187, 0.000000
655, 188, 2.172679
655, 189, 2.831410
655, 190, 2.387929
655, 191, 0.717938
655, 192, 2.111613
655, 193, 2.742295
655, 194, 1.537419
655, 195, -0.281319
655, 196, 3.981475
655, 197, 2.406556
655, 198, 2.282067
655, 199, 1.456051
657, 0, 1.503664
657, 1, 1.547395
657, 2, 2.303006
657, 3, 1.150859
657, 4, -0.339888
657, 5, 1.986944
657, 6, -0.000013
657, 7, 1.283831
657, 8, 3.366547
657, 9, 1.717014
657, 10, 1.799210
657, 11, 2.271102
657, 12, 2.577605
657, 13, 0.000000
657, 14, 2.587618
657, 15, 2.482028
657, 16, 1.129258
657, 17, 3.205764
657, 18, 3.587795
657, 19, 2.589026
657, 20, 4.295480
657, 21, 0.436530
657, 22, 2.161510
657, 23, 1.270559
657, 24, 1.196631
657, 25, 2.046121
657, 26, 1.009915
657, 27, 0.812977
657, 28, 1.964776
657, 29, 1.887828
657, 30, 0.668950
657, 31, 2.604994
657, 32, 0.422124
657, 33, 2.727209
657, 34, 2.389246
657, 35, 2.596933
657, 36, 2.302436
657, 37, 1.582424
657, 38, 0.375477
657, 39, 1.569277
657, 40, 2.691563
657, 41, 1.728968
657, 42, 1.011686
657, 43, 1.442728
657, 44, 0.519650
657, 45, 1.423909
657, 46, 2.135149
657, 47, 1.415481
657, 48, 2.593714
657, 49, -0.160065
657, 50, 2.174345
657, 51, 0.485420
657, 52, 1.514256
657, 53, -0.000015
657, 54, 2.732982
657, 55, 3.169753
657, 56, 2.532603
657, 57, 2.958661
657, 58, 0.829374
657, 59, 1.691667
657, 60, 0.000000
657, 61, 1.402721
657, 62, 2.046885
657, 63, 1.722669
657, 64, 2.057648
657, 65, 3.455963
657, 66, 1.750670
657, 67, 2.511020
657, 68, 1.571999
657, 69, 2.719845
657, 70, 2.955126
657, 71, 2.582838
657, 72, 3.797815
657, 73, 3.221706
657, 74, 1.580833
657, 75, 1.934788
657, 76, 1.049166
657, 77, 1.420346
657, 78, 1.805377
657, 79, 2.797782
657, 80, 2.675178
657, 81, 1.710896
657, 82, -0.103377
657, 83, 1.237014
657, 84, 0.939994
657, 85, 3.020050
657, 86, 3.361585
657, 87, 2.334270
657, 88, 1.398646
657, 89, 0.544654
657, 90, 1.203630
657, 91, 1.251407
657, 92, 0.672629
657, 93, 2.654745
657, 94, 1.673148
657, 95, 0.946315
657, 96, 1.643054
657, 97, 4.306511
657, 98, 2.149117
657, 99, 1.159450
657, 100, 0.792004
657, 101, -0.031273
657, 102, 1.856339
657, 103, 0.000000
657, 104, 3.453703
657, 105, 2.821955
657, 106, 1.431670
657, 107, 1.954786
657, 108, 0.639675
657, 109, 0.336310
657, 110, 1.771988
657, 111, 0.775880
657, 112, 1.185186
657, 113, 3.524193
657, 114, 1.046848
657, 115, 1.999007
657, 116, 1.427192
657, 117, 2.375966
657, 118, 1.617320
657, 119, 1.334032
657, 120, 2.301379
657, 121, 3.594179
657, 122, 2.492805
657, 123, 0.346461
657, 124, 2.149925
657, 125, 4.267653
657, 126, 1.252349
657, 127, 0.838413
657, 128, 0.513854
657, 129, 0.068566
657, 130, 1.536905
657, 131, 1.765901
657, 132, 1.469588
657, 133, 0.158527
657, 134, 1.165754
657, 135, 0.744959
657, 136, -0.000010
657, 137, 1.569743
657, 138, 0.987940
657, 139, 0.949695
657, 140, 3.505435
657, 141, 2.345865
657, 142, 3.143456
657, 143, 1.961227
657, 144, 1.508965
657, 145, 1.108290
657, 146, 1.966183
657, 147, 3.908069
657, 148, 2.480981
657, 149, 3.529636
657, 150, 1.562608
657, 151, 1.896006
657, 152, 2.086525
657, 153, 0.000000
657, 154, 1.593774
657, 155, 2.281431
657, 156, -0.010000
657, 157, 3.010553
657, 158, 1.993107
657, 159, 1.077853
657, 160, 2.880042
657, 161, 2.100409
657, 162, 3.454087
657, 163, 2.514647
657, 164, 3.356871
657, 165, 2.989307
657, 166, 3.617121
657, 167, 1.409328
657, 168, 0.324529
657, 169, 1.783797
657, 170, 1.509260
657, 171, 2.811406
657, 172, 2.676248
657, 173, 2.614360
657, 174, 2.139242
657, 175, 1.458869
657, 176, 3.362900
657, 177, 2.484324
657, 178, 0.529260
657, 179, 3.049652
657, 180, 3.461730
657, 181, 0.869874
657, 182, 3.133410
657, 183, -0.040000
657, 184, 0.631502
657, 185, 1.880346
657, 186, 3.372464
657, 187, 0.000000
657, 188, 2.165616
657, 189, 2.861646
657, 190, 2.387929
657, 191, 0.717938
657, 192, 2.075897
657, 193, 2.743301
657, 194, 1.537421
657, 195, -0.281319
657, 196, 3.983037
657, 197, 2.411123
657, 198, 2.282029
657, 199, 1.456051
659, 0, 1.503664
659, 1, 1.547395
659, 2, 2.303003
659, 3, 1.150859
659, 4, -0.339888
659, 5, 1.988358
659, 6, -0.000013
659, 7, 1.283832
659, 8, 3.377849
659, 9, 1.717014
659, 10, 1.799210
659, 11, 2.271103
659, 12, 2.566301
659, 13, 0.000000
659, 14, 2.587310
659, 15, 2.519809
659, 16, 1.129258
659, 17, 3.227823
659, 18, 3.588802
659, 19, 2.589026
659, 20, 4.285245
659, 21, 0.436530
659, 22, 2.161510
659, 23, 1.270559
659, 24, 1.195526
659, 25, 2.046121
659, 26, 1.009915
659, 27, 0.812977
659, 28, 1.971775
659, 29, 1.889352
659, 30, 0.668950
659, 31, 2.594761
659, 32, 0.422124
659, 33, 2.726766
659, 34, 2.382050
659, 35, 2.596697
659, 36, 2.304241
659, 37, 1.661647
659, 38, 0.375477
659, 39, 1.569277
659, 40, 2.691563
659, 41, 1.729083
659, 42, 1.011686
659, 43, 1.442728
659, 44, 0.519650
659, 45, 1.425224
659, 46, 2.185320
659, 47, 1.415481
659, 48, 2.591806
659, 49, -0.160065
659, 50, 2.174345
659, 51, 0.485420
659, 52, 1.514256
659, 53, -0.000015
659, 54, 2.744423
659, 55, 3.168937
659, 56, 2.529003
659, 57, 2.958633
659, 58, 0.829374
659, 59, 1.691667
659, 60, 0.000000
659, 61, 1.402721
659, 62, 2.046885
659, 63, 1.722669
659, 64, 2.057648
659, 65, 3.465441
659, 66, 1.750670
659, 67, 2.511020
659, 68, 1.571999
659, 69, 2.719845
659, 70, 2.954460
659, 71, 2.582952
659, 72, 3.799386
659, 73, 3.218905
659, 74, 1.580833
659, 75, 1.934788
659, 76, 1.049166
659, 77, 1.420346
659, 78, 1.805377
659, 79, 2.797782
659, 80, 2.674810
659, 81, 1.710896
659, 82, -0.104305
659, 83, 1.237027
659, 84, 0.939994
659, 85, 3.020050
659, 86, 3.352942
659, 87, 2.334270
659, 88, 1.398646
659, 89, 0.544654
659, 90, 1.203630
659, 91, 1.262901
659, 92, 0.672629
659, 93, 2.670260
659, 94, 1.671566
659, 95, 0.929572
659, 96, 1.644990
659, 97, 4.304607
659, 98, 2.162109
659, 99, 1.159450
659, 100, 0.792004
659, 101, -0.031273
659, 102, 1.856339
659, 103, 0.000000
659, 104, 3.476431
659, 105, 2.823337
659, 106, 1.431670
659, 107, 1.958049
659, 108, 0.639675
659, 109, 0.336310
659, 110, 1.771988
659, 111, 0.775610
659, 112, 1.185186
659, 113, 3.540458
659, 114, 1.046848
659, 115, 1.999007
659, 116, 1.427192
659, 117, 2.375966
659, 118, 1.622856
659, 119, 1.334032
659, 120, 2.301379
659, 121, 3.622650
659, 122, 2.492805
659, 123, 0.346461
659, 124, 2.149926
659, 125, 4.277883
659, 126, 1.252593
659, 127, 0.838413
659, 128, 0.513854
659, 129, 0.068566
659, 130, 1.536905
659, 131, 1.765902
659, 132, 1.469588
659, 133, 0.158527
659, 134, 1.165754
659, 135, 0.744959
659, 136, -0.000010
659, 137, 1.569741
659, 138, 0.987940
659, 139, 0.949695
659, 140, 3.509998
659, 141, 2.345866
659, 142, 3.122966
659, 143, 1.962764
659, 144, 1.508965
659, 145, 1.108290
659, 146, 1.966183
659, 147, 3.901018
659, 148, 2.480981
659, 149, 3.531211
659, 150, 1.562608
659, 151, 1.911444
659, 152, 2.086525
659, 153, 0.000000
659, 154, 1.593774
659, 155, 2.281430
659, 156, -0.010000
659, 157, 3.007384
659, 158, 1.993107
659, 159, 1.077853
659, 160, 2.953249
659, 161, 2.100409
659, 162, 3.449723
659, 163, 2.514647
659, 164, 3.356869
659, 165, 2.989933
659, 166, 3.634064
659, 167, 1.409328
659, 168, 0.324529
659, 169, 1.783964
659, 170, 1.509260
659, 171, 2.808678
659, 172, 2.626980
659, 173, 2.616698
659, 174, 2.155818
659, 175, 1.458578
659, 176, 3.356692
659, 177, 2.505807
659, 178, 0.529260
659, 179, 3.050630
659, 180, 3.496260
659, 181, 0.869874
659, 182, 3.133410
659, 183, -0.040000
659, 184, 0.631502
659, 185, 1.880346
659, 186, 3.357468
659, 187, 0.000000
659, 188, 2.181846
659, 189, 2.896949
659, 190, 2.387929
659, 191, 0.717938
659, 192, 2.120939
659, 193, 2.741180
659, 194, 1.537420
659, 195, -0.281320
659, 196, 3.981871
659, 197, 2.405336
659, 198, 2.282000
659, 199, 1.456051
661, 0, 1.503664
661, 1, 1.547395
661, 2, 2.343407
661, 3, 1.150856
661, 4, -0.339888
661, 5, 1.986793
661, 6, -0.000013
661, 7, 1.283829
661, 8, 3.353972
661, 9, 1.717014
661, 10, 1.799209
661, 11, 2.271102
661, 12, 2.559646
661, 13, 0.000000
661, 14, 2.587496
661, 15, 2.470926
661, 16, 1.129258
661, 17, 3.226014
661, 18, 3.586201
661, 19, 2.589026
661, 20, 4.267093
661, 21, 0.436530
661, 22, 2.161510
661, 23, 1.270559
661, 24, 1.169245
661, 25, 2.046121
661, 26, 1.013571
661, 27, 0.812977
661, 28, 1.975164
661, 29, 1.892063
661, 30, 0.668950
661, 31, 2.588697
661, 32, 0.422124
661, 33, 2.709061
661, 34, 2.364044
661, 35, 2.596811
661, 36, 2.302784
661, 37, 1.720920
661, 38, 0.375477
661, 39, 1.569277
661, 40, 2.691563
661, 41, 1.729174
661, 42, 1.011686
661, 43, 1.442728
661, 44, 0.519650
661, 45, 1.427566
661, 46, 2.212127
661, 47, 1.415481
661, 48, 2.593431
661, 49, -0.160065
661, 50, 2.174345
661, 51, 0.485420
661, 52, 1.514256
661, 53, -0.000015
661, 54, 2.720962
661, 55, 3.169709
661, 56, 2.532374
661, 57, 2.958749
661, 58, 0.829374
661, 59, 1.691667
661, 60, 0.000000
661, 61, 1.402721
661, 62, 2.046886
661, 63, 1.722669
661, 64, 2.057648
661, 65, 3.470403
661, 66, 1.750670
661, 67, 2.511020
661, 68, 1.571999
661, 69, 2.719845
661, 70, 2.953994
661, 71, 2.585097
661, 72, 3.798810
661, 73, 3.217068
661, 74, 1.580833
661, 75, 1.934788
661, 76, 1.049166
661, 77, 1.420346
661, 78, 1.805377
661, 79, 2.797782
661, 80, 2.673899
661, 81, 1.710896
661, 82, -0.104349
661, 83, 1.237032
661, 84, 0.939994
661, 85, 3.020050
661, 86, 3.352341
661, 87, 2.334270
661, 88, 1.398646
661, 89, 0.544654
661, 90, 1.203630
661, 91, 1.265394
661, 92, 0.672629
661, 93, 2.679234
661, 94, 1.673621
661, 95, 0.908865
661, 96, 1.661165
661, 97, 4.302653
661, 98, 2.162873
661, 99, 1.159450
661, 100, 0.792004
661, 101, -0.031273
661, 102, 1.856339
661, 103, 0.000000
661, 104, 3.489235
661, 105, 2.823643
661, 106, 1.431670
661, 107, 1.941870
661, 108, 0.639675
661, 109, 0.336310
661, 110, 1.771988
661, 111, 0.775891
661, 112, 1.185186
661, 113, 3.554687
661, 114, 1.046848
661, 115, 1.999007
661, 116, 1.427192
661, 117, 2.375966
661, 118, 1.618672
661, 119, 1.334032
661, 120, 2.301379
661, 121, 3.671784
661, 122, 2.492805
661, 123, 0.346461
661, 124, 2.149925
661, 125, 4.284736
661, 126, 1.252809
661, 127, 0.838413
661, 128, 0.513854
661, 129, 0.068566
661, 130, 1.536905
661, 131, 1.765901
661, 132, 1.469586
661, 133, 0.158527
661, 134, 1.165754
661, 135, 0.744959
661, 136, -0.000010
661, 137, 1.569726
661, 138, 0.987940
661, 139, 0.949695
661, 140, 3.512708
661, 141, 2.345866
661, 142, 3.106002
661, 143, 1.960593
661, 144, 1.508965
661, 145, 1.108290
661, 146, 1.966183
661, 147, 3.910813
661, 148, 2.480981
661, 149, 3.531211
661, 150, 1.562608
661, 151, 1.912865
661, 152, 2.086525
661, 153, 0.000000
661, 154, 1.593774
661, 155, 2.281430
661, 156, -0.010000
661, 157, 3.007392
661, 158, 1.993107
661, 159, 1.077853
661, 160, 2.907743
661, 161, 2.096677
661, 162, 3.452455
661, 163, 2.514647
661, 164, 3.356870
661, 165, 2.990864
661, 166, 3.627992
661, 167, 1.409328
661, 168, 0.324529
661, 169, 1.783804
661, 170, 1.509260
661, 171, 2.818375
661, 172, 2.614840
661, 173, 2.620712
661, 174, 2.197360
661, 175, 1.455003
661, 176, 3.358828
661, 177, 2.483303
661, 178, 0.529260
661, 179, 3.051434
661, 180, 3.510825
661, 181, 0.869874
661, 182, 3.133410
661, 183, -0.040000
661, 184, 0.631502
661, 185, 1.880346
661, 186, 3.376489
661, 187, 0.000000
661, 188, 2.175746
661, 189, 2.850026
661, 190, 2.387929
661, 191, 0.717938
661, 192, 2.112661
661, 193, 2.743155
661, 194, 1.537416
661, 195, -0.281317
661, 196, 3.982793
661, 197, 2.391878
661, 198, 2.281982
661, 199, 1.456051
663, 0, 1.503664
663, 1, 1.547395
663, 2, 2.389368
663, 3, 1.150858
663, 4, -0.339888
663, 5, 1.985438
663, 6, -0.000013
663, 7, 1.283831
663, 8, 3.353826
663, 9, 1.717014
663, 10, 1.799210
663, 11, 2.271102
663, 12, 2.565303
663, 13, 0.000000
663, 14, 2.587541
663, 15, 2.546069
663, 16, 1.129258
663, 17, 3.227916
663, 18, 3.580252
663, 19, 2.589026
663, 20, 4.270518
663, 21, 0.436530
663, 22, 2.161510
663, 23, 1.270559
663, 24, 1.133846
663, 25, 2.046121
663, 26, 1.013571
663, 27, 0.812977
663, 28, 1.976519
663, 29, 1.902341
663, 30, 0.668950
663, 31, 2.593699
663, 32, 0.422124
663, 33, 2.779990
663, 34, 2.393039
663, 35, 2.596825
663, 36, 2.301120
663, 37, 1.690399
663, 38, 0.375477
663, 39, 1.568105
663, 40, 2.691563
663, 41, 1.729268
663, 42, 1.011686
663, 43, 1.442728
663, 44, 0.519650
663, 45, 1.436701
663, 46, 2.255895
663, 47, 1.415481
663, 48, 2.599242
663, 49, -0.160065
663, 50, 2.174345
663, 51, 0.485420
663, 52, 1.514256
663, 53, -0.000015
663, 54, 2.753966
663, 55, 3.167877
663, 56, 2.528426
663, 57, 2.958799
663, 58, 0.829374
663, 59, 1.691667
663, 60, 0.000000
663, 61, 1.402721
663, 62, 2.046886
663, 63, 1.722669
663, 64, 2.057648
663, 65, 3.455015
663, 66, 1.750670
663, 67, 2.511020
663, 68, 1.571999
663, 69, 2.719845
663, 70, 2.955151
663, 71, 2.583001
663, 72, 3.798089
663, 73, 3.218582
663, 74, 1.580833
663, 75, 1.934788
663, 76, 1.049166
663, 77, 1.420346
663, 78, 1.805377
663, 79, 2.797783
663, 80, 2.672876
663, 81, 1.710896
663, 82, -0.110365
663, 83, 1.237015
663, 84, 0.939994
663, 85, 3.020050
663, 86, 3.321205
663, 87, 2.336947
663, 88, 1.398646
663, 89, 0.544654
663, 90, 1.203630
663, 91, 1.309588
663, 92, 0.672629
663, 93, 2.640101
663, 94, 1.669989
663, 95, 0.920288
663, 96, 1.658433
663, 97, 4.304623
663, 98, 2.160977
663, 99, 1.159450
663, 100, 0.792004
663, 101, -0.031273
663, 102, 1.856339
663, 103, 0.000000
663, 104, 3.479340
663, 105, 2.828701
663, 106, 1.431670
663, 107, 1.921465
663, 108, 0.639675
663, 109, 0.336310
663, 110, 1.771988
663, 111, 0.776077
663, 112, 1.185186
663, 113, 3.512094
663, 114, 1.046848
663, 115, 1.999007
663, 116, 1.438784
663, 117, 2.375966
663, 118, 1.653779
663, 119, 1.334032
663, 120, 2.301379
663, 121, 3.675634
663, 122, 2.492805
663, 123, 0.346461
663, 124, 2.149925
663, 125, 4.288736
663, 126, 1.252870
663, 127, 0.838413
663, 128, 0.513854
663, 129, 0.068566
663, 130, 1.536904
663, 131, 1.765902
663, 132, 1.469587
663, 133, 0.158527
663, 134, 1.165754
663, 135, 0.744959
663, 136, -0.000010
663, 137, 1.569642
663, 138, 0.987940
663, 139, 0.949695
663, 140, 3.511083
663, 141, 2.345865
663, 142, 3.116765
663, 143, 1.959718
663, 144, 1.508965
663, 145, 1.108290
663, 146, 1.966183
663, 147, 3.891380
663, 148, 2.480981
663, 149, 3.531100
663, 150, 1.562608
663, 151, 1.912368
663, 152, 2.086525
663, 153, 0.000000
663, 154, 1.593774
663, 155, 2.281430
663, 156, -0.010000
663, 157, 3.007400
663, 158, 1.993107
663, 159, 1.077853
663, 160, 2.951731
663, 161, 2.096677
663, 162, 3.458913
663, 163, 2.514647
663, 164, 3.356871
663, 165, 2.991582
663, 166, 3.621993
663, 167, 1.409328
663, 168, 0.324529
663, 169, 1.783097
663, 170, 1.509260
663, 171, 2.789631
663, 172, 2.647600
663, 173, 2.623904
663, 174, 2.139937
663, 175, 1.453454
663, 176, 3.358828
663, 177, 2.482520
663, 178, 0.529260
663, 179, 3.046530
663, 180, 3.425473
663, 181, 0.869874
663, 182, 3.133410
663, 183, -0.040000
663, 184, 0.631502
663, 185, 1.880346
663, 186, 3.387203
663, 187, 0.000000
663, 188, 2.161882
663, 189, 2.813452
663, 190, 2.387929
663, 191, 0.717938
663, 192, 2.116953
663, 193, 2.743173
663, 194, 1.537416
663, 195, -0.281318
663, 196, 3.975108
663, 197, 2.391878
663, 198, 2.281957
663, 199, 1.456051
665, 0, 1.503664
665, 1, 1.547395
665, 2, 2.415336
665, 3, 1.150858
665, 4, -0.339888
665, 5, 1.986235
665, 6, -0.000013
665, 7, 1.283833
665, 8, 3.371789
665, 9, 1.717014
665, 10, 1.799210
665, 11, 2.271102
665, 12, 2.563097
665, 13, 0.000000
665, 14, 2.587547
665, 15, 2.491241
665, 16, 1.129258
665, 17, 3.226374
665, 18, 3.587500
665, 19, 2.589026
665, 20, 4.282688
665, 21, 0.436530
665, 22, 2.161510
665, 23, 1.270559
665, 24, 1.079620
665, 25, 2.046121
665, 26, 1.013367
665, 27, 0.812977
665, 28, 1.979092
665, 29, 1.900784
665, 30, 0.668950
665, 31, 2.591623
665, 32, 0.422124
665, 33, 2.775039
665, 34, 2.328561
665, 35, 2.596812
665, 36, 2.302463
665, 37, 1.733654
665, 38, 0.375477
665, 39, 1.568105
665, 40, 2.691563
665, 41, 1.729357
665, 42, 1.011686
665, 43, 1.442728
665, 44, 0.519650
665, 45, 1.435377
665, 46, 2.245437
665, 47, 1.415481
665, 48, 2.599757
665, 49, -0.160065
665, 50, 2.174345
665, 51, 0.485420
665, 52, 1.514256
665, 53, -0.000015
665, 54, 2.763407
665, 55, 3.170534
665, 56, 2.532223
665, 57, 2.958830
665, 58, 0.829374
665, 59, 1.691667
665, 60, 0.000000
665, 61, 1.402721
665, 62, 2.046885
665, 63, 1.722669
665, 64, 2.057648
665, 65, 3.462826
665, 66, 1.750670
665, 67, 2.511020
665, 68, 1.571999
665, 69, 2.719845
665, 70, 2.948261
665, 71, 2.583017
665, 72, 3.799327
665, 73, 3.217947
665, 74, 1.580833
665, 75, 1.934788
665, 76, 1.049166
665, 77, 1.420346
665, 78, 1.805377
665, 79, 2.797782
665, 80, 2.672814
665, 81, 1.710896
665, 82, -0.109392
665, 83, 1.237005
665, 84, 0.939994
665, 85, 3.020049
665, 86, 3.324429
665, 87, 2.334270
665, 88, 1.398646
665, 89, 0.544654
665, 90, 1.203630
665, 91, 1.306152
665, 92, 0.672629
665, 93, 2.659195
665, 94, 1.663286
665, 95, 0.927309
665, 96, 1.656714
665, 97, 4.307033
665, 98, 2.165280
665, 99, 1.159450
665, 100, 0.792004
665, 101, -0.031273
665, 102, 1.856339
665, 103, 0.000000
665, 104, 3.480358
665, 105, 2.828341
665, 106, 1.431670
665, 107, 1.917505
665, 108, 0.639675
665, 109, 0.336310
665, 110, 1.771988
665, 111, 0.776453
665, 112, 1.185186
665, 113, 3.555952
665, 114, 1.046848
665, 115, 1.999007
665, 116, 1.438784
665, 117, 2.375966
665, 118, 1.623713
665, 119, 1.334032
665, 120, 2.301379
665, 121, 3.662158
665, 122, 2.492805
665, 123, 0.346461
665, 124, 2.149925
665, 125, 4.287147
665, 126, 1.252963
665, 127, 0.838413
665, 128, 0.513854
665, 129, 0.068566
665, 130, 1.536904
665, 131, 1.765901
665, 132, 1.469587
665, 133, 0.158527
665, 134, 1.165754
665, 135, 0.744959
665, 136, -0.000010
665, 137, 1.569568
665, 138, 0.987940
665, 139, 0.949695
665, 140, 3.506968
665, 141, 2.345865
665, 142, 3.077882
665, 143, 1.952445
665, 144, 1.508965
665, 145, 1.108290
665, 146, 1.966183
665, 147, 3.891446
665, 148, 2.480981
665, 149, 3.530676
665, 150, 1.562608
665, 151, 1.913516
665, 152, 2.086525
665, 153, 0.000000
665, 154, 1.593774
665, 155, 2.281431
665, 156, -0.010000
665, 157, 3.007403
665, 158, 1.993107
665, 159, 1.077853
665, 160, 2.908639
665, 161, 2.096677
665, 162, 3.451192
665, 163, 2.514647
665, 164, 3.356871
665, 165, 2.991034
665, 166, 3.632537
665, 167, 1.409328
665, 168, 0.324529
665, 169, 1.782253
665, 170, 1.509260
665, 171, 2.812859
665, 172, 2.649015
665, 173, 2.624813
665, 174, 2.159638
665, 175, 1.453791
665, 176, 3.358828
665, 177, 2.493864
665, 178, 0.529260
665, 179, 3.045949
665, 180, 3.513707
665, 181, 0.869874
665, 182, 3.133410
665, 183, -0.040000
665, 184, 0.631502
665, 185, 1.880346
665, 186, 3.367584
665, 187, 0.000000
665, 188, 2.156833
665, 189, 2.832328
665, 190, 2.387929
665, 191, 0.717938
665, 192, 2.085921
665, 193, 2.739752
665, 194, 1.537416
665, 195, -0.281319
665, 196, 3.976993
665, 197, 2.391878
665, 198, 2.281935
665, 199, 1.456051
667, 0, 1.503664
667, 1, 1.547396
667, 2, 2.432897
667, 3, 1.150859
667, 4, -0.339888
667, 5, 1.987107
667, 6, -0.000013
667, 7, 1.283834
667, 8, 3.381752
667, 9, 1.717014
667, 10, 1.799210
667, 11, 2.271102
667, 12, 2.565003
667, 13, 0.000000
667, 14, 2.587057
667, 15, 2.503864
667, 16, 1.129258
667, 17, 3.228933
667, 18, 3.588601
667, 19, 2.589026
667, 20, 4.293190
667, 21, 0.436530
667, 22, 2.161510
667, 23, 1.270559
667, 24, 1.025248
667, 25, 2.046121
667, 26, 1.007388
667, 27, 0.812977
667, 28, 1.980700
667, 29, 1.900423
667, 30, 0.668950
667, 31, 2.593265
667, 32, 0.422124
667, 33, 2.784089
667, 34, 2.376927
667, 35, 2.596446
667, 36, 2.302118
667, 37, 1.477485
667, 38, 0.375477
667, 39, 1.568105
667, 40, 2.691563
667, 41, 1.729439
667, 42, 1.011686
667, 43, 1.442728
667, 44, 0.519650
667, 45, 1.434946
667, 46, 2.247888
667, 47, 1.415481
667, 48, 2.602170
667, 49, -0.160065
667, 50, 2.174345
667, 51, 0.485420
667, 52, 1.514256
667, 53, -0.000015
667, 54, 2.742401
667, 55, 3.166512
667, 56, 2.524856
667, 57, 2.958624
667, 58, 0.829374
667, 59, 1.691667
667, 60, 0.000000
667, 61, 1.402721
667, 62, 2.046885
667, 63, 1.722669
667, 64, 2.057648
667, 65, 3.476455
667, 66, 1.750670
667, 67, 2.511020
667, 68, 1.571999
667, 69, 2.719845
667, 70, 2.954437
667, 71, 2.583024
667, 72, 3.798680
667, 73, 3.219383
667, 74, 1.580833
667, 75, 1.934788
667, 76, 1.049166
667, 77, 1.420346
667, 78, 1.805377
667, 79, 2.797782
667, 80, 2.672786
667, 81, 1.710896
667, 82, -0.109053
667, 83, 1.237021
667, 84, 0.939994
667, 85, 3.020050
667, 86, 3.329928
667, 87, 2.344672
667, 88, 1.398646
667, 89, 0.544654
667, 90, 1.203630
667, 91, 1.299734
667, 92, 0.672629
667, 93, 2.670452
667, 94, 1.662083
667, 95, 0.921368
667, 96, 1.655632
667, 97, 4.297732
667, 98, 2.168306
667, 99, 1.159450
667, 100, 0.792004
667, 101, -0.031273
667, 102, 1.856339
667, 103, 0.000000
667, 104, 3.484037
667, 105, 2.828074
667, 106, 1.431670
667, 107, 1.915875
667, 108, 0.639675
667, 109, 0.336310
667, 110, 1.771988
667, 111, 0.776704
667, 112, 1.185186
667, 113, 3.544667
667, 114, 1.046848
667, 115, 1.999007
667, 116, 1.438784
667, 117, 2.375966
667, 118, 1.602362
667, 119, 1.334032
667, 120, 2.301379
667, 121, 3.681080
667, 122, 2.492805
667, 123, 0.346461
667, 124, 2.149925
667, 125, 4.286082
667, 126, 1.253075
667, 127, 0.838413
667, 128, 0.513854
667, 129, 0.068566
667, 130, 1.536904
667, 131, 1.765901
667, 132, 1.469588
667, 133, 0.158527
667, 134, 1.165754
667, 135, 0.744959
667, 136, -0.000010
667, 137, 1.569510
667, 138, 0.987940
667, 139, 0.949695
667, 140, 3.506581
667, 141, 2.345866
667, 142, 3.121292
667, 143, 1.952445
667, 144, 1.508965
667, 145, 1.108290
667, 146, 1.966183
667, 147, 3.880406
667, 148, 2.480981
667, 149, 3.531246
667, 150, 1.562608
667, 151, 1.916695
667, 152, 2.086525
667, 153, 0.000000
667, 154, 1.593774
667, 155, 2.281431
667, 156, -0.010000
667, 157, 3.007405
667, 158, 1.993107
667, 159, 1.077853
667, 160, 2.953115
667, 161, 2.096677
667, 162, 3.454208
667, 163, 2.514647
667, 164, 3.357728
667, 165, 2.990908
667, 166, 3.625499
667, 167, 1.409328
667, 168, 0.324529
667, 169, 1.781825
667, 170, 1.509260
667, 171, 2.782834
667, 172, 2.631517
667, 173, 2.623285
667, 174, 2.058119
667, 175, 1.455438
667, 176, 3.357618
667, 177, 2.486318
667, 178, 0.529260
667, 179, 3.045274
667, 180, 3.488412
667, 181, 0.869874
667, 182, 3.133410
667, 183, -0.040000
667, 184, 0.631502
667, 185, 1.880346
667, 186, 3.359775
667, 187, 0.000000
667, 188, 2.158355
667, 189, 2.885384
667, 190, 2.387929
667, 191, 0.717938
667, 192, 2.111372
667, 193, 2.741105
667, 194, 1.537416
667, 195, -0.281319
667, 196, 3.969773
667, 197, 2.391878
667, 198, 2.281916
667, 199, 1.456051
669, 0, 1.503664
669, 1, 1.547395
669, 2, 2.437839
669, 3, 1.150859
669, 4, -0.339888
669, 5, 1.988266
669, 6, -0.000013
669, 7, 1.283834
669, 8, 3.343537
669, 9, 1.717014
669, 10, 1.799210
669, 11, 2.271102
669, 12, 2.563314
669, 13, 0.000000
669, 14, 2.587209
669, 15, 2.519185
669, 16, 1.129258
669, 17, 3.228015
669, 18, 3.584674
669, 19, 2.589026
669, 20, 4.294297
669, 21, 0.436530
669, 22, 2.161510
669, 23, 1.270559
669, 24, 0.988757
669, 25, 2.046121
669, 26, 1.007388
669, 27, 0.812977
669, 28, 1.981698
669, 29, 1.898196
669, 30, 0.668950
669, 31, 2.591147
669, 32, 0.422124
669, 33, 2.771106
669, 34, 2.317664
669, 35, 2.596138
669, 36, 2.300037
669, 37, 1.619328
669, 38, 0.375477
669, 39, 1.568105
669, 40, 2.691563
669, 41, 1.729465
669, 42, 1.011686
669, 43, 1.442728
669, 44, 0.519650
669, 45, 1.432965
669, 46, 2.239483
669, 47, 1.415481
669, 48, 2.601920
669, 49, -0.160065
669, 50, 2.174345
669, 51, 0.485420
669, 52, 1.514256
669, 53, -0.000015
669, 54, 2.711374
669, 55, 3.170738
669, 56, 2.523933
669, 57, 2.958456
669, 58, 0.829374
669, 59, 1.691667
669, 60, 0.000000
669, 61, 1.402721
669, 62, 2.046885
669, 63, 1.722669
669, 64, 2.057648
669, 65, 3.471546
669, 66, 1.750670
669, 67, 2.511020
669, 68, 1.571999
669, 69, 2.719845
669, 70, 2.949844
669, 71, 2.583026
669, 72, 3.799033
669, 73, 3.218712
669, 74, 1.580833
669, 75, 1.934788
669, 76, 1.049166
669, 77, 1.420346
669, 78, 1.805377
669, 79, 2.797782
669, 80, 2.672931
669, 81, 1.710896
669, 82, -0.107703
669, 83, 1.237028
669, 84, 0.939994
669, 85, 3.020050
669, 86, 3.332578
669, 87, 2.338831
669, 88, 1.398646
669, 89, 0.544654
669, 90, 1.203630
669, 91, 1.293189
669, 92, 0.672629
669, 93, 2.674325
669, 94, 1.663543
669, 95, 0.908318
669, 96, 1.654951
669, 97, 4.304003
669, 98, 2.170995
669, 99, 1.159450
669, 100, 0.792004
669, 101, -0.031273
669, 102, 1.856339
669, 103, 0.000000
669, 104, 3.484084
669, 105, 2.827361
669, 106, 1.431670
669, 107, 1.908606
669, 108, 0.639675
669, 109, 0.336310
669, 110, 1.771988
669, 111, 0.776905
669, 112, 1.185186
669, 113, 3.556673
669, 114, 1.046848
669, 115, 1.999007
669, 116, 1.438784
669, 117, 2.375966
669, 118, 1.602500
669, 119, 1.334032
669, 120, 2.301379
669, 121, 3.602544
669, 122, 2.492805
669, 123, 0.346461
669, 124, 2.149926
669, 125, 4.265256
669, 126, 1.253908
669, 127, 0.838413
669, 128, 0.513854
669, 129, 0.068566
669, 130, 1.536904
669, 131, 1.765901
669, 132, 1.469588
669, 133, 0.158527
669, 134, 1.165754
669, 135, 0.744959
669, 136, -0.000010
669, 137, 1.569808
669, 138, 0.987940
669, 139, 0.949695
669, 140, 3.508872
669, 141, 2.345865
669, 142, 3.102542
669, 143, 1.960280
669, 144, 1.508965
669, 145, 1.108290
669, 146, 1.966183
669, 147, 3.909485
669, 148, 2.480981
669, 149, 3.530791
669, 150, 1.562608
669, 151, 1.918084
669, 152, 2.086525
669, 153, 0.000000
669, 154, 1.593774
669, 155, 2.281430
669, 156, -0.010000
669, 157, 3.011228
669, 158, 1.993107
669, 159, 1.077853
669, 160, 2.922957
669, 161, 2.096677
669, 162, 3.456352
669, 163, 2.513994
669, 164, 3.356861
669, 165, 2.990649
669, 166, 3.627429
669, 167, 1.409328
669, 168, 0.324529
669, 169, 1.781690
669, 170, 1.509260
669, 171, 2.813760
669, 172, 2.649876
669, 173, 2.620667
669, 174, 2.069831
669, 175, 1.456729
669, 176, 3.360653
669, 177, 2.510137
669, 178, 0.529260
669, 179, 3.049309
669, 180, 3.514343
669, 181, 0.869874
669, 182, 3.133410
669, 183, -0.040000
669, 184, 0.631502
669, 185, 1.880346
669, 186, 3.375892
669, 187, 0.000000
669, 188, 2.153070
669, 189, 2.907649
669, 190, 2.387929
669, 191, 0.717938
669, 192, 2.096456
669, 193, 2.741218
669, 194, 1.537416
669, 195, -0.281320
669, 196, 3.982034
669, 197, 2.396088
669, 198, 2.281960
669, 199, 1.456051
671, 0, 1.503664
671, 1, 1.547395
671, 2, 2.451293
671, 3, 1.150856
671, 4, -0.339888
671, 5, 1.989952
671, 6, -0.000013
671, 7, 1.283830
671, 8, 3.360739
671, 9, 1.717014
671, 10, 1.799209
671, 11, 2.271102
671, 12, 2.553808
671, 13, 0.000000
671, 14, 2.587686
671, 15, 2.464426
671, 16, 1.129258
671, 17, 3.231829
671, 18, 3.587801
671, 19, 2.591878
671, 20, 4.293054
671, 21, 0.436530
671, 22, 2.161510
671, 23, 1.270559
671, 24, 0.950207
671, 25, 2.046121
671, 26, 1.007388
671, 27, 0.812977
671, 28, 1.982316
671, 29, 1.896610
671, 30, 0.668950
671, 31, 2.582509
671, 32, 0.422124
671, 33, 2.710726
671, 34, 2.381560
671, 35, 2.596464
671, 36, 2.298140
671, 37, 1.611059
671, 38, 0.375477
671, 39, 1.568105
671, 40, 2.691563
671, 41, 1.729394
671, 42, 1.011686
671, 43, 1.442728
671, 44, 0.519650
671, 45, 1.431557
671, 46, 2.254133
671, 47, 1.415481
671, 48, 2.600304
671, 49, -0.160065
671, 50, 2.174345
671, 51, 0.485420
671, 52, 1.514256
671, 53, -0.000015
671, 54, 2.733833
671, 55, 3.169126
671, 56, 2.525245
671, 57, 2.958711
671, 58, 0.829374
671, 59, 1.691667
671, 60, 0.000000
671, 61, 1.402721
671, 62, 2.046886
671, 63, 1.722669
671, 64, 2.057648
671, 65, 3.475370
671, 66, 1.750670
671, 67, 2.511020
671, 68, 1.571999
671, 69, 2.719845
671, 70, 2.955142
671, 71, 2.583028
671, 72, 3.799302
671, 73, 3.217204
671, 74, 1.580833
671, 75, 1.934788
671, 76, 1.049166
671, 77, 1.420346
671, 78, 1.805377
671, 79, 2.797782
671, 80, 2.673031
671, 81, 1.710896
671, 82, -0.107467
671, 83, 1.237033
671, 84, 0.939994
671, 85, 3.020049
671, 86, 3.339540
671, 87, 2.338831
671, 88, 1.398646
671, 89, 0.544654
671, 90, 1.203628
671, 91, 1.285663
671, 92, 0.672629
671, 93, 2.675241
671, 94, 1.670564
671, 95, 0.899519
671, 96, 1.648884
671, 97, 4.305809
671, 98, 2.168141
671, 99, 1.159450
671, 100, 0.792004
671, 101, -0.031273
671, 102, 1.856339
671, 103, 0.000000
671, 104, 3.457325
671, 105, 2.826528
671, 106, 1.431670
671, 107, 1.931337
671, 108, 0.639675
671, 109, 0.336310
671, 110, 1.771988
671, 111, 0.777398
671, 112, 1.185186
671, 113, 3.555813
671, 114, 1.046848
671, 115, 1.999007
671, 116, 1.438784
671, 117, 2.375966
671, 118, 1.579573
671, 119, 1.334032
671, 120, 2.301379
671, 121, 3.659773
671, 122, 2.492805
671, 123, 0.346461
671, 124, 2.149925
671, 125, 4.286070
671, 126, 1.254191
671, 127, 0.838413
671, 128, 0.513854
671, 129, 0.068566
671, 130, 1.536905
671, 131, 1.765901
671, 132, 1.469587
671, 133, 0.158527
671, 134, 1.165754
671, 135, 0.744959
671, 136, -0.000010
671, 137, 1.569884
671, 138, 0.987940
671, 139, 0.949695
671, 140, 3.514682
671, 141, 2.345864
671, 142, 3.090063
671, 143, 1.955175
671, 144, 1.508965
671, 145, 1.108290
671, 146, 1.966183
671, 147, 3.905184
671, 148, 2.480981
671, 149, 3.530712
671, 150, 1.562608
671, 151, 1.915976
671, 152, 2.086525
671, 153, 0.000000
671, 154, 1.593774
671, 155, 2.281431
671, 156, -0.010000
671, 157, 3.007399
671, 158, 1.993107
671, 159, 1.077853
671, 160, 2.944331
671, 161, 2.096677
671, 162, 3.444880
671, 163, 2.513994
671, 164, 3.356870
671, 165, 2.990094
671, 166, 3.627867
671, 167, 1.409328
671, 168, 0.324529
671, 169, 1.781762
671, 170, 1.509260
671, 171, 2.815365
671, 172, 2.670179
671, 173, 2.624672
671, 174, 2.094710
671, 175, 1.457643
671, 176, 3.360653
671, 177, 2.494442
671, 178, 0.529260
671, 179, 3.047837
671, 180, 3.512520
671, 181, 0.869874
671, 182, 3.133410
671, 183, -0.040000
671, 184, 0.631502
671, 185, 1.880346
671, 186, 3.362752
671, 187, 0.000000
671, 188, 2.182821
671, 189, 2.924706
671, 190, 2.387929
671, 191, 0.717938
671, 192, 2.097102
671, 193, 2.742470
671, 194, 1.537415
671, 195, -0.281318
671, 196, 3.982968
671, 197, 2.393228
671, 198, 2.281981
671, 199, 1.456051
673, 0, 1.503664
673, 1, 1.547395
673, 2, 2.405564
673, 3, 1.150858
673, 4, -0.339888
673, 5, 1.991439
673, 6, -0.000013
673, 7, 1.283832
673, 8, 3.371345
673, 9, 1.717014
673, 10, 1.799210
673, 11, 2.271102
673, 12, 2.555786
673, 13, 0.000000
673, 14, 2.587804
673, 15, 2.387764
673, 16, 1.129258
673, 17, 3.218702
673, 18, 3.588783
673, 19, 2.591878
673, 20, 4.289143
673, 21, 0.436530
673, 22, 2.161510
673, 23, 1.270559
673, 24, 0.961961
673, 25, 2.046121
673, 26, 1.007388
673, 27, 0.812977
673, 28, 1.982709
673, 29, 1.895826
673, 30, 0.668950
673, 31, 2.584184
673, 32, 0.422124
673, 33, 2.697567
673, 34, 2.357134
673, 35, 2.596534
673, 36, 2.297213
673, 37, 1.698104
673, 38, 0.375477
673, 39, 1.568105
673, 40, 2.691563
673, 41, 1.729384
673, 42, 1.011686
673, 43, 1.442728
673, 44, 0.519650
673, 45, 1.430864
673, 46, 2.237617
673, 47, 1.415481
673, 48, 2.597849
673, 49, -0.160065
673, 50, 2.174345
673, 51, 0.485420
673, 52, 1.514256
673, 53, -0.000015
673, 54, 2.745177
673, 55, 3.169182
673, 56, 2.532393
673, 57, 2.958797
673, 58, 0.829374
673, 59, 1.691667
673, 60, 0.000000
673, 61, 1.402721
673, 62, 2.046886
673, 63, 1.722669
673, 64, 2.057648
673, 65, 3.469877
673, 66, 1.750670
673, 67, 2.511020
673, 68, 1.571999
673, 69, 2.719845
673, 70, 2.953951
673, 71, 2.583954
673, 72, 3.799419
673, 73, 3.217621
673, 74, 1.580833
673, 75, 1.934788
673, 76, 1.049166
673, 77, 1.420346
673, 78, 1.805377
673, 79, 2.797783
673, 80, 2.673149
673, 81, 1.710896
673, 82, -0.106975
673, 83, 1.237017
673, 84, 0.939994
673, 85, 3.020049
673, 86, 3.345182
673, 87, 2.334270
673, 88, 1.398646
673, 89, 0.544654
673, 90, 1.203629
673, 91, 1.278399
673, 92, 0.672629
673, 93, 2.651068
673, 94, 1.670460
673, 95, 0.927729
673, 96, 1.657980
673, 97, 4.306700
673, 98, 2.134819
673, 99, 1.159450
673, 100, 0.792004
673, 101, -0.031273
673, 102, 1.856339
673, 103, 0.000000
673, 104, 3.457932
673, 105, 2.825716
673, 106, 1.431670
673, 107, 1.924066
673, 108, 0.639675
673, 109, 0.324299
673, 110, 1.771988
673, 111, 0.777941
673, 112, 1.185186
673, 113, 3.553808
673, 114, 1.046848
673, 115, 1.999007
673, 116, 1.438784
673, 117, 2.375966
673, 118, 1.567258
673, 119, 1.334032
673, 120, 2.301379
673, 121, 3.601119
673, 122, 2.491884
673, 123, 0.346461
673, 124, 2.149925
673, 125, 4.269147
673, 126, 1.254112
673, 127, 0.838413
673, 128, 0.513854
673, 129, 0.068566
673, 130, 1.536904
673, 131, 1.765901
673, 132, 1.469587
673, 133, 0.158527
673, 134, 1.165754
673, 135, 0.744959
673, 136, -0.000010
673, 137, 1.569744
673, 138, 0.987940
673, 139, 0.949695
673, 140, 3.512468
673, 141, 2.345865
673, 142, 3.081683
673, 143, 1.949911
673, 144, 1.508965
673, 145, 1.108290
673, 146, 1.966183
673, 147, 3.900028
673, 148, 2.480981
673, 149, 3.530633
673, 150, 1.562608
673, 151, 1.917795
673, 152, 2.086526
673, 153, 0.000000
673, 154, 1.593774
673, 155, 2.281431
673, 156, -0.010000
673, 157, 3.007401
673, 158, 1.993107
673, 159, 1.077853
673, 160, 2.888116
673, 161, 2.096677
673, 162, 3.451113
673, 163, 2.512038
673, 164, 3.356870
673, 165, 2.989825
673, 166, 3.633170
673, 167, 1.409328
673, 168, 0.324529
673, 169, 1.781912
673, 170, 1.509260
673, 171, 2.822228
673, 172, 2.673749
673, 173, 2.624415
673, 174, 2.119254
673, 175, 1.458194
673, 176, 3.360042
673, 177, 2.490547
673, 178, 0.529260
673, 179, 3.051708
673, 180, 3.518471
673, 181, 0.869874
673, 182, 3.133410
673, 183, -0.040000
673, 184, 0.631502
673, 185, 1.880346
673, 186, 3.355984
673, 187, 0.000000
673, 188, 2.183004
673, 189, 2.971865
673, 190, 2.387929
673, 191, 0.717938
673, 192, 2.092381
673, 193, 2.744428
673, 194, 1.537415
673, 195, -0.281319
673, 196, 3.981286
673, 197, 2.396710
673, 198, 2.281960
673, 199, 1.456051
675, 0, 1.503664
675, 1, 1.547395
675, 2, 2.394618
675, 3, 1.150858
675, 4, -0.339888
675, 5, 1.993002
675, 6, -0.000013
675, 7, 1.283833
675, 8, 3.377974
675, 9, 1.717014
675, 10, 1.799210
675, 11, 2.271102
675, 12, 2.554669
675, 13, 0.000000
675, 14, 2.587827
675, 15, 2.438333
675, 16, 1.129258
675, 17, 3.231131
675, 18, 3.586209
675, 19, 2.589026
675, 20, 4.293182
675, 21, 0.436530
675, 22, 2.161510
675, 23, 1.270559
675, 24, 0.967414
675, 25, 2.046121
675, 26, 1.007388
675, 27, 0.812977
675, 28, 1.982575
675, 29, 1.894705
675, 30, 0.668950
675, 31, 2.583074
675, 32, 0.422124
675, 33, 2.730496
675, 34, 2.385733
675, 35, 2.596537
675, 36, 2.297113
675, 37, 1.662907
675, 38, 0.375477
675, 39, 1.568105
675, 40, 2.691563
675, 41, 1.729401
675, 42, 1.011686
675, 43, 1.442728
675, 44, 0.519650
675, 45, 1.429878
675, 46, 2.224817
675, 47, 1.415481
675, 48, 2.595762
675, 49, -0.160065
675, 50, 2.174345
675, 51, 0.485420
675, 52, 1.514256
675, 53, -0.000015
675, 54, 2.721426
675, 55, 3.159977
675, 56, 2.529753
675, 57, 2.958837
675, 58, 0.829374
675, 59, 1.691667
675, 60, 0.000000
675, 61, 1.402721
675, 62, 2.046885
675, 63, 1.722669
675, 64, 2.057648
675, 65, 3.476732
675, 66, 1.750670
675, 67, 2.511020
675, 68, 1.571999
675, 69, 2.719845
675, 70, 2.955147
675, 71, 2.583029
675, 72, 3.799272
675, 73, 3.217201
675, 74, 1.580833
675, 75, 1.934788
675, 76, 1.049166
675, 77, 1.420346
675, 78, 1.805377
675, 79, 2.797782
675, 80, 2.673294
675, 81, 1.710896
675, 82, -0.106294
675, 83, 1.237048
675, 84, 0.939994
675, 85, 3.020049
675, 86, 3.347878
675, 87, 2.334270
675, 88, 1.398646
675, 89, 0.544654
675, 90, 1.203629
675, 91, 1.273721
675, 92, 0.672629
675, 93, 2.664207
675, 94, 1.668104
675, 95, 0.929813
675, 96, 1.656428
675, 97, 4.305262
675, 98, 2.146597
675, 99, 1.159450
675, 100, 0.792004
675, 101, -0.031273
675, 102, 1.856339
675, 103, 0.000000
675, 104, 3.454657
675, 105, 2.825191
675, 106, 1.431670
675, 107, 1.943797
675, 108, 0.639675
675, 109, 0.324299
675, 110, 1.771988
675, 111, 0.778612
675, 112, 1.185186
675, 113, 3.556073
675, 114, 1.046848
675, 115, 1.999007
675, 116, 1.438784
675, 117, 2.375966
675, 118, 1.590033
675, 119, 1.334032
675, 120, 2.301379
675, 121, 3.656684
675, 122, 2.491884
675, 123, 0.346461
675, 124, 2.149925
675, 125, 4.285320
675, 126, 1.254089
675, 127, 0.838413
675, 128, 0.513854
675, 129, 0.068566
675, 130, 1.536904
675, 131, 1.765901
675, 132, 1.469587
675, 133, 0.158527
675, 134, 1.165754
675, 135, 0.744959
675, 136, -0.000010
675, 137, 1.569628
675, 138, 0.987940
675, 139, 0.949695
675, 140, 3.489911
675, 141, 2.345865
675, 142, 3.099075
675, 143, 1.962934
675, 144, 1.508965
675, 145, 1.108290
675, 146, 1.966183
675, 147, 3.910996
675, 148, 2.480981
675, 149, 3.531080
675, 150, 1.562608
675, 151, 1.925488
675, 152, 2.086525
675, 153, 0.000000
675, 154, 1.593774
675, 155, 2.281431
675, 156, -0.010000
675, 157, 3.007404
675, 158, 1.993107
675, 159, 1.077853
675, 160, 2.933316
675, 161, 2.096677
675, 162, 3.445891
675, 163, 2.512038
675, 164, 3.356871
675, 165, 2.989589
675, 166, 3.634330
675, 167, 1.409328
675, 168, 0.324529
675, 169, 1.782161
675, 170, 1.509260
675, 171, 2.785719
675, 172, 2.679105
675, 173, 2.623300
675, 174, 2.130730
675, 175, 1.458493
675, 176, 3.360042
675, 177, 2.487149
675, 178, 0.529260
675, 179, 3.054615
675, 180, 3.512492
675, 181, 0.869874
675, 182, 3.133410
675, 183, -0.040000
675, 184, 0.631502
675, 185, 1.880346
675, 186, 3.347130
675, 187, 0.000000
675, 188, 2.184125
675, 189, 2.891755
675, 190, 2.387929
675, 191, 0.717938
675, 192, 2.121052
675, 193, 2.743663
675, 194, 1.537416
675, 195, -0.281319
675, 196, 3.982362
675, 197, 2.393491
675, 198, 2.281932
675, 199, 1.456051
677, 0, 1.503664
677, 1, 1.547396
677, 2, 2.419439
677, 3, 1.150859
677, 4, -0.339888
677, 5, 1.991566
677, 6, -0.000013
677, 7, 1.283834
677, 8, 3.384579
677, 9, 1.717014
677, 10, 1.799210
677, 11, 2.271102
677, 12, 2.563328
677, 13, 0.000000
677, 14, 2.587826
677, 15, 2.406216
677, 16, 1.129258
677, 17, 3.226774
677, 18, 3.588295
677, 19, 2.593261
677, 20, 4.219347
677, 21, 0.436530
677, 22, 2.161510
677, 23, 1.270559
677, 24, 0.964108
677, 25, 2.046121
677, 26, 1.007388
677, 27, 0.812977
677, 28, 1.982873
677, 29, 1.899668
677, 30, 0.668950
677, 31, 2.590814
677, 32, 0.422124
677, 33, 2.722939
677, 34, 2.372149
677, 35, 2.596523
677, 36, 2.299217
677, 37, 1.716916
677, 38, 0.375477
677, 39, 1.568105
677, 40, 2.691563
677, 41, 1.729467
677, 42, 1.011686
677, 43, 1.442728
677, 44, 0.519650
677, 45, 1.434264
677, 46, 2.224389
677, 47, 1.415481
677, 48, 2.596852
677, 49, -0.160065
677, 50, 2.174345
677, 51, 0.485420
677, 52, 1.514256
677, 53, -0.000015
677, 54, 2.738785
677, 55, 3.169163
677, 56, 2.532056
677, 57, 2.958864
677, 58, 0.829374
677, 59, 1.691667
677, 60, 0.000000
677, 61, 1.402721
677, 62, 2.046885
677, 63, 1.722669
677, 64, 2.057648
677, 65, 3.453612
677, 66, 1.750670
677, 67, 2.511020
677, 68, 1.571999
677, 69, 2.719848
677, 70, 2.954194
677, 71, 2.583971
677, 72, 3.799117
677, 73, 3.224684
677, 74, 1.580833
677, 75, 1.934788
677, 76, 1.049166
677, 77, 1.420346
677, 78, 1.805377
677, 79, 2.797782
677, 80, 2.672498
677, 81, 1.710896
677, 82, -0.108679
677, 83, 1.237047
677, 84, 0.939994
677, 85, 3.020049
677, 86, 3.324775
677, 87, 2.334270
677, 88, 1.398646
677, 89, 0.544654
677, 90, 1.203631
677, 91, 1.303079
677, 92, 0.672629
677, 93, 2.673251
677, 94, 1.671511
677, 95, 0.918544
677, 96, 1.651602
677, 97, 4.295108
677, 98, 2.151569
677, 99, 1.159450
677, 100, 0.792004
677, 101, -0.031273
677, 102, 1.856339
677, 103, 0.000000
677, 104, 3.446816
677, 105, 2.828521
677, 106, 1.431670
677, 107, 1.916575
677, 108, 0.639675
677, 109, 0.321602
677, 110, 1.771988
677, 111, 0.779008
677, 112, 1.185186
677, 113, 3.553509
677, 114, 1.046848
677, 115, 1.999007
677, 116, 1.438784
677, 117, 2.375966
677, 118, 1.601844
677, 119, 1.334032
677, 120, 2.301379
677, 121, 3.699030
677, 122, 2.491351
677, 123, 0.346461
677, 124, 2.149925
677, 125, 4.279177
677, 126, 1.254142
677, 127, 0.838413
677, 128, 0.513854
677, 129, 0.068566
677, 130, 1.536904
677, 131, 1.765901
677, 132, 1.469588
677, 133, 0.158527
677, 134, 1.165754
677, 135, 0.744959
677, 136, -0.000010
677, 137, 1.569551
677, 138, 0.987940
677, 139, 0.949695
677, 140, 3.504937
677, 141, 2.345865
677, 142, 3.091817
677, 143, 1.969346
677, 144, 1.508965
677, 145, 1.108290
677, 146, 1.966183
677, 147, 3.905535
677, 148, 2.480981
677, 149, 3.526345
677, 150, 1.562608
677, 151, 1.931253
677, 152, 2.086525
677, 153, 0.000000
677, 154, 1.593774
677, 155, 2.281431
677, 156, -0.010000
677, 157, 3.007404
677, 158, 1.993107
677, 159, 1.077853
677, 160, 2.910763
677, 161, 2.096677
677, 162, 3.454326
677, 163, 2.512038
677, 164, 3.356872
677, 165, 2.991304
677, 166, 3.633417
677, 167, 1.409328
677, 168, 0.324529
677, 169, 1.782302
677, 170, 1.509260
677, 171, 2.810329
677, 172, 2.701090
677, 173, 2.620810
677, 174, 2.152054
677, 175, 1.458570
677, 176, 3.356692
677, 177, 2.487340
677, 178, 0.529260
677, 179, 3.052488
677, 180, 3.506998
677, 181, 0.869874
677, 182, 3.133410
677, 183, -0.040000
677, 184, 0.631502
677, 185, 1.880346
677, 186, 3.362120
677, 187, 0.000000
677, 188, 2.172570
677, 189, 2.929497
677, 190, 2.387929
677, 191, 0.717938
677, 192, 2.028575
677, 193, 2.740962
677, 194, 1.537416
677, 195, -0.281320
677, 196, 3.982867
677, 197, 2.393491
677, 198, 2.281914
677, 199, 1.456051
679, 0, 1.503664
679, 1, 1.547395
679, 2, 2.419000
679, 3, 1.150859
679, 4, -0.339888
679, 5, 1.990787
679, 6, -0.000013
679, 7, 1.283834
679, 8, 3.391215
679, 9, 1.717014
679, 10, 1.799210
679, 11, 2.271102
679, 12, 2.566019
679, 13, 0.000000
679, 14, 2.587817
679, 15, 2.425701
679, 16, 1.129258
679, 17, 3.228886
679, 18, 3.587576
679, 19, 2.589026
679, 20, 4.284234
679, 21, 0.436530
679, 22, 2.161510
679, 23, 1.270559
679, 24, 0.957043
679, 25, 2.046121
679, 26, 1.007388
679, 27, 0.812977
679, 28, 1.982785
679, 29, 1.898635
679, 30, 0.668950
679, 31, 2.593218
679, 32, 0.422124
679, 33, 2.719835
679, 34, 2.382989
679, 35, 2.596504
679, 36, 2.297513
679, 37, 1.688359
679, 38, 0.375477
679, 39, 1.568105
679, 40, 2.691563
679, 41, 1.729531
679, 42, 1.011686
679, 43, 1.442728
679, 44, 0.519650
679, 45, 1.434193
679, 46, 2.228354
679, 47, 1.415481
679, 48, 2.594337
679, 49, -0.160065
679, 50, 2.174345
679, 51, 0.485420
679, 52, 1.514256
679, 53, -0.000015
679, 54, 2.779236
679, 55, 3.169986
679, 56, 2.528685
679, 57, 2.958889
679, 58, 0.829374
679, 59, 1.691667
679, 60, 0.000000
679, 61, 1.402721
679, 62, 2.046885
679, 63, 1.722669
679, 64, 2.057648
679, 65, 3.473059
679, 66, 1.750670
679, 67, 2.511020
679, 68, 1.571999
679, 69, 2.719854
679, 70, 2.954932
679, 71, 2.583028
679, 72, 3.799428
679, 73, 3.225091
679, 74, 1.580833
679, 75, 1.934788
679, 76, 1.049166
679, 77, 1.420346
679, 78, 1.805377
679, 79, 2.797782
679, 80, 2.671832
679, 81, 1.710896
679, 82, -0.108585
679, 83, 1.237047
679, 84, 0.939994
679, 85, 3.020049
679, 86, 3.288697
679, 87, 2.343537
679, 88, 1.398646
679, 89, 0.544654
679, 90, 1.203632
679, 91, 1.336450
679, 92, 0.672629
679, 93, 2.674029
679, 94, 1.663627
679, 95, 0.905751
679, 96, 1.651293
679, 97, 4.306509
679, 98, 2.153153
679, 99, 1.159450
679, 100, 0.792004
679, 101, -0.031273
679, 102, 1.856339
679, 103, 0.000000
679, 104, 3.439498
679, 105, 2.832120
679, 106, 1.431670
679, 107, 1.884809
679, 108, 0.639675
679, 109, 0.321760
679, 110, 1.771988
679, 111, 0.779051
679, 112, 1.185186
679, 113, 3.555321
679, 114, 1.046848
679, 115, 1.999007
679, 116, 1.438784
679, 117, 2.375966
679, 118, 1.592162
679, 119, 1.334032
679, 120, 2.301380
679, 121, 3.703120
679, 122, 2.491351
679, 123, 0.346461
679, 124, 2.149925
679, 125, 4.286247
679, 126, 1.254247
679, 127, 0.838413
679, 128, 0.513854
679, 129, 0.068566
679, 130, 1.536904
679, 131, 1.765902
679, 132, 1.469588
679, 133, 0.158527
679, 134, 1.165754
679, 135, 0.744959
679, 136, -0.000010
679, 137, 1.569501
679, 138, 0.987940
679, 139, 0.937750
679, 140, 3.504728
679, 141, 2.345865
679, 142, 3.078501
679, 143, 1.964243
679, 144, 1.508965
679, 145, 1.108290
679, 146, 1.966183
679, 147, 3.903581
679, 148, 2.480981
679, 149, 3.530723
679, 150, 1.562608
679, 151, 1.928089
679, 152, 2.086525
679, 153, 0.000000
679, 154, 1.593774
679, 155, 2.281431
679, 156, -0.010000
679, 157, 3.007403
679, 158, 1.993107
679, 159, 1.077853
679, 160, 2.950308
679, 161, 2.095658
679, 162, 3.454907
679, 163, 2.512038
679, 164, 3.356871
679, 165, 2.992980
679, 166, 3.631124
679, 167, 1.409328
679, 168, 0.324529
679, 169, 1.781935
679, 170, 1.509260
679, 171, 2.814363
679, 172, 2.696774
679, 173, 2.617707
679, 174, 2.116127
679, 175, 1.458591
679, 176, 3.356692
679, 177, 2.488685
679, 178, 0.529260
679, 179, 3.051755
679, 180, 3.517157
679, 181, 0.869874
679, 182, 3.133410
679, 183, -0.040000
679, 184, 0.631502
679, 185, 1.880346
679, 186, 3.358222
679, 187, 0.000000
679, 188, 2.165035
679, 189, 2.964379
679, 190, 2.387929
679, 191, 0.717938
679, 192, 2.097004
679, 193, 2.741017
679, 194, 1.537416
679, 195, -0.281320
679, 196, 3.982230
679, 197, 2.393491
679, 198, 2.281898
679, 199, 1.456051
681, 0, 1.503664
681, 1, 1.547395
681, 2, 2.402991
681, 3, 1.150856
681, 4, -0.339888
681, 5, 1.986686
681, 6, -0.000013
681, 7, 1.283830
681, 8, 3.361202
681, 9, 1.717014
681, 10, 1.799209
681, 11, 2.271102
681, 12, 2.563713
681, 13, 0.000000
681, 14, 2.587809
681, 15, 2.446008
681, 16, 1.129258
681, 17, 3.228174
681, 18, 3.587180
681, 19, 2.589026
681, 20, 4.224291
681, 21, 0.436530
681, 22, 2.161510
681, 23, 1.270559
681, 24, 0.951546
681, 25, 2.046121
681, 26, 1.007388
681, 27, 0.812977
681, 28, 1.983003
681, 29, 1.906131
681, 30, 0.668950
681, 31, 2.588321
681, 32, 0.422124
681, 33, 2.706648
681, 34, 2.375092
681, 35, 2.596485
681, 36, 2.296627
681, 37, 1.737497
681, 38, 0.375477
681, 39, 1.568105
681, 40, 2.691563
681, 41, 1.729583
681, 42, 1.011686
681, 43, 1.442728
681, 44, 0.519650
681, 45, 1.440918
681, 46, 2.240619
681, 47, 1.415481
681, 48, 2.594458
681, 49, -0.160065
681, 50, 2.174345
681, 51, 0.485420
681, 52, 1.514256
681, 53, -0.000015
681, 54, 2.728600
681, 55, 3.169963
681, 56, 2.532583
681, 57, 2.958912
681, 58, 0.829374
681, 59, 1.691667
681, 60, 0.000000
681, 61, 1.402721
681, 62, 2.046886
681, 63, 1.722669
681, 64, 2.057648
681, 65, 3.470450
681, 66, 1.750670
681, 67, 2.511020
681, 68, 1.571999
681, 69, 2.719853
681, 70, 2.954942
681, 71, 2.592628
681, 72, 3.799464
681, 73, 3.223448
681, 74, 1.580833
681, 75, 1.934788
681, 76, 1.049166
681, 77, 1.420346
681, 78, 1.805377
681, 79, 2.797782
681, 80, 2.669948
681, 81, 1.710896
681, 82, -0.113048
681, 83, 1.237042
681, 84, 0.939994
681, 85, 3.020050
681, 86, 3.300004
681, 87, 2.334270
681, 88, 1.398646
681, 89, 0.544654
681, 90, 1.203632
681, 91, 1.339976
681, 92, 0.672629
681, 93, 2.652194
681, 94, 1.670816
681, 95, 0.932200
681, 96, 1.655876
681, 97, 4.266940
681, 98, 2.153677
681, 99, 1.159450
681, 100, 0.792004
681, 101, -0.031273
681, 102, 1.856339
681, 103, 0.000000
681, 104, 3.450257
681, 105, 2.832514
681, 106, 1.431670
681, 107, 1.878247
681, 108, 0.639675
681, 109, 0.326109
681, 110, 1.771988
681, 111, 0.779029
681, 112, 1.185186
681, 113, 3.555890
681, 114, 1.046848
681, 115, 1.999007
681, 116, 1.438784
681, 117, 2.378989
681, 118, 1.580332
681, 119, 1.334032
681, 120, 2.301380
681, 121, 3.639639
681, 122, 2.491691
681, 123, 0.346461
681, 124, 2.149925
681, 125, 4.278391
681, 126, 1.254369
681, 127, 0.838413
681, 128, 0.513854
681, 129, 0.068566
681, 130, 1.536905
681, 131, 1.765901
681, 132, 1.469587
681, 133, 0.158527
681, 134, 1.165754
681, 135, 0.744959
681, 136, -0.000010
681, 137, 1.569462
681, 138, 0.987940
681, 139, 0.937750
681, 140, 3.508598
681, 141, 2.345867
681, 142, 3.095270
681, 143, 1.957973
681, 144, 1.508965
681, 145, 1.108290
681, 146, 1.966183
681, 147, 3.903069
681, 148, 2.480981
681, 149, 3.530257
681, 150, 1.562608
681, 151, 1.925208
681, 152, 2.086525
681, 153, 0.000000
681, 154, 1.593774
681, 155, 2.281430
681, 156, -0.010000
681, 157, 3.007405
681, 158, 1.993107
681, 159, 1.077853
681, 160, 2.916622
681, 161, 2.095658
681, 162, 3.448579
681, 163, 2.512451
681, 164, 3.357927
681, 165, 2.993259
681, 166, 3.630474
681, 167, 1.409328
681, 168, 0.324529
681, 169, 1.781019
681, 170, 1.509260
681, 171, 2.820841
681, 172, 2.703911
681, 173, 2.621718
681, 174, 2.127601
681, 175, 1.458895
681, 176, 3.365721
681, 177, 2.499436
681, 178, 0.529260
681, 179, 3.050907
681, 180, 3.510696
681, 181, 0.869874
681, 182, 3.133410
681, 183, -0.040000
681, 184, 0.631502
681, 185, 1.880346
681, 186, 3.363920
681, 187, 0.000000
681, 188, 2.169660
681, 189, 2.964868
681, 190, 2.387929
681, 191, 0.717938
681, 192, 2.094255
681, 193, 2.741681
681, 194, 1.537417
681, 195, -0.281317
681, 196, 3.981519
681, 197, 2.396356
681, 198, 2.281883
681, 199, 1.456051
683, 0, 1.503664
683, 1, 1.547395
683, 2, 2.386874
683, 3, 1.150858
683, 4, -0.339888
683, 5, 1.986499
683, 6, -0.000013
683, 7, 1.283832
683, 8, 3.355466
683, 9, 1.717014
683, 10, 1.799210
683, 11, 2.271102
683, 12, 2.559232
683, 13, 0.000000
683, 14, 2.586881
683, 15, 2.454001
683, 16, 1.129258
683, 17, 3.228263
683, 18, 3.588596
683, 19, 2.589026
683, 20, 4.285440
683, 21, 0.436530
683, 22, 2.161510
683, 23, 1.270559
683, 24, 0.986063
683, 25, 2.046121
683, 26, 1.007388
683, 27, 0.812977
683, 28, 1.975651
683, 29, 1.904289
683, 30, 0.668950
683, 31, 2.584296
683, 32, 0.422124
683, 33, 2.749331
683, 34, 2.385616
683, 35, 2.595813
683, 36, 2.296252
683, 37, 1.459288
683, 38, 0.375477
683, 39, 1.568105
683, 40, 2.691563
683, 41, 1.729633
683, 42, 1.011686
683, 43, 1.442728
683, 44, 0.519650
683, 45, 1.439276
683, 46, 2.236260
683, 47, 1.415481
683, 48, 2.601341
683, 49, -0.160065
683, 50, 2.174345
683, 51, 0.485420
683, 52, 1.514256
683, 53, -0.000015
683, 54, 2.742421
683, 55, 3.167485
683, 56, 2.524007
683, 57, 2.958498
683, 58, 0.829374
683, 59, 1.691667
683, 60, 0.000000
683, 61, 1.402721
683, 62, 2.046886
683, 63, 1.722669
683, 64, 2.057648
683, 65, 3.478331
683, 66, 1.750670
683, 67, 2.511020
683, 68, 1.571999
683, 69, 2.719853
683, 70, 2.955069
683, 71, 2.592009
683, 72, 3.799282
683, 73, 3.221996
683, 74, 1.580833
683, 75, 1.934788
683, 76, 1.049166
683, 77, 1.420346
683, 78, 1.805377
683, 79, 2.797783
683, 80, 2.669790
683, 81, 1.710896
683, 82, -0.111423
683, 83, 1.237090
683, 84, 0.939994
683, 85, 3.020050
683, 86, 3.304466
683, 87, 2.352690
683, 88, 1.398646
683, 89, 0.544654
683, 90, 1.203631
683, 91, 1.335171
683, 92, 0.672629
683, 93, 2.649850
683, 94, 1.671789
683, 95, 0.940671
683, 96, 1.655105
683, 97, 4.304128
683, 98, 2.152483
683, 99, 1.159450
683, 100, 0.792004
683, 101, -0.031273
683, 102, 1.856339
683, 103, 0.000000
683, 104, 3.409406
683, 105, 2.832040
683, 106, 1.431670
683, 107, 1.901334
683, 108, 0.639675
683, 109, 0.359526
683, 110, 1.771988
683, 111, 0.779266
683, 112, 1.185186
683, 113, 3.545226
683, 114, 1.046848
683, 115, 1.999007
683, 116, 1.438784
683, 117, 2.379968
683, 118, 1.590929
683, 119, 1.334032
683, 120, 2.301379
683, 121, 3.604057
683, 122, 2.494217
683, 123, 0.346461
683, 124, 2.149925
683, 125, 4.264572
683, 126, 1.255027
683, 127, 0.838413
683, 128, 0.513854
683, 129, 0.068566
683, 130, 1.536905
683, 131, 1.765901
683, 132, 1.469587
683, 133, 0.158527
683, 134, 1.165754
683, 135, 0.744959
683, 136, -0.000010
683, 137, 1.569688
683, 138, 0.987940
683, 139, 0.937750
683, 140, 3.512316
683, 141, 2.345868
683, 142, 3.115775
683, 143, 1.962850
683, 144, 1.508965
683, 145, 1.108290
683, 146, 1.966183
683, 147, 3.902123
683, 148, 2.480981
683, 149, 3.530759
683, 150, 1.562608
683, 151, 1.921808
683, 152, 2.086526
683, 153, 0.000000
683, 154, 1.593774
683, 155, 2.281430
683, 156, -0.010000
683, 157, 3.011075
683, 158, 1.993107
683, 159, 1.077853
683, 160, 2.951516
683, 161, 2.095658
683, 162, 3.454149
683, 163, 2.513052
683, 164, 3.356853
683, 165, 2.992135
683, 166, 3.628036
683, 167, 1.409328
683, 168, 0.324529
683, 169, 1.780450
683, 170, 1.509260
683, 171, 2.796573
683, 172, 2.694665
683, 173, 2.624275
683, 174, 2.123389
683, 175, 1.459288
683, 176, 3.368433
683, 177, 2.479245
683, 178, 0.529260
683, 179, 3.051571
683, 180, 3.486585
683, 181, 0.869874
683, 182, 3.133410
683, 183, -0.040000
683, 184, 0.631502
683, 185, 1.880346
683, 186, 3.368598
683, 187, 0.000000
683, 188, 2.168483
683, 189, 2.932157
683, 190, 2.387929
683, 191, 0.717938
683, 192, 2.135660
683, 193, 2.743191
683, 194, 1.537419
683, 195, -0.281318
683, 196, 3.980557
683, 197, 2.398212
683, 198, 2.281916
683, 199, 1.456051
685, 0, 1.503664
685, 1, 1.547396
685, 2, 2.396835
685, 3, 1.150858
685, 4, -0.339888
685, 5, 1.984664
685, 6, -0.000013
685, 7, 1.283833
685, 8, 3.348222
685, 9, 1.717014
685, 10, 1.799210
685, 11, 2.271102
685, 12, 2.550076
685, 13, 0.000000
685, 14, 2.587507
685, 15, 2.423402
685, 16, 1.129258
685, 17, 3.229982
685, 18, 3.558808
685, 19, 2.601268
685, 20, 4.288747
685, 21, 0.436530
685, 22, 2.161510
685, 23, 1.270559
685, 24, 1.001339
685, 25, 2.046121
685, 26, 1.007388
685, 27, 0.812977
685, 28, 1.975114
685, 29, 1.907094
685, 30, 0.668950
685, 31, 2.576009
685, 32, 0.422124
685, 33, 2.760339
685, 34, 2.395309
685, 35, 2.596243
685, 36, 2.294903
685, 37, 1.569153
685, 38, 0.375477
685, 39, 1.568105
685, 40, 2.691563
685, 41, 1.729570
685, 42, 1.011686
685, 43, 1.442728
685, 44, 0.519650
685, 45, 1.441832
685, 46, 2.231153
685, 47, 1.415481
685, 48, 2.601832
685, 49, -0.160065
685, 50, 2.174345
685, 51, 0.485420
685, 52, 1.514256
685, 53, -0.000015
685, 54, 2.696064
685, 55, 3.168697
685, 56, 2.522212
685, 57, 2.958905
685, 58, 0.829374
685, 59, 1.691667
685, 60, 0.000000
685, 61, 1.402721
685, 62, 2.046885
685, 63, 1.722669
685, 64, 2.057648
685, 65, 3.478102
685, 66, 1.750670
685, 67, 2.511020
685, 68, 1.571999
685, 69, 2.719853
685, 70, 2.955078
685, 71, 2.582989
685, 72, 3.799415
685, 73, 3.219115
685, 74, 1.580833
685, 75, 1.934788
685, 76, 1.049166
685, 77, 1.420346
685, 78, 1.805377
685, 79, 2.797782
685, 80, 2.670111
685, 81, 1.710896
685, 82, -0.110923
685, 83, 1.237120
685, 84, 0.939994
685, 85, 3.020050
685, 86, 3.306147
685, 87, 2.334270
685, 88, 1.398646
685, 89, 0.544654
685, 90, 1.203630
685, 91, 1.324203
685, 92, 0.672629
685, 93, 2.663220
685, 94, 1.677639
685, 95, 0.935241
685, 96, 1.649209
685, 97, 4.306414
685, 98, 2.151148
685, 99, 1.159450
685, 100, 0.792004
685, 101, -0.031273
685, 102, 1.856339
685, 103, 0.000000
685, 104, 3.422201
685, 105, 2.830909
685, 106, 1.431670
685, 107, 1.924877
685, 108, 0.639675
685, 109, 0.367483
685, 110, 1.771988
685, 111, 0.779752
685, 112, 1.185186
685, 113, 3.517443
685, 114, 1.046848
685, 115, 1.999007
685, 116, 1.438784
685, 117, 2.380002
685, 118, 1.577357
685, 119, 1.334032
685, 120, 2.301379
685, 121, 3.674748
685, 122, 2.494796
685, 123, 0.346461
685, 124, 2.149925
685, 125, 4.287004
685, 126, 1.255436
685, 127, 0.838413
685, 128, 0.513854
685, 129, 0.068566
685, 130, 1.536904
685, 131, 1.765902
685, 132, 1.469587
685, 133, 0.158527
685, 134, 1.165754
685, 135, 0.744959
685, 136, -0.000010
685, 137, 1.569795
685, 138, 0.987940
685, 139, 0.937750
685, 140, 3.516116
685, 141, 2.345868
685, 142, 3.095683
685, 143, 1.955638
685, 144, 1.508965
685, 145, 1.108290
685, 146, 1.966183
685, 147, 3.894902
685, 148, 2.480981
685, 149, 3.528403
685, 150, 1.562608
685, 151, 1.919519
685, 152, 2.086525
685, 153, 0.000000
685, 154, 1.593774
685, 155, 2.281431
685, 156, -0.010000
685, 157, 3.011112
685, 158, 1.993107
685, 159, 1.077853
685, 160, 2.936683
685, 161, 2.095658
685, 162, 3.457825
685, 163, 2.513052
685, 164, 3.356870
685, 165, 2.993137
685, 166, 3.632347
685, 167, 1.409328
685, 168, 0.324529
685, 169, 1.780019
685, 170, 1.509260
685, 171, 2.796072
685, 172, 2.739638
685, 173, 2.626762
685, 174, 2.135233
685, 175, 1.459509
685, 176, 3.363761
685, 177, 2.480921
685, 178, 0.529260
685, 179, 3.053724
685, 180, 3.454376
685, 181, 0.869874
685, 182, 3.133410
685, 183, -0.040000
685, 184, 0.631502
685, 185, 1.880346
685, 186, 3.354315
685, 187, 0.000000
685, 188, 2.156863
685, 189, 2.931988
685, 190, 2.387929
685, 191, 0.717938
685, 192, 2.081795
685, 193, 2.743221
685, 194, 1.537420
685, 195, -0.281319
685, 196, 3.979950
685, 197, 2.395631
685, 198, 2.281925
685, 199, 1.456051
687, 0, 1.503664
687, 1, 1.547395
687, 2, 2.411384
687, 3, 1.150859
687, 4, -0.339888
687, 5, 1.984702
687, 6, -0.000013
687, 7, 1.283834
687, 8, 3.329429
687, 9, 1.717014
687, 10, 1.799210
687, 11, 2.271102
687, 12, 2.540107
687, 13, 0.000000
687, 14, 2.587662
687, 15, 2.420104
687, 16, 1.129258
687, 17, 3.201783
687, 18, 3.580245
687, 19, 2.594608
687, 20, 4.289888
687, 21, 0.436530
687, 22, 2.161510
687, 23, 1.270559
687, 24, 0.995609
687, 25, 2.046121
687, 26, 1.007388
687, 27, 0.812977
687, 28, 1.978220
687, 29, 1.904081
687, 30, 0.668950
687, 31, 2.566951
687, 32, 0.422124
687, 33, 2.731346
687, 34, 2.361053
687, 35, 2.596340
687, 36, 2.292872
687, 37, 1.555486
687, 38, 0.375477
687, 39, 1.568105
687, 40, 2.691563
687, 41, 1.729594
687, 42, 1.011686
687, 43, 1.442728
687, 44, 0.519650
687, 45, 1.439094
687, 46, 2.248194
687, 47, 1.415481
687, 48, 2.598967
687, 49, -0.160065
687, 50, 2.174345
687, 51, 0.485420
687, 52, 1.514256
687, 53, -0.000015
687, 54, 2.740068
687, 55, 3.171459
687, 56, 2.519450
687, 57, 2.959026
687, 58, 0.829374
687, 59, 1.691667
687, 60, 0.000000
687, 61, 1.402721
687, 62, 2.046885
687, 63, 1.722669
687, 64, 2.057648
687, 65, 3.486471
687, 66, 1.750670
687, 67, 2.511020
687, 68, 1.571999
687, 69, 2.719853
687, 70, 2.953338
687, 71, 2.583012
687, 72, 3.798433
687, 73, 3.216852
687, 74, 1.580833
687, 75, 1.934788
687, 76, 1.049166
687, 77, 1.420346
687, 78, 1.805377
687, 79, 2.797782
687, 80, 2.670073
687, 81, 1.710896
687, 82, -0.112714
687, 83, 1.237138
687, 84, 0.939994
687, 85, 3.020050
687, 86, 3.310977
687, 87, 2.348117
687, 88, 1.398646
687, 89, 0.544654
687, 90, 1.203630
687, 91, 1.329385
687, 92, 0.672629
687, 93, 2.673400
687, 94, 1.677358
687, 95, 0.919222
687, 96, 1.650909
687, 97, 4.306050
687, 98, 2.153882
687, 99, 1.159450
687, 100, 0.792004
687, 101, -0.031273
687, 102, 1.856339
687, 103, 0.000000
687, 104, 3.422129
687, 105, 2.831481
687, 106, 1.431670
687, 107, 1.910200
687, 108, 0.639675
687, 109, 0.342361
687, 110, 1.771988
687, 111, 0.780881
687, 112, 1.185186
687, 113, 3.555730
687, 114, 1.046848
687, 115, 1.999007
687, 116, 1.438784
687, 117, 2.384916
687, 118, 1.576766
687, 119, 1.334032
687, 120, 2.301379
687, 121, 3.687930
687, 122, 2.495237
687, 123, 0.346461
687, 124, 2.149925
687, 125, 4.290418
687, 126, 1.255268
687, 127, 0.838413
687, 128, 0.513854
687, 129, 0.068566
687, 130, 1.536904
687, 131, 1.765901
687, 132, 1.469588
687, 133, 0.158527
687, 134, 1.165754
687, 135, 0.744959
687, 136, -0.000010
687, 137, 1.569620
687, 138, 0.987940
687, 139, 0.937750
687, 140, 3.520582
687, 141, 2.345868
687, 142, 3.080559
687, 143, 1.959606
687, 144, 1.508965
687, 145, 1.077613
687, 146, 1.966183
687, 147, 3.904497
687, 148, 2.480981
687, 149, 3.530800
687, 150, 1.562608
687, 151, 1.919676
687, 152, 2.086525
687, 153, 0.000000
687, 154, 1.593774
687, 155, 2.281431
687, 156, -0.010000
687, 157, 3.007402
687, 158, 1.993107
687, 159, 1.077853
687, 160, 2.872392
687, 161, 2.095658
687, 162, 3.461419
687, 163, 2.513052
687, 164, 3.356870
687, 165, 2.992058
687, 166, 3.622675
687, 167, 1.409328
687, 168, 0.324529
687, 169, 1.779573
687, 170, 1.509260
687, 171, 2.820027
687, 172, 2.712625
687, 173, 2.629874
687, 174, 2.149669
687, 175, 1.459500
687, 176, 3.356692
687, 177, 2.490145
687, 178, 0.529260
687, 179, 3.053821
687, 180, 3.514710
687, 181, 0.869874
687, 182, 3.133410
687, 183, -0.040000
687, 184, 0.631502
687, 185, 1.880346
687, 186, 3.376863
687, 187, 0.000000
687, 188, 2.136357
687, 189, 2.946262
687, 190, 2.387929
687, 191, 0.717938
687, 192, 2.111421
687, 193, 2.740777
687, 194, 1.537421
687, 195, -0.281319
687, 196, 3.980937
687, 197, 2.395634
687, 198, 2.281887
687, 199, 1.456377
689, 0, 1.503664
689, 1, 1.547395
689, 2, 2.395596
689, 3, 1.150859
689, 4, -0.339888
689, 5, 1.985144
689, 6, -0.000013
689, 7, 1.283834
689, 8, 3.329313
689, 9, 1.717014
689, 10, 1.799210
689, 11, 2.271102
689, 12, 2.533971
689, 13, 0.000000
689, 14, 2.587695
689, 15, 2.412531
689, 16, 1.129258
689, 17, 3.229715
689, 18, 3.588298
689, 19, 2.589026
689, 20, 4.233706
689, 21, 0.436530
689, 22, 2.161510
689, 23, 1.270559
689, 24, 1.001467
689, 25, 2.046121
689, 26, 1.007388
689, 27, 0.812977
689, 28, 1.980160
689, 29, 1.904494
689, 30, 0.668950
689, 31, 2.561299
689, 32, 0.422124
689, 33, 2.771070
689, 34, 2.386549
689, 35, 2.596351
689, 36, 2.297974
689, 37, 1.525426
689, 38, 0.375477
689, 39, 1.568105
689, 40, 2.691563
689, 41, 1.729673
689, 42, 1.011686
689, 43, 1.442728
689, 44, 0.519650
689, 45, 1.439470
689, 46, 2.235601
689, 47, 1.415481
689, 48, 2.601691
689, 49, -0.160065
689, 50, 2.174345
689, 51, 0.485420
689, 52, 1.514256
689, 53, -0.000015
689, 54, 2.754854
689, 55, 3.170033
689, 56, 2.524368
689, 57, 2.959079
689, 58, 0.829374
689, 59, 1.691667
689, 60, 0.000000
689, 61, 1.402721
689, 62, 2.046885
689, 63, 1.722669
689, 64, 2.057648
689, 65, 3.457494
689, 66, 1.750670
689, 67, 2.511020
689, 68, 1.571999
689, 69, 2.719856
689, 70, 2.955169
689, 71, 2.583022
689, 72, 3.799128
689, 73, 3.214435
689, 74, 1.580833
689, 75, 1.934788
689, 76, 1.049166
689, 77, 1.420346
689, 78, 1.805377
689, 79, 2.797782
689, 80, 2.670840
689, 81, 1.710896
689, 82, -0.110810
689, 83, 1.236197
689, 84, 0.939994
689, 85, 3.020050
689, 86, 3.307769
689, 87, 2.334270
689, 88, 1.398646
689, 89, 0.544654
689, 90, 1.203632
689, 91, 1.327134
689, 92, 0.672629
689, 93, 2.642000
689, 94, 1.670959
689, 95, 0.928764
689, 96, 1.650504
689, 97, 4.288306
689, 98, 2.156876
689, 99, 1.159450
689, 100, 0.792004
689, 101, -0.031273
689, 102, 1.856339
689, 103, 0.000000
689, 104, 3.433281
689, 105, 2.831269
689, 106, 1.431670
689, 107, 1.896392
689, 108, 0.639675
689, 109, 0.344871
689, 110, 1.771988
689, 111, 0.782472
689, 112, 1.185186
689, 113, 3.508002
689, 114, 1.046848
689, 115, 1.999007
689, 116, 1.438784
689, 117, 2.385076
689, 118, 1.574574
689, 119, 1.334032
689, 120, 2.301379
689, 121, 3.689908
689, 122, 2.495414
689, 123, 0.346461
689, 124, 2.149926
689, 125, 4.287252
689, 126, 1.255172
689, 127, 0.838413
689, 128, 0.513854
689, 129, 0.068566
689, 130, 1.536904
689, 131, 1.765901
689, 132, 1.469588
689, 133, 0.158527
689, 134, 1.165754
689, 135, 0.744959
689, 136, -0.000010
689, 137, 1.569482
689, 138, 0.987940
689, 139, 0.937750
689, 140, 3.522777
689, 141, 2.345869
689, 142, 3.095670
689, 143, 1.958489
689, 144, 1.508965
689, 145, 1.077613
689, 146, 1.966183
689, 147, 3.900737
689, 148, 2.480981
689, 149, 3.530638
689, 150, 1.562608
689, 151, 1.925699
689, 152, 2.086525
689, 153, 0.000000
689, 154, 1.593774
689, 155, 2.281430
689, 156, -0.010000
689, 157, 3.007402
689, 158, 1.993107
689, 159, 1.077853
689, 160, 2.954343
689, 161, 2.095658
689, 162, 3.440518
689, 163, 2.513052
689, 164, 3.356871
689, 165, 2.992218
689, 166, 3.633109
689, 167, 1.409328
689, 168, 0.324529
689, 169, 1.779615
689, 170, 1.509260
689, 171, 2.799283
689, 172, 2.675306
689, 173, 2.632531
689, 174, 2.151973
689, 175, 1.459221
689, 176, 3.356692
689, 177, 2.491850
689, 178, 0.529260
689, 179, 3.050220
689, 180, 3.429814
689, 181, 0.869874
689, 182, 3.133410
689, 183, -0.040000
689, 184, 0.631502
689, 185, 1.880346
689, 186, 3.371469
689, 187, 0.000000
689, 188, 2.155420
689, 189, 2.847648
689, 190, 2.387929
689, 191, 0.717938
689, 192, 2.124339
689, 193, 2.741479
689, 194, 1.537421
689, 195, -0.281320
689, 196, 3.981657
689, 197, 2.395635
689, 198, 2.281850
689, 199, 1.456819
691, 0, 1.503664
691, 1, 1.547395
691, 2, 2.401584
691, 3, 1.150856
691, 4, -0.339888
691, 5, 1.987193
691, 6, -0.000013
691, 7, 1.283830
691, 8, 3.342818
691, 9, 1.717014
691, 10, 1.799209
691, 11, 2.271102
691, 12, 2.522445
691, 13, 0.000000
691, 14, 2.587698
691, 15, 2.420334
691, 16, 1.129258
691, 17, 3.231840
691, 18, 3.587950
691, 19, 2.589026
691, 20, 4.288687
691, 21, 0.436530
691, 22, 2.161510
691, 23, 1.270559
691, 24, 1.001540
691, 25, 2.046121
691, 26, 1.007388
691, 27, 0.812977
691, 28, 1.981364
691, 29, 1.901008
691, 30, 0.668950
691, 31, 2.550783
691, 32, 0.422124
691, 33, 2.785008
691, 34, 2.380499
691, 35, 2.596340
691, 36, 2.300303
691, 37, 1.619440
691, 38, 0.375477
691, 39, 1.568105
691, 40, 2.691563
691, 41, 1.729763
691, 42, 1.011686
691, 43, 1.442728
691, 44, 0.519650
691, 45, 1.437663
691, 46, 2.246692
691, 47, 1.415481
691, 48, 2.602091
691, 49, -0.160065
691, 50, 2.174345
691, 51, 0.485420
691, 52, 1.514256
691, 53, -0.000015
691, 54, 2.735530
691, 55, 3.169049
691, 56, 2.524277
691, 57, 2.959107
691, 58, 0.829374
691, 59, 1.691667
691, 60, 0.000000
691, 61, 1.402721
691, 62, 2.046886
691, 63, 1.722669
691, 64, 2.057648
691, 65, 3.484167
691, 66, 1.750670
691, 67, 2.511020
691, 68, 1.571999
691, 69, 2.719856
691, 70, 2.954701
691, 71, 2.583025
691, 72, 3.797374
691, 73, 3.211217
691, 74, 1.580833
691, 75, 1.934788
691, 76, 1.049166
691, 77, 1.420346
691, 78, 1.805377
691, 79, 2.797782
691, 80, 2.671455
691, 81, 1.710896
691, 82, -0.108434
691, 83, 1.235555
691, 84, 0.939994
691, 85, 3.020049
691, 86, 3.324841
691, 87, 2.334270
691, 88, 1.398646
691, 89, 0.544654
691, 90, 1.203633
691, 91, 1.303497
691, 92, 0.672629
691, 93, 2.667713
691, 94, 1.667522
691, 95, 0.923112
691, 96, 1.650129
691, 97, 4.305047
691, 98, 2.133514
691, 99, 1.159450
691, 100, 0.792004
691, 101, -0.031273
691, 102, 1.856339
691, 103, 0.000000
691, 104, 3.472305
691, 105, 2.828741
691, 106, 1.431670
691, 107, 1.897412
691, 108, 0.639675
691, 109, 0.344871
691, 110, 1.771988
691, 111, 0.784312
691, 112, 1.185186
691, 113, 3.556220
691, 114, 1.046848
691, 115, 1.999007
691, 116, 1.438784
691, 117, 2.385336
691, 118, 1.581964
691, 119, 1.334032
691, 120, 2.301379
691, 121, 3.677259
691, 122, 2.492188
691, 123, 0.346461
691, 124, 2.149925
691, 125, 4.287784
691, 126, 1.255177
691, 127, 0.838413
691, 128, 0.513854
691, 129, 0.068566
691, 130, 1.536904
691, 131, 1.765901
691, 132, 1.469587
691, 133, 0.158527
691, 134, 1.165754
691, 135, 0.744959
691, 136, -0.000010
691, 137, 1.569394
691, 138, 0.987940
691, 139, 0.937750
691, 140, 3.527698
691, 141, 2.345867
691, 142, 3.082734
691, 143, 1.962487
691, 144, 1.508965
691, 145, 1.077613
691, 146, 1.966183
691, 147, 3.890256
691, 148, 2.480981
691, 149, 3.530022
691, 150, 1.562608
691, 151, 1.927505
691, 152, 2.086525
691, 153, 0.000000
691, 154, 1.593774
691, 155, 2.281430
691, 156, -0.010000
691, 157, 3.007401
691, 158, 1.993107
691, 159, 1.077853
691, 160, 2.943013
691, 161, 2.095658
691, 162, 3.452212
691, 163, 2.513052
691, 164, 3.356872
691, 165, 2.990976
691, 166, 3.623049
691, 167, 1.409328
691, 168, 0.324529
691, 169, 1.779711
691, 170, 1.509260
691, 171, 2.813018
691, 172, 2.679638
691, 173, 2.633118
691, 174, 2.161387
691, 175, 1.457996
691, 176, 3.356691
691, 177, 2.499605
691, 178, 0.529260
691, 179, 3.044389
691, 180, 3.514654
691, 181, 0.869874
691, 182, 3.133410
691, 183, -0.040000
691, 184, 0.631502
691, 185, 1.880346
691, 186, 3.350005
691, 187, 0.000000
691, 188, 2.169995
691, 189, 2.888314
691, 190, 2.387929
691, 191, 0.717938
691, 192, 2.088962
691, 193, 2.742786
691, 194, 1.537419
691, 195, -0.281317
691, 196, 3.975996
691, 197, 2.393854
691, 198, 2.281822
691, 199, 1.457046
693, 0, 1.503664
693, 1, 1.547395
693, 2, 2.412453
693, 3, 1.150858
693, 4, -0.339888
693, 5, 1.982716
693, 6, -0.000013
693, 7, 1.283832
693, 8, 3.301492
693, 9, 1.717014
693, 10, 1.799210
693, 11, 2.271102
693, 12, 2.519847
693, 13, 0.000000
693, 14, 2.586702
693, 15, 2.458196
693, 16, 1.129258
693, 17, 3.226837
693, 18, 3.586948
693, 19, 2.589026
693, 20, 4.290190
693, 21, 0.436530
693, 22, 2.161510
693, 23, 1.270559
693, 24, 0.994575
693, 25, 2.046121
693, 26, 1.007388
693, 27, 0.812977
693, 28, 1.982123
693, 29, 1.903736
693, 30, 0.668950
693, 31, 2.545862
693, 32, 0.422124
693, 33, 2.703356
693, 34, 2.390246
693, 35, 2.596011
693, 36, 2.296778
693, 37, 1.662446
693, 38, 0.375477
693, 39, 1.568105
693, 40, 2.691563
693, 41, 1.729843
693, 42, 1.011686
693, 43, 1.442728
693, 44, 0.519650
693, 45, 1.440127
693, 46, 2.264907
693, 47, 1.415481
693, 48, 2.598547
693, 49, -0.160065
693, 50, 2.174345
693, 51, 0.485420
693, 52, 1.514256
693, 53, -0.000015
693, 54, 2.781986
693, 55, 3.169729
693, 56, 2.529467
693, 57, 2.958921
693, 58, 0.829374
693, 59, 1.691667
693, 60, 0.000000
693, 61, 1.402721
693, 62, 2.046886
693, 63, 1.722669
693, 64, 2.057648
693, 65, 3.475724
693, 66, 1.750670
693, 67, 2.511020
693, 68, 1.571999
693, 69, 2.719859
693, 70, 2.955212
693, 71, 2.583027
693, 72, 3.799036
693, 73, 3.209490
693, 74, 1.580833
693, 75, 1.934788
693, 76, 1.049166
693, 77, 1.420346
693, 78, 1.805377
693, 79, 2.797783
693, 80, 2.670867
693, 81, 1.710896
693, 82, -0.110021
693, 83, 1.234475
693, 84, 0.939994
693, 85, 3.020050
693, 86, 3.286771
693, 87, 2.334270
693, 88, 1.398646
693, 89, 0.544654
693, 90, 1.203634
693, 91, 1.345075
693, 92, 0.672629
693, 93, 2.675463
693, 94, 1.668116
693, 95, 0.916919
693, 96, 1.649615
693, 97, 4.304109
693, 98, 2.124231
693, 99, 1.159450
693, 100, 0.792004
693, 101, -0.031273
693, 102, 1.856339
693, 103, 0.000000
693, 104, 3.435223
693, 105, 2.834871
693, 106, 1.431670
693, 107, 1.896200
693, 108, 0.639675
693, 109, 0.333064
693, 110, 1.771988
693, 111, 0.786631
693, 112, 1.185186
693, 113, 3.544285
693, 114, 1.046848
693, 115, 1.999007
693, 116, 1.438784
693, 117, 2.385587
693, 118, 1.564761
693, 119, 1.334032
693, 120, 2.301379
693, 121, 3.665734
693, 122, 2.492206
693, 123, 0.346461
693, 124, 2.149925
693, 125, 4.287350
693, 126, 1.255246
693, 127, 0.838413
693, 128, 0.513854
693, 129, 0.068566
693, 130, 1.536904
693, 131, 1.765902
693, 132, 1.469587
693, 133, 0.158527
693, 134, 1.165754
693, 135, 0.744959
693, 136, -0.000010
693, 137, 1.569341
693, 138, 0.987940
693, 139, 0.937750
693, 140, 3.527526
693, 141, 2.345868
693, 142, 3.115371
693, 143, 1.953359
693, 144, 1.508965
693, 145, 1.077613
693, 146, 1.966183
693, 147, 3.910265
693, 148, 2.480981
693, 149, 3.531144
693, 150, 1.562608
693, 151, 1.926813
693, 152, 2.086526
693, 153, 0.000000
693, 154, 1.593774
693, 155, 2.281430
693, 156, -0.010000
693, 157, 3.007400
693, 158, 1.993107
693, 159, 1.077853
693, 160, 2.915059
693, 161, 2.095658
693, 162, 3.454818
693, 163, 2.513052
693, 164, 3.357847
693, 165, 2.994033
693, 166, 3.623774
693, 167, 1.409328
693, 168, 0.324529
693, 169, 1.779969
693, 170, 1.509260
693, 171, 2.821815
693, 172, 2.688834
693, 173, 2.633894
693, 174, 2.107699
693, 175, 1.458652
693, 176, 3.356692
693, 177, 2.487280
693, 178, 0.529260
693, 179, 3.048052
693, 180, 3.489048
693, 181, 0.869874
693, 182, 3.133410
693, 183, -0.040000
693, 184, 0.631502
693, 185, 1.880346
693, 186, 3.370502
693, 187, 0.000000
693, 188, 2.163451
693, 189, 2.913526
693, 190, 2.387929
693, 191, 0.717938
693, 192, 2.128376
693, 193, 2.741993
693, 194, 1.537420
693, 195, -0.281318
693, 196, 3.981244
693, 197, 2.393858
693, 198, 2.281801
693, 199, 1.457105
695, 0, 1.503664
695, 1, 1.547395
695, 2, 2.367095
695, 3, 1.150858
695, 4, -0.339888
695, 5, 1.979416
695, 6, -0.000013
695, 7, 1.283833
695, 8, 3.301217
695, 9, 1.717014
695, 10, 1.799210
695, 11, 2.271102
695, 12, 2.519047
695, 13, 0.000000
695, 14, 2.586913
695, 15, 2.502289
695, 16, 1.129258
695, 17, 3.211413
695, 18, 3.580729
695, 19, 2.589026
695, 20, 4.292336
695, 21, 0.436530
695, 22, 2.161510
695, 23, 1.270559
695, 24, 1.015199
695, 25, 2.046121
695, 26, 1.007388
695, 27, 0.812977
695, 28, 1.981828
695, 29, 1.903672
695, 30, 0.668950
695, 31, 2.544953
695, 32, 0.422124
695, 33, 2.746147
695, 34, 2.326812
695, 35, 2.596144
695, 36, 2.296765
695, 37, 1.722035
695, 38, 0.375477
695, 39, 1.568105
695, 40, 2.659358
695, 41, 1.729863
695, 42, 1.011686
695, 43, 1.442728
695, 44, 0.519650
695, 45, 1.440071
695, 46, 2.252578
695, 47, 1.415481
695, 48, 2.600295
695, 49, -0.160065
695, 50, 2.174345
695, 51, 0.485420
695, 52, 1.514256
695, 53, -0.000015
695, 54, 2.785441
695, 55, 3.167564
695, 56, 2.534279
695, 57, 2.959044
695, 58, 0.829374
695, 59, 1.691667
695, 60, 0.000000
695, 61, 1.402721
695, 62, 2.046885
695, 63, 1.722669
695, 64, 2.057648
695, 65, 3.471476
695, 66, 1.750670
695, 67, 2.511020
695, 68, 1.571999
695, 69, 2.719859
695, 70, 2.950518
695, 71, 2.584684
695, 72, 3.799203
695, 73, 3.209003
695, 74, 1.580833
695, 75, 1.934788
695, 76, 1.049166
695, 77, 1.420346
695, 78, 1.805377
695, 79, 2.797782
695, 80, 2.670074
695, 81, 1.710896
695, 82, -0.109938
695, 83, 1.233770
695, 84, 0.939994
695, 85, 3.020049
695, 86, 3.297833
695, 87, 2.334270
695, 88, 1.398646
695, 89, 0.544654
695, 90, 1.203632
695, 91, 1.333072
695, 92, 0.672629
695, 93, 2.675493
695, 94, 1.654006
695, 95, 0.903616
695, 96, 1.651165
695, 97, 4.304481
695, 98, 2.129441
695, 99, 1.159450
695, 100, 0.792004
695, 101, -0.031273
695, 102, 1.856339
695, 103, 0.000000
695, 104, 3.435225
695, 105, 2.842185
695, 106, 1.431670
695, 107, 1.904706
695, 108, 0.639675
695, 109, 0.333307
695, 110, 1.771988
695, 111, 0.788954
695, 112, 1.185186
695, 113, 3.555372
695, 114, 1.046848
695, 115, 1.999007
695, 116, 1.438784
695, 117, 2.385679
695, 118, 1.586097
695, 119, 1.334032
695, 120, 2.301379
695, 121, 3.683176
695, 122, 2.492224
695, 123, 0.346461
695, 124, 2.149925
695, 125, 4.289071
695, 126, 1.255888
695, 127, 0.838413
695, 128, 0.513854
695, 129, 0.068566
695, 130, 1.536904
695, 131, 1.765902
695, 132, 1.469587
695, 133, 0.158527
695, 134, 1.165754
695, 135, 0.744959
695, 136, -0.000010
695, 137, 1.569571
695, 138, 0.987940
695, 139, 0.937750
695, 140, 3.527942
695, 141, 2.345869
695, 142, 3.119836
695, 143, 1.962867
695, 144, 1.508965
695, 145, 1.077613
695, 146, 1.966183
695, 147, 3.911063
695, 148, 2.480981
695, 149, 3.530848
695, 150, 1.562608
695, 151, 1.929346
695, 152, 2.086525
695, 153, 0.000000
695, 154, 1.593774
695, 155, 2.281431
695, 156, -0.010000
695, 157, 3.007403
695, 158, 1.993107
695, 159, 1.077853
695, 160, 2.867065
695, 161, 2.095658
695, 162, 3.459471
695, 163, 2.513052
695, 164, 3.356866
695, 165, 2.994048
695, 166, 3.630817
695, 167, 1.409328
695, 168, 0.324529
695, 169, 1.779692
695, 170, 1.509260
695, 171, 2.797792
695, 172, 2.703225
695, 173, 2.630704
695, 174, 2.091886
695, 175, 1.459274
695, 176, 3.358400
695, 177, 2.491325
695, 178, 0.529260
695, 179, 3.049783
695, 180, 3.516983
695, 181, 0.869874
695, 182, 3.133410
695, 183, -0.040000
695, 184, 0.631502
695, 185, 1.880346
695, 186, 3.369096
695, 187, 0.000000
695, 188, 2.146849
695, 189, 2.749210
695, 190, 2.387929
695, 191, 0.717938
695, 192, 2.110138
695, 193, 2.743143
695, 194, 1.537421
695, 195, -0.281319
695, 196, 3.980182
695, 197, 2.393860
695, 198, 2.281834
695, 199, 1.457108
697, 0, 1.503664
697, 1, 1.547395
697, 2, 2.367048
697, 3, 1.150859
697, 4, -0.339888
697, 5, 1.977828
697, 6, -0.000013
697, 7, 1.283834
697, 8, 3.317130
697, 9, 1.717014
697, 10, 1.799210
697, 11, 2.271102
697, 12, 2.514840
697, 13, 0.000000
697, 14, 2.587244
697, 15, 2.469818
697, 16, 1.129258
697, 17, 3.228924
697, 18, 3.586083
697, 19, 2.589026
697, 20, 4.277833
697, 21, 0.436530
697, 22, 2.161510
697, 23, 1.270559
697, 24, 1.034575
697, 25, 2.046121
697, 26, 1.007388
697, 27, 0.812977
697, 28, 1.981802
697, 29, 1.904460
697, 30, 0.668950
697, 31, 2.540969
697, 32, 0.422124
697, 33, 2.718099
697, 34, 2.388763
697, 35, 2.596362
697, 36, 2.298218
697, 37, 1.635195
697, 38, 0.375477
697, 39, 1.568105
697, 40, 2.671096
697, 41, 1.729886
697, 42, 1.011686
697, 43, 1.442728
697, 44, 0.519650
697, 45, 1.440787
697, 46, 2.247857
697, 47, 1.415481
697, 48, 2.597874
697, 49, -0.160065
697, 50, 2.174345
697, 51, 0.485420
697, 52, 1.514256
697, 53, -0.000015
697, 54, 2.780014
697, 55, 3.170860
697, 56, 2.530354
697, 57, 2.959224
697, 58, 0.829374
697, 59, 1.691667
697, 60, 0.000000
697, 61, 1.402721
697, 62, 2.046885
697, 63, 1.722669
697, 64, 2.057648
697, 65, 3.448428
697, 66, 1.750670
697, 67, 2.511020
697, 68, 1.571999
697, 69, 2.719859
697, 70, 2.954927
697, 71, 2.583027
697, 72, 3.799143
697, 73, 3.206948
697, 74, 1.580833
697, 75, 1.934788
697, 76, 1.049166
697, 77, 1.420346
697, 78, 1.805377
697, 79, 2.797782
697, 80, 2.670173
697, 81, 1.710896
697, 82, -0.108243
697, 83, 1.233343
697, 84, 0.939994
697, 85, 3.020050
697, 86, 3.292227
697, 87, 2.361339
697, 88, 1.398646
697, 89, 0.544654
697, 90, 1.203631
697, 91, 1.333488
697, 92, 0.672629
697, 93, 2.660883
697, 94, 1.645756
697, 95, 0.923528
697, 96, 1.652140
697, 97, 4.304102
697, 98, 2.133030
697, 99, 1.159450
697, 100, 0.792004
697, 101, -0.031273
697, 102, 1.856339
697, 103, 0.000000
697, 104, 3.454585
697, 105, 2.842263
697, 106, 1.431670
697, 107, 1.896973
697, 108, 0.639675
697, 109, 0.325709
697, 110, 1.771988
697, 111, 0.791270
697, 112, 1.185186
697, 113, 3.554923
697, 114, 1.046848
697, 115, 1.999007
697, 116, 1.438784
697, 117, 2.385714
697, 118, 1.580322
697, 119, 1.334032
697, 120, 2.301379
697, 121, 3.694983
697, 122, 2.491635
697, 123, 0.346461
697, 124, 2.149925
697, 125, 4.288775
697, 126, 1.255680
697, 127, 0.838413
697, 128, 0.513854
697, 129, 0.068566
697, 130, 1.536904
697, 131, 1.765901
697, 132, 1.469588
697, 133, 0.158527
697, 134, 1.165754
697, 135, 0.744959
697, 136, -0.000010
697, 137, 1.569384
697, 138, 0.987940
697, 139, 0.937750
697, 140, 3.530963
697, 141, 2.345868
697, 142, 3.134168
697, 143, 1.959844
697, 144, 1.508965
697, 145, 1.077613
697, 146, 1.966183
697, 147, 3.905811
697, 148, 2.480981
697, 149, 3.530917
697, 150, 1.562608
697, 151, 1.928083
697, 152, 2.086525
697, 153, 0.000000
697, 154, 1.593774
697, 155, 2.281431
697, 156, -0.010000
697, 157, 3.007404
697, 158, 1.993107
697, 159, 1.077853
697, 160, 2.924962
697, 161, 2.095658
697, 162, 3.459195
697, 163, 2.513052
697, 164, 3.356871
697, 165, 2.994326
697, 166, 3.631823
697, 167, 1.409328
697, 168, 0.324529
697, 169, 1.779619
697, 170, 1.509260
697, 171, 2.820594
697, 172, 2.685736
697, 173, 2.638483
697, 174, 2.112150
697, 175, 1.459741
697, 176, 3.356692
697, 177, 2.476233
697, 178, 0.529260
697, 179, 3.050170
697, 180, 3.507643
697, 181, 0.869874
697, 182, 3.133410
697, 183, -0.040000
697, 184, 0.631502
697, 185, 1.880346
697, 186, 3.372192
697, 187, 0.000000
697, 188, 2.140172
697, 189, 2.806817
697, 190, 2.387929
697, 191, 0.717938
697, 192, 2.101388
697, 193, 2.744608
697, 194, 1.537421
697, 195, -0.281319
697, 196, 3.980134
697, 197, 2.393859
697, 198, 2.281810
697, 199, 1.457098
699, 0, 1.503664
699, 1, 1.547395
699, 2, 2.377801
699, 3, 1.150859
699, 4, -0.339888
699, 5, 1.975886
699, 6, -0.000013
699, 7, 1.283834
699, 8, 3.311086
699, 9, 1.717014
699, 10, 1.799210
699, 11, 2.271102
699, 12, 2.511111
699, 13, 0.000000
699, 14, 2.587326
699, 15, 2.512582
699, 16, 1.129258
699, 17, 3.205827
699, 18, 3.582281
699, 19, 2.589026
699, 20, 4.285587
699, 21, 0.436530
699, 22, 2.161510
699, 23, 1.270559
699, 24, 1.049992
699, 25, 2.046121
699, 26, 1.007388
699, 27, 0.812977
699, 28, 1.982394
699, 29, 1.904934
699, 30, 0.668950
699, 31, 2.537384
699, 32, 0.422124
699, 33, 2.757300
699, 34, 2.351519
699, 35, 2.596404
699, 36, 2.299961
699, 37, 1.595438
699, 38, 0.375477
699, 39, 1.568105
699, 40, 2.676208
699, 41, 1.729960
699, 42, 1.011686
699, 43, 1.442728
699, 44, 0.519650
699, 45, 1.441219
699, 46, 2.247751
699, 47, 1.415481
699, 48, 2.599806
699, 49, -0.160065
699, 50, 2.174345
699, 51, 0.485420
699, 52, 1.514256
699, 53, -0.000015
699, 54, 2.779718
699, 55, 3.169971
699, 56, 2.522348
699, 57, 2.959286
699, 58, 0.829374
699, 59, 1.691667
699, 60, 0.000000
699, 61, 1.402721
699, 62, 2.046885
699, 63, 1.722669
699, 64, 2.057648
699, 65, 3.456234
699, 66, 1.750670
699, 67, 2.511020
699, 68, 1.571999
699, 69, 2.719859
699, 70, 2.952235
699, 71, 2.583028
699, 72, 3.798887
699, 73, 3.205639
699, 74, 1.580833
699, 75, 1.934788
699, 76, 1.049166
699, 77, 1.420346
699, 78, 1.805377
699, 79, 2.797782
699, 80, 2.669989
699, 81, 1.710896
699, 82, -0.108486
699, 83, 1.233110
699, 84, 0.939994
699, 85, 3.020049
699, 86, 3.297744
699, 87, 2.334270
699, 88, 1.398646
699, 89, 0.544654
699, 90, 1.203633
699, 91, 1.328841
699, 92, 0.672629
699, 93, 2.648123
699, 94, 1.641995
699, 95, 0.932677
699, 96, 1.651906
699, 97, 4.305569
699, 98, 2.139080
699, 99, 1.159450
699, 100, 0.792004
699, 101, -0.031273
699, 102, 1.856339
699, 103, 0.000000
699, 104, 3.454584
699, 105, 2.841732
699, 106, 1.431670
699, 107, 1.898141
699, 108, 0.639675
699, 109, 0.325709
699, 110, 1.771988
699, 111, 0.793871
699, 112, 1.185186
699, 113, 3.543298
699, 114, 1.046848
699, 115, 1.999007
699, 116, 1.438784
699, 117, 2.385863
699, 118, 1.606100
699, 119, 1.334032
699, 120, 2.301379
699, 121, 3.689426
699, 122, 2.491635
699, 123, 0.346461
699, 124, 2.149926
699, 125, 4.289248
699, 126, 1.255496
699, 127, 0.838413
699, 128, 0.513854
699, 129, 0.068566
699, 130, 1.536904
699, 131, 1.765901
699, 132, 1.469588
699, 133, 0.158527
699, 134, 1.165754
699, 135, 0.744959
699, 136, -0.000010
699, 137, 1.569211
699, 138, 0.987940
699, 139, 0.937750
699, 140, 3.509303
699, 141, 2.345869
699, 142, 3.130257
699, 143, 1.965288
699, 144, 1.508965
699, 145, 1.077613
699, 146, 1.966183
699, 147, 3.911230
699, 148, 2.480981
699, 149, 3.531154
699, 150, 1.562608
699, 151, 1.928888
699, 152, 2.086525
699, 153, 0.000000
699, 154, 1.593774
699, 155, 2.281430
699, 156, -0.010000
699, 157, 3.007404
699, 158, 1.993107
699, 159, 1.077853
699, 160, 2.873255
699, 161, 2.095658
699, 162, 3.454708
699, 163, 2.513052
699, 164, 3.356871
699, 165, 2.994377
699, 166, 3.627405
699, 167, 1.409328
699, 168, 0.324529
699, 169, 1.779426
699, 170, 1.509260
699, 171, 2.801928
699, 172, 2.670937
699, 173, 2.641271
699, 174, 2.122871
699, 175, 1.460068
699, 176, 3.356692
699, 177, 2.474880
699, 178, 0.529260
699, 179, 3.049515
699, 180, 3.479840
699, 181, 0.869874
699, 182, 3.133410
699, 183, -0.040000
699, 184, 0.631502
699, 185, 1.880346
699, 186, 3.380617
699, 187, 0.000000
699, 188, 2.142066
699, 189, 2.828579
699, 190, 2.387929
699, 191, 0.717938
699, 192, 2.128253
699, 193, 2.743352
699, 194, 1.537421
699, 195, -0.281320
699, 196, 3.979028
699, 197, 2.392662
699, 198, 2.281772
699, 199, 1.457086
701, 0, 1.503664
701, 1, 1.547395
701, 2, 2.320432
701, 3, 1.150856
701, 4, -0.339888
701, 5, 1.976624
701, 6, -0.000013
701, 7, 1.283830
701, 8, 3.337603
701, 9, 1.717014
701, 10, 1.799209
701, 11, 2.271102
701, 12, 2.527296
701, 13, 0.000000
701, 14, 2.587343
701, 15, 2.475304
701, 16, 1.129258
701, 17, 3.231770
701, 18, 3.587631
701, 19, 2.589026
701, 20, 4.296433
701, 21, 0.436530
701, 22, 2.161510
701, 23, 1.270559
701, 24, 1.071754
701, 25, 2.046121
701, 26, 1.007388
701, 27, 0.812977
701, 28, 1.982761
701, 29, 1.902318
701, 30, 0.668950
701, 31, 2.559460
701, 32, 0.422124
701, 33, 2.764387
701, 34, 2.393716
701, 35, 2.596401
701, 36, 2.301768
701, 37, 1.649798
701, 38, 0.375477
701, 39, 1.568105
701, 40, 2.677904
701, 41, 1.730021
701, 42, 1.011686
701, 43, 1.442728
701, 44, 0.519650
701, 45, 1.438842
701, 46, 2.240554
701, 47, 1.415481
701, 48, 2.600348
701, 49, -0.160065
701, 50, 2.174345
701, 51, 0.485420
701, 52, 1.514256
701, 53, -0.000015
701, 54, 2.777909
701, 55, 3.169677
701, 56, 2.530056
701, 57, 2.959304
701, 58, 0.829374
701, 59, 1.691667
701, 60, 0.000000
701, 61, 1.402721
701, 62, 2.046886
701, 63, 1.722669
701, 64, 2.057648
701, 65, 3.460509
701, 66, 1.750670
701, 67, 2.511020
701, 68, 1.571999
701, 69, 2.719859
701, 70, 2.954886
701, 71, 2.583028
701, 72, 3.799377
701, 73, 3.215888
701, 74, 1.580833
701, 75, 1.934788
701, 76, 1.049166
701, 77, 1.420346
701, 78, 1.805377
701, 79, 2.797782
701, 80, 2.670310
701, 81, 1.710896
701, 82, -0.107258
701, 83, 1.233073
701, 84, 0.939994
701, 85, 3.020050
701, 86, 3.315145
701, 87, 2.334270
701, 88, 1.398646
701, 89, 0.544654
701, 90, 1.203632
701, 91, 1.308151
701, 92, 0.672629
701, 93, 2.663989
701, 94, 1.639464
701, 95, 0.929633
701, 96, 1.651727
701, 97, 4.306249
701, 98, 2.138610
701, 99, 1.159450
701, 100, 0.792004
701, 101, -0.031273
701, 102, 1.856339
701, 103, 0.000000
701, 104, 3.440658
701, 105, 2.839228
701, 106, 1.431670
701, 107, 1.896608
701, 108, 0.639675
701, 109, 0.323364
701, 110, 1.771988
701, 111, 0.796105
701, 112, 1.185186
701, 113, 3.554548
701, 114, 1.046848
701, 115, 1.999007
701, 116, 1.438784
701, 117, 2.386018
701, 118, 1.579553
701, 119, 1.334032
701, 120, 2.301379
701, 121, 3.579013
701, 122, 2.491351
701, 123, 0.346461
701, 124, 2.149925
701, 125, 4.260359
701, 126, 1.255460
701, 127, 0.838413
701, 128, 0.513854
701, 129, 0.068566
701, 130, 1.536905
701, 131, 1.765901
701, 132, 1.469588
701, 133, 0.158527
701, 134, 1.165754
701, 135, 0.744959
701, 136, -0.000010
701, 137, 1.569112
701, 138, 0.987940
701, 139, 0.937750
701, 140, 3.518569
701, 141, 2.345867
701, 142, 3.133372
701, 143, 1.949911
701, 144, 1.508965
701, 145, 1.077613
701, 146, 1.966183
701, 147, 3.866927
701, 148, 2.480981
701, 149, 3.531119
701, 150, 1.562608
701, 151, 1.925014
701, 152, 2.086526
701, 153, 0.000000
701, 154, 1.593774
701, 155, 2.281430
701, 156, -0.010000
701, 157, 3.007403
701, 158, 1.993107
701, 159, 1.077853
701, 160, 2.940317
701, 161, 2.095658
701, 162, 3.444985
701, 163, 2.513497
701, 164, 3.356872
701, 165, 2.993299
701, 166, 3.632921
701, 167, 1.409328
701, 168, 0.324529
701, 169, 1.779336
701, 170, 1.509260
701, 171, 2.798339
701, 172, 2.690472
701, 173, 2.641387
701, 174, 2.108119
701, 175, 1.460394
701, 176, 3.362511
701, 177, 2.483999
701, 178, 0.529260
701, 179, 3.049309
701, 180, 3.518042
701, 181, 0.869874
701, 182, 3.133410
701, 183, -0.040000
701, 184, 0.631502
701, 185, 1.880346
701, 186, 3.362509
701, 187, 0.000000
701, 188, 2.156812
701, 189, 2.883202
701, 190, 2.387929
701, 191, 0.717938
701, 192, 2.119513
701, 193, 2.739990
701, 194, 1.537419
701, 195, -0.281317
701, 196, 3.963532
701, 197, 2.393359
701, 198, 2.281742
701, 199, 1.456998
703, 0, 1.503664
703, 1, 1.547395
703, 2, 2.339975
703, 3, 1.150858
703, 4, -0.339888
703, 5, 1.978719
703, 6, -0.000013
703, 7, 1.283832
703, 8, 3.314387
703, 9, 1.717014
703, 10, 1.799210
703, 11, 2.271102
703, 12, 2.526788
703, 13, 0.000000
703, 14, 2.587348
703, 15, 2.466702
703, 16, 1.129258
703, 17, 3.228192
703, 18, 3.586529
703, 19, 2.602596
703, 20, 4.295128
703, 21, 0.436530
703, 22, 2.161510
703, 23, 1.270559
703, 24, 1.088323
703, 25, 2.046121
703, 26, 1.007388
703, 27, 0.812977
703, 28, 1.982349
703, 29, 1.900323
703, 30, 0.668950
703, 31, 2.558736
703, 32, 0.422124
703, 33, 2.781688
703, 34, 2.369433
703, 35, 2.596390
703, 36, 2.301928
703, 37, 1.456811
703, 38, 0.375477
703, 39, 1.568105
703, 40, 2.678562
703, 41, 1.730125
703, 42, 1.011686
703, 43, 1.442728
703, 44, 0.519650
703, 45, 1.437042
703, 46, 2.225510
703, 47, 1.415481
703, 48, 2.604238
703, 49, -0.160065
703, 50, 2.174345
703, 51, 0.485420
703, 52, 1.514256
703, 53, -0.000015
703, 54, 2.736470
703, 55, 3.166517
703, 56, 2.524631
703, 57, 2.959330
703, 58, 0.829374
703, 59, 1.691667
703, 60, 0.000000
703, 61, 1.402721
703, 62, 2.046886
703, 63, 1.722669
703, 64, 2.057648
703, 65, 3.471531
703, 66, 1.750670
703, 67, 2.511020
703, 68, 1.571999
703, 69, 2.719859
703, 70, 2.954761
703, 71, 2.584412
703, 72, 3.799314
703, 73, 3.215398
703, 74, 1.580833
703, 75, 1.934788
703, 76, 1.049166
703, 77, 1.420346
703, 78, 1.805377
703, 79, 2.797783
703, 80, 2.671386
703, 81, 1.710896
703, 82, -0.106048
703, 83, 1.233150
703, 84, 0.939994
703, 85, 3.020050
703, 86, 3.285985
703, 87, 2.334270
703, 88, 1.398646
703, 89, 0.544654
703, 90, 1.203631
703, 91, 1.330582
703, 92, 0.672629
703, 93, 2.676699
703, 94, 1.653480
703, 95, 0.909385
703, 96, 1.647587
703, 97, 4.306887
703, 98, 2.144104
703, 99, 1.159450
703, 100, 0.792004
703, 101, -0.031273
703, 102, 1.856339
703, 103, 0.000000
703, 104, 3.440655
703, 105, 2.837498
703, 106, 1.431670
703, 107, 1.920219
703, 108, 0.639675
703, 109, 0.322073
703, 110, 1.771988
703, 111, 0.797673
703, 112, 1.185186
703, 113, 3.554902
703, 114, 1.046848
703, 115, 1.999007
703, 116, 1.438784
703, 117, 2.385806
703, 118, 1.560695
703, 119, 1.334032
703, 120, 2.301379
703, 121, 3.653293
703, 122, 2.491351
703, 123, 0.346461
703, 124, 2.149925
703, 125, 4.281567
703, 126, 1.255499
703, 127, 0.838413
703, 128, 0.513854
703, 129, 0.068566
703, 130, 1.536904
703, 131, 1.765901
703, 132, 1.469588
703, 133, 0.158527
703, 134, 1.165754
703, 135, 0.744959
703, 136, -0.000010
703, 137, 1.569051
703, 138, 0.987940
703, 139, 0.937750
703, 140, 3.522025
703, 141, 2.345868
703, 142, 3.142608
703, 143, 1.951891
703, 144, 1.508965
703, 145, 1.077613
703, 146, 1.966183
703, 147, 3.911471
703, 148, 2.480981
703, 149, 3.531182
703, 150, 1.562608
703, 151, 1.929206
703, 152, 2.086525
703, 153, 0.000000
703, 154, 1.593774
703, 155, 2.281430
703, 156, -0.010000
703, 157, 3.010773
703, 158, 1.993107
703, 159, 1.077853
703, 160, 2.952275
703, 161, 2.095658
703, 162, 3.453050
703, 163, 2.513910
703, 164, 3.356872
703, 165, 2.992604
703, 166, 3.630672
703, 167, 1.409328
703, 168, 0.324529
703, 169, 1.779577
703, 170, 1.509260
703, 171, 2.781883
703, 172, 2.681525
703, 173, 2.641898
703, 174, 2.080593
703, 175, 1.461059
703, 176, 3.365045
703, 177, 2.495869
703, 178, 0.529260
703, 179, 3.051055
703, 180, 3.513597
703, 181, 0.869874
703, 182, 3.133410
703, 183, -0.040000
703, 184, 0.631502
703, 185, 1.880346
703, 186, 3.357681
703, 187, 0.000000
703, 188, 2.163279
703, 189, 2.917995
703, 190, 2.387929
703, 191, 0.717938
703, 192, 2.129389
703, 193, 2.741397
703, 194, 1.537420
703, 195, -0.281318
703, 196, 3.981588
703, 197, 2.394032
703, 198, 2.281720
703, 199, 1.456968
705, 0, 1.503664
705, 1, 1.547395
705, 2, 2.347180
705, 3, 1.150858
705, 4, -0.339888
705, 5, 1.975657
705, 6, -0.000013
705, 7, 1.283833
705, 8, 3.343130
705, 9, 1.717014
705, 10, 1.799210
705, 11, 2.271102
705, 12, 2.535561
705, 13, 0.000000
705, 14, 2.587345
705, 15, 2.434239
705, 16, 1.129258
705, 17, 3.229638
705, 18, 3.587786
705, 19, 2.598598
705, 20, 4.294563
705, 21, 0.436530
705, 22, 2.161510
705, 23, 1.270559
705, 24, 1.102844
705, 25, 2.046121
705, 26, 1.007388
705, 27, 0.812977
705, 28, 1.981583
705, 29, 1.906525
705, 30, 0.668950
705, 31, 2.569926
705, 32, 0.422124
705, 33, 2.698062
705, 34, 2.379541
705, 35, 2.596373
705, 36, 2.299639
705, 37, 1.568470
705, 38, 0.375477
705, 39, 1.568105
705, 40, 2.678755
705, 41, 1.730212
705, 42, 1.011686
705, 43, 1.442728
705, 44, 0.519650
705, 45, 1.442664
705, 46, 2.218346
705, 47, 1.415481
705, 48, 2.601323
705, 49, -0.160065
705, 50, 2.174345
705, 51, 0.485420
705, 52, 1.514256
705, 53, -0.000015
705, 54, 2.750726
705, 55, 3.166655
705, 56, 2.525900
705, 57, 2.959352
705, 58, 0.829374
705, 59, 1.691667
705, 60, 0.000000
705, 61, 1.402721
705, 62, 2.046885
705, 63, 1.722669
705, 64, 2.057648
705, 65, 3.477682
705, 66, 1.750670
705, 67, 2.511020
705, 68, 1.571999
705, 69, 2.719859
705, 70, 2.955007
705, 71, 2.584413
705, 72, 3.799309
705, 73, 3.218447
705, 74, 1.580833
705, 75, 1.934788
705, 76, 1.049166
705, 77, 1.420346
705, 78, 1.805377
705, 79, 2.797782
705, 80, 2.670497
705, 81, 1.710896
705, 82, -0.109704
705, 83, 1.233162
705, 84, 0.939994
705, 85, 3.020050
705, 86, 3.288489
705, 87, 2.334270
705, 88, 1.398646
705, 89, 0.544654
705, 90, 1.203631
705, 91, 1.341304
705, 92, 0.672629
705, 93, 2.657467
705, 94, 1.657244
705, 95, 0.931362
705, 96, 1.644976
705, 97, 4.306966
705, 98, 2.147588
705, 99, 1.159450
705, 100, 0.792004
705, 101, -0.031273
705, 102, 1.856339
705, 103, 0.000000
705, 104, 3.428675
705, 105, 2.841472
705, 106, 1.431670
705, 107, 1.919992
705, 108, 0.639675
705, 109, 0.331412
705, 110, 1.771988
705, 111, 0.798935
705, 112, 1.185186
705, 113, 3.546304
705, 114, 1.046848
705, 115, 1.999007
705, 116, 1.438784
705, 117, 2.385726
705, 118, 1.570761
705, 119, 1.334032
705, 120, 2.301379
705, 121, 3.604629
705, 122, 2.492158
705, 123, 0.346461
705, 124, 2.149925
705, 125, 4.263443
705, 126, 1.255581
705, 127, 0.838413
705, 128, 0.513854
705, 129, 0.068566
705, 130, 1.536904
705, 131, 1.765902
705, 132, 1.469588
705, 133, 0.158527
705, 134, 1.165754
705, 135, 0.744959
705, 136, -0.000010
705, 137, 1.569013
705, 138, 0.987940
705, 139, 0.937750
705, 140, 3.510823
705, 141, 2.345868
705, 142, 3.152306
705, 143, 1.957319
705, 144, 1.508965
705, 145, 1.077613
705, 146, 1.966183
705, 147, 3.910264
705, 148, 2.480981
705, 149, 3.531097
705, 150, 1.562608
705, 151, 1.928244
705, 152, 2.086525
705, 153, 0.000000
705, 154, 1.593774
705, 155, 2.281431
705, 156, -0.010000
705, 157, 3.014710
705, 158, 1.993107
705, 159, 1.077853
705, 160, 2.935778
705, 161, 2.095658
705, 162, 3.455520
705, 163, 2.513910
705, 164, 3.356871
705, 165, 2.994785
705, 166, 3.634045
705, 167, 1.409328
705, 168, 0.324529
705, 169, 1.779608
705, 170, 1.509260
705, 171, 2.813348
705, 172, 2.694318
705, 173, 2.641899
705, 174, 2.064826
705, 175, 1.461864
705, 176, 3.365045
705, 177, 2.496592
705, 178, 0.529260
705, 179, 3.053777
705, 180, 3.491342
705, 181, 0.869874
705, 182, 3.133410
705, 183, -0.040000
705, 184, 0.631502
705, 185, 1.880346
705, 186, 3.348734
705, 187, 0.000000
705, 188, 2.158382
705, 189, 2.961966
705, 190, 2.387929
705, 191, 0.717938
705, 192, 2.129640
705, 193, 2.741455
705, 194, 1.537421
705, 195, -0.281319
705, 196, 3.982669
705, 197, 2.394032
705, 198, 2.281704
705, 199, 1.456991
707, 0, 1.503664
707, 1, 1.547396
707, 2, 2.309860
707, 3, 1.150859
707, 4, -0.339888
707, 5, 1.973528
707, 6, -0.000013
707, 7, 1.283834
707, 8, 3.338217
707, 9, 1.717014
707, 10, 1.799210
707, 11, 2.271102
707, 12, 2.537012
707, 13, 0.000000
707, 14, 2.587340
707, 15, 2.452258
707, 16, 1.129258
707, 17, 3.220378
707, 18, 3.584370
707, 19, 2.593238
707, 20, 4.292907
707, 21, 0.436530
707, 22, 2.161510
707, 23, 1.270559
707, 24, 1.120556
707, 25, 2.046121
707, 26, 1.007388
707, 27, 0.812977
707, 28, 1.981104
707, 29, 1.906392
707, 30, 0.668950
707, 31, 2.570944
707, 32, 0.422124
707, 33, 2.774964
707, 34, 2.390693
707, 35, 2.596354
707, 36, 2.296555
707, 37, 1.567018
707, 38, 0.375477
707, 39, 1.568105
707, 40, 2.678630
707, 41, 1.730282
707, 42, 1.011686
707, 43, 1.442728
707, 44, 0.519650
707, 45, 1.442550
707, 46, 2.219324
707, 47, 1.415481
707, 48, 2.598944
707, 49, -0.160065
707, 50, 2.174345
707, 51, 0.485420
707, 52, 1.514256
707, 53, -0.000015
707, 54, 2.767160
707, 55, 3.163185
707, 56, 2.531885
707, 57, 2.959372
707, 58, 0.829374
707, 59, 1.691667
707, 60, 0.000000
707, 61, 1.402721
707, 62, 2.046885
707, 63, 1.722669
707, 64, 2.057648
707, 65, 3.489325
707, 66, 1.750670
707, 67, 2.511020
707, 68, 1.571999
707, 69, 2.719859
707, 70, 2.955139
707, 71, 2.583025
707, 72, 3.798623
707, 73, 3.218483
707, 74, 1.580833
707, 75, 1.934788
707, 76, 1.049166
707, 77, 1.420346
707, 78, 1.805377
707, 79, 2.797782
707, 80, 2.670168
707, 81, 1.710896
707, 82, -0.109580
707, 83, 1.233122
707, 84, 0.939994
707, 85, 3.020050
707, 86, 3.293423
707, 87, 2.334270
707, 88, 1.398646
707, 89, 0.544654
707, 90, 1.203630
707, 91, 1.336119
707, 92, 0.672629
707, 93, 2.665161
707, 94, 1.654224
707, 95, 0.927009
707, 96, 1.642635
707, 97, 4.306382
707, 98, 2.150277
707, 99, 1.159450
707, 100, 0.792004
707, 101, -0.031273
707, 102, 1.856339
707, 103, 0.000000
707, 104, 3.413988
707, 105, 2.840871
707, 106, 1.431670
707, 107, 1.924462
707, 108, 0.639675
707, 109, 0.359066
707, 110, 1.771988
707, 111, 0.799835
707, 112, 1.185186
707, 113, 3.555430
707, 114, 1.046848
707, 115, 1.999007
707, 116, 1.438784
707, 117, 2.385697
707, 118, 1.561146
707, 119, 1.334032
707, 120, 2.301379
707, 121, 3.671715
707, 122, 2.494039
707, 123, 0.346461
707, 124, 2.149925
707, 125, 4.286565
707, 126, 1.255679
707, 127, 0.838413
707, 128, 0.513854
707, 129, 0.068566
707, 130, 1.536904
707, 131, 1.765901
707, 132, 1.469588
707, 133, 0.158527
707, 134, 1.165754
707, 135, 0.744959
707, 136, -0.000010
707, 137, 1.568985
707, 138, 0.987940
707, 139, 0.937750
707, 140, 3.518056
707, 141, 2.345868
707, 142, 3.155892
707, 143, 1.952236
707, 144, 1.508965
707, 145, 1.077613
707, 146, 1.966183
707, 147, 3.906872
707, 148, 2.480981
707, 149, 3.530900
707, 150, 1.562608
707, 151, 1.926949
707, 152, 2.086525
707, 153, 0.000000
707, 154, 1.593774
707, 155, 2.281431
707, 156, -0.010000
707, 157, 3.011257
707, 158, 1.993107
707, 159, 1.077853
707, 160, 2.911553
707, 161, 2.095658
707, 162, 3.457395
707, 163, 2.513910
707, 164, 3.356872
707, 165, 2.994745
707, 166, 3.616035
707, 167, 1.409328
707, 168, 0.324529
707, 169, 1.779225
707, 170, 1.509260
707, 171, 2.769497
707, 172, 2.698991
707, 173, 2.641874
707, 174, 2.070007
707, 175, 1.469478
707, 176, 3.362382
707, 177, 2.486821
707, 178, 0.529260
707, 179, 3.054621
707, 180, 3.514982
707, 181, 0.837788
707, 182, 3.133410
707, 183, -0.040000
707, 184, 0.631502
707, 185, 1.880346
707, 186, 3.375953
707, 187, 0.000000
707, 188, 2.151420
707, 189, 2.957386
707, 190, 2.387929
707, 191, 0.717938
707, 192, 2.130592
707, 193, 2.741495
707, 194, 1.537421
707, 195, -0.281319
707, 196, 3.982483
707, 197, 2.394032
707, 198, 2.281691
707, 199, 1.457020
709, 0, 1.503664
709, 1, 1.547395
709, 2, 2.310740
709, 3, 1.150859
709, 4, -0.339888
709, 5, 1.973088
709, 6, -0.000013
709, 7, 1.283834
709, 8, 3.349737
709, 9, 1.717014
709, 10, 1.799210
709, 11, 2.271102
709, 12, 2.528405
709, 13, 0.000000
709, 14, 2.587334
709, 15, 2.484203
709, 16, 1.129258
709, 17, 3.220521
709, 18, 3.587929
709, 19, 2.589026
709, 20, 4.288736
709, 21, 0.436530
709, 22, 2.161510
709, 23, 1.270559
709, 24, 1.142566
709, 25, 2.046121
709, 26, 1.007388
709, 27, 0.812977
709, 28, 1.981960
709, 29, 1.905411
709, 30, 0.668950
709, 31, 2.565939
709, 32, 0.422124
709, 33, 2.782617
709, 34, 2.384940
709, 35, 2.596334
709, 36, 2.294129
709, 37, 1.506175
709, 38, 0.375477
709, 39, 1.568105
709, 40, 2.678807
709, 41, 1.730336
709, 42, 1.011686
709, 43, 1.442728
709, 44, 0.519650
709, 45, 1.441656
709, 46, 2.260061
709, 47, 1.415481
709, 48, 2.603356
709, 49, -0.160065
709, 50, 2.174345
709, 51, 0.485420
709, 52, 1.514256
709, 53, -0.000015
709, 54, 2.750119
709, 55, 3.167675
709, 56, 2.524506
709, 57, 2.959393
709, 58, 0.829374
709, 59, 1.691667
709, 60, 0.000000
709, 61, 1.402721
709, 62, 2.046885
709, 63, 1.722669
709, 64, 2.057648
709, 65, 3.470501
709, 66, 1.750670
709, 67, 2.511020
709, 68, 1.571999
709, 69, 2.719859
709, 70, 2.955044
709, 71, 2.585579
709, 72, 3.799238
709, 73, 3.216751
709, 74, 1.580833
709, 75, 1.934788
709, 76, 1.049166
709, 77, 1.420346
709, 78, 1.805377
709, 79, 2.797782
709, 80, 2.670362
709, 81, 1.710896
709, 82, -0.108942
709, 83, 1.233066
709, 84, 0.939994
709, 85, 3.020050
709, 86, 3.303334
709, 87, 2.334270
709, 88, 1.398646
709, 89, 0.544654
709, 90, 1.203630
709, 91, 1.324551
709, 92, 0.672629
709, 93, 2.665683
709, 94, 1.654136
709, 95, 0.922180
709, 96, 1.638463
709, 97, 4.303969
709, 98, 2.152547
709, 99, 1.159450
709, 100, 0.792004
709, 101, -0.031273
709, 102, 1.856339
709, 103, 0.000000
709, 104, 3.401286
709, 105, 2.839473
709, 106, 1.431670
709, 107, 1.938999
709, 108, 0.639675
709, 109, 0.379298
709, 110, 1.771988
709, 111, 0.800930
709, 112, 1.185186
709, 113, 3.555555
709, 114, 1.046848
709, 115, 1.999007
709, 116, 1.438784
709, 117, 2.384886
709, 118, 1.570058
709, 119, 1.334032
709, 120, 2.301379
709, 121, 3.651873
709, 122, 2.495499
709, 123, 0.346461
709, 124, 2.149926
709, 125, 4.283297
709, 126, 1.255789
709, 127, 0.838413
709, 128, 0.513854
709, 129, 0.068566
709, 130, 1.536904
709, 131, 1.765901
709, 132, 1.469588
709, 133, 0.158527
709, 134, 1.165754
709, 135, 0.744959
709, 136, -0.000010
709, 137, 1.568964
709, 138, 0.987940
709, 139, 0.937750
709, 140, 3.522391
709, 141, 2.345869
709, 142, 3.155661
709, 143, 1.957049
709, 144, 1.508965
709, 145, 1.077613
709, 146, 1.966183
709, 147, 3.896466
709, 148, 2.480981
709, 149, 3.530454
709, 150, 1.562608
709, 151, 1.925647
709, 152, 2.086525
709, 153, 0.000000
709, 154, 1.593774
709, 155, 2.281430
709, 156, -0.010000
709, 157, 3.009032
709, 158, 1.993107
709, 159, 1.077853
709, 160, 2.921159
709, 161, 2.095658
709, 162, 3.458729
709, 163, 2.512623
709, 164, 3.356871
709, 165, 2.994150
709, 166, 3.627236
709, 167, 1.409328
709, 168, 0.324529
709, 169, 1.779068
709, 170, 1.509260
709, 171, 2.787452
709, 172, 2.725980
709, 173, 2.641875
709, 174, 2.088694
709, 175, 1.469995
709, 176, 3.360693
709, 177, 2.495048
709, 178, 0.529260
709, 179, 3.048143
709, 180, 3.512580
709, 181, 0.837788
709, 182, 3.133410
709, 183, -0.040000
709, 184, 0.631502
709, 185, 1.880346
709, 186, 3.367411
709, 187, 0.000000
709, 188, 2.145955
709, 189, 2.991346
709, 190, 2.387929
709, 191, 0.717938
709, 192, 2.104615
709, 193, 2.741452
709, 194, 1.537421
709, 195, -0.281320
709, 196, 3.978403
709, 197, 2.400314
709, 198, 2.281678
709, 199, 1.457044
711, 0, 1.503664
711, 1, 1.547395
711, 2, 2.348573
711, 3, 1.150856
711, 4, -0.339888
711, 5, 1.973907
711, 6, -0.000013
711, 7, 1.283830
711, 8, 3.318655
711, 9, 1.717014
711, 10, 1.799209
711, 11, 2.271102
711, 12, 2.521430
711, 13, 0.000000
711, 14, 2.587328
711, 15, 2.541242
711, 16, 1.129258
711, 17, 3.205534
711, 18, 3.588636
711, 19, 2.595491
711, 20, 4.278251
711, 21, 0.436530
711, 22, 2.161510
711, 23, 1.270559
711, 24, 1.136381
711, 25, 2.046121
711, 26, 1.007388
711, 27, 0.812977
711, 28, 1.982490
711, 29, 1.904538
711, 30, 0.668950
711, 31, 2.559270
711, 32, 0.422124
711, 33, 2.708715
711, 34, 2.375658
711, 35, 2.596316
711, 36, 2.296565
711, 37, 1.588674
711, 38, 0.375477
711, 39, 1.568105
711, 40, 2.678899
711, 41, 1.730384
711, 42, 1.011686
711, 43, 1.442728
711, 44, 0.519650
711, 45, 1.440862
711, 46, 2.245565
711, 47, 1.415481
711, 48, 2.600326
711, 49, -0.160065
711, 50, 2.174345
711, 51, 0.485420
711, 52, 1.514256
711, 53, -0.000015
711, 54, 2.770344
711, 55, 3.168780
711, 56, 2.532762
711, 57, 2.959411
711, 58, 0.829374
711, 59, 1.691667
711, 60, 0.000000
711, 61, 1.402721
711, 62, 2.046886
711, 63, 1.722669
711, 64, 2.057648
711, 65, 3.462445
711, 66, 1.750670
711, 67, 2.511020
711, 68, 1.571999
711, 69, 2.719859
711, 70, 2.955030
711, 71, 2.586196
711, 72, 3.799270
711, 73, 3.213788
711, 74, 1.580833
711, 75, 1.934788
711, 76, 1.049166
711, 77, 1.420346
711, 78, 1.805377
711, 79, 2.797782
711, 80, 2.670990
711, 81, 1.710896
711, 82, -0.107734
711, 83, 1.232698
711, 84, 0.939994
711, 85, 3.020050
711, 86, 3.311759
711, 87, 2.334270
711, 88, 1.398646
711, 89, 0.544654
711, 90, 1.203628
711, 91, 1.318427
711, 92, 0.672629
711, 93, 2.673300
711, 94, 1.656146
711, 95, 0.913029
711, 96, 1.641742
711, 97, 4.306108
711, 98, 2.156554
711, 99, 1.159450
711, 100, 0.792004
711, 101, -0.031273
711, 102, 1.856339
711, 103, 0.000000
711, 104, 3.390911
711, 105, 2.838734
711, 106, 1.431670
711, 107, 1.932426
711, 108, 0.639675
711, 109, 0.411125
711, 110, 1.771988
711, 111, 0.802278
711, 112, 1.185186
711, 113, 3.555652
711, 114, 1.046848
711, 115, 1.999007
711, 116, 1.438784
711, 117, 2.384718
711, 118, 1.584083
711, 119, 1.334032
711, 120, 2.301379
711, 121, 3.672057
711, 122, 2.497675
711, 123, 0.346461
711, 124, 2.149925
711, 125, 4.283264
711, 126, 1.255880
711, 127, 0.838413
711, 128, 0.513854
711, 129, 0.068566
711, 130, 1.536904
711, 131, 1.765901
711, 132, 1.469587
711, 133, 0.158527
711, 134, 1.165754
711, 135, 0.744959
711, 136, -0.000010
711, 137, 1.568934
711, 138, 0.987940
711, 139, 0.937750
711, 140, 3.525380
711, 141, 2.345868
711, 142, 3.137523
711, 143, 1.963609
711, 144, 1.508965
711, 145, 1.077613
711, 146, 1.966183
711, 147, 3.896525
711, 148, 2.480981
711, 149, 3.530608
711, 150, 1.562608
711, 151, 1.926145
711, 152, 2.086525
711, 153, 0.000000
711, 154, 1.593774
711, 155, 2.281430
711, 156, -0.010000
711, 157, 3.007367
711, 158, 1.993107
711, 159, 1.077853
711, 160, 2.878418
711, 161, 2.095658
711, 162, 3.442492
711, 163, 2.512623
711, 164, 3.356871
711, 165, 2.993844
711, 166, 3.631442
711, 167, 1.409328
711, 168, 0.324529
711, 169, 1.779069
711, 170, 1.509260
711, 171, 2.814473
711, 172, 2.720535
711, 173, 2.641876
711, 174, 2.106807
711, 175, 1.470256
711, 176, 3.360693
711, 177, 2.493419
711, 178, 0.529260
711, 179, 3.048727
711, 180, 3.515152
711, 181, 0.837788
711, 182, 3.133410
711, 183, -0.040000
711, 184, 0.631502
711, 185, 1.880346
711, 186, 3.361827
711, 187, 0.000000
711, 188, 2.161888
711, 189, 2.820332
711, 190, 2.387929
711, 191, 0.717938
711, 192, 2.135875
711, 193, 2.742275
711, 194, 1.537419
711, 195, -0.281318
711, 196, 3.978652
711, 197, 2.395384
711, 198, 2.281669
711, 199, 1.457379
713, 0, 1.503664
713, 1, 1.547395
713, 2, 2.346736
713, 3, 1.150858
713, 4, -0.339888
713, 5, 1.975608
713, 6, -0.000013
713, 7, 1.283832
713, 8, 3.339401
713, 9, 1.717014
713, 10, 1.799210
713, 11, 2.271102
713, 12, 2.525004
713, 13, 0.000000
713, 14, 2.587323
713, 15, 2.512638
713, 16, 1.129258
713, 17, 3.229464
713, 18, 3.586775
713, 19, 2.595491
713, 20, 4.289641
713, 21, 0.436530
713, 22, 2.161510
713, 23, 1.270559
713, 24, 1.127290
713, 25, 2.046121
713, 26, 1.007388
713, 27, 0.812977
713, 28, 1.981663
713, 29, 1.899928
713, 30, 0.668950
713, 31, 2.562107
713, 32, 0.422124
713, 33, 2.781497
713, 34, 2.392853
713, 35, 2.596298
713, 36, 2.298792
713, 37, 1.495106
713, 38, 0.375477
713, 39, 1.568105
713, 40, 2.678914
713, 41, 1.730429
713, 42, 1.011686
713, 43, 1.442728
713, 44, 0.519650
713, 45, 1.436677
713, 46, 2.228326
713, 47, 1.415481
713, 48, 2.603082
713, 49, -0.160065
713, 50, 2.174345
713, 51, 0.485420
713, 52, 1.514256
713, 53, -0.000015
713, 54, 2.784968
713, 55, 3.166378
713, 56, 2.524899
713, 57, 2.959432
713, 58, 0.829374
713, 59, 1.691667
713, 60, 0.000000
713, 61, 1.402721
713, 62, 2.046886
713, 63, 1.722669
713, 64, 2.057648
713, 65, 3.462533
713, 66, 1.750670
713, 67, 2.511020
713, 68, 1.571999
713, 69, 2.719859
713, 70, 2.954950
713, 71, 2.583026
713, 72, 3.799394
713, 73, 3.219591
713, 74, 1.580833
713, 75, 1.934788
713, 76, 1.049166
713, 77, 1.420346
713, 78, 1.805377
713, 79, 2.797783
713, 80, 2.671509
713, 81, 1.710896
713, 82, -0.105390
713, 83, 1.232068
713, 84, 0.939994
713, 85, 3.020050
713, 86, 3.329861
713, 87, 2.334270
713, 88, 1.398646
713, 89, 0.544654
713, 90, 1.203629
713, 91, 1.293780
713, 92, 0.672629
713, 93, 2.659252
713, 94, 1.659835
713, 95, 0.932322
713, 96, 1.646212
713, 97, 4.306131
713, 98, 2.154932
713, 99, 1.159450
713, 100, 0.792004
713, 101, -0.031273
713, 102, 1.856339
713, 103, 0.000000
713, 104, 3.438871
713, 105, 2.835616
713, 106, 1.431670
713, 107, 1.918767
713, 108, 0.639675
713, 109, 0.377116
713, 110, 1.771988
713, 111, 0.804052
713, 112, 1.185186
713, 113, 3.553639
713, 114, 1.046848
713, 115, 1.999007
713, 116, 1.438784
713, 117, 2.385048
713, 118, 1.567080
713, 119, 1.334032
713, 120, 2.301379
713, 121, 3.598790
713, 122, 2.495345
713, 123, 0.346461
713, 124, 2.149925
713, 125, 4.265220
713, 126, 1.255990
713, 127, 0.838413
713, 128, 0.513854
713, 129, 0.068566
713, 130, 1.536904
713, 131, 1.765901
713, 132, 1.469587
713, 133, 0.158527
713, 134, 1.165754
713, 135, 0.744959
713, 136, -0.000010
713, 137, 1.568916
713, 138, 0.987940
713, 139, 0.937750
713, 140, 3.516666
713, 141, 2.345868
713, 142, 3.149045
713, 143, 1.954591
713, 144, 1.508965
713, 145, 1.077613
713, 146, 1.966183
713, 147, 3.909244
713, 148, 2.480981
713, 149, 3.529577
713, 150, 1.562608
713, 151, 1.922353
713, 152, 2.086525
713, 153, 0.000000
713, 154, 1.593774
713, 155, 2.281430
713, 156, -0.010000
713, 157, 3.013202
713, 158, 1.993107
713, 159, 1.077853
713, 160, 2.953094
713, 161, 2.095658
713, 162, 3.448599
713, 163, 2.512054
713, 164, 3.356872
713, 165, 2.992540
713, 166, 3.633592
713, 167, 1.409328
713, 168, 0.324529
713, 169, 1.779225
713, 170, 1.509260
713, 171, 2.781700
713, 172, 2.701493
713, 173, 2.641952
713, 174, 2.082793
713, 175, 1.470784
713, 176, 3.365750
713, 177, 2.489710
713, 178, 0.529260
713, 179, 3.051124
713, 180, 3.506335
713, 181, 0.837788
713, 182, 3.133410
713, 183, -0.040000
713, 184, 0.631502
713, 185, 1.880346
713, 186, 3.362936
713, 187, 0.000000
713, 188, 2.179420
713, 189, 2.860564
713, 190, 2.387929
713, 191, 0.717938
713, 192, 2.067774
713, 193, 2.742358
713, 194, 1.537420
713, 195, -0.281319
713, 196, 3.982985
713, 197, 2.399224
713, 198, 2.281660
713, 199, 1.457502
715, 0, 1.503664
715, 1, 1.547395
715, 2, 2.364948
715, 3, 1.150858
715, 4, -0.339888
715, 5, 1.978088
715, 6, -0.000013
715, 7, 1.283833
715, 8, 3.342384
715, 9, 1.717014
715, 10, 1.799210
715, 11, 2.271102
715, 12, 2.528460
715, 13, 0.000000
715, 14, 2.587317
715, 15, 2.452077
715, 16, 1.129258
715, 17, 3.229330
715, 18, 3.586019
715, 19, 2.589026
715, 20, 4.292552
715, 21, 0.436530
715, 22, 2.161510
715, 23, 1.270559
715, 24, 1.115316
715, 25, 2.046121
715, 26, 1.007388
715, 27, 0.812977
715, 28, 1.982289
715, 29, 1.897156
715, 30, 0.668950
715, 31, 2.567878
715, 32, 0.422124
715, 33, 2.708097
715, 34, 2.374160
715, 35, 2.596279
715, 36, 2.300349
715, 37, 1.621272
715, 38, 0.375477
715, 39, 1.568105
715, 40, 2.678898
715, 41, 1.730462
715, 42, 1.011686
715, 43, 1.442728
715, 44, 0.519650
715, 45, 1.434206
715, 46, 2.223074
715, 47, 1.415481
715, 48, 2.601987
715, 49, -0.160065
715, 50, 2.174345
715, 51, 0.485420
715, 52, 1.514256
715, 53, -0.000015
715, 54, 2.725476
715, 55, 3.169690
715, 56, 2.528933
715, 57, 2.959451
715, 58, 0.829374
715, 59, 1.691667
715, 60, 0.000000
715, 61, 1.402721
715, 62, 2.046885
715, 63, 1.722669
715, 64, 2.057648
715, 65, 3.457595
715, 66, 1.750670
715, 67, 2.511020
715, 68, 1.571999
715, 69, 2.719859
715, 70, 2.955005
715, 71, 2.583028
715, 72, 3.799359
715, 73, 3.220868
715, 74, 1.580833
715, 75, 1.934788
715, 76, 1.049166
715, 77, 1.420346
715, 78, 1.805377
715, 79, 2.797782
715, 80, 2.672513
715, 81, 1.710896
715, 82, -0.103761
715, 83, 1.231558
715, 84, 0.939994
715, 85, 3.020049
715, 86, 3.334349
715, 87, 2.334270
715, 88, 1.398646
715, 89, 0.544654
715, 90, 1.203629
715, 91, 1.284533
715, 92, 0.672629
715, 93, 2.664844
715, 94, 1.669606
715, 95, 0.927054
715, 96, 1.640509
715, 97, 4.306747
715, 98, 2.154950
715, 99, 1.159450
715, 100, 0.792004
715, 101, -0.031273
715, 102, 1.856339
715, 103, 0.000000
715, 104, 3.423839
715, 105, 2.834430
715, 106, 1.431670
715, 107, 1.941193
715, 108, 0.639675
715, 109, 0.347424
715, 110, 1.771988
715, 111, 0.805357
715, 112, 1.185186
715, 113, 3.556459
715, 114, 1.046848
715, 115, 1.999007
715, 116, 1.438784
715, 117, 2.384675
715, 118, 1.567639
715, 119, 1.334032
715, 120, 2.301379
715, 121, 3.656683
715, 122, 2.493174
715, 123, 0.346461
715, 124, 2.149925
715, 125, 4.286402
715, 126, 1.256104
715, 127, 0.838413
715, 128, 0.513854
715, 129, 0.068566
715, 130, 1.536904
715, 131, 1.765902
715, 132, 1.469588
715, 133, 0.158527
715, 134, 1.165754
715, 135, 0.744959
715, 136, -0.000010
715, 137, 1.568902
715, 138, 0.987940
715, 139, 0.937750
715, 140, 3.517200
715, 141, 2.345869
715, 142, 3.133410
715, 143, 1.954945
715, 144, 1.508965
715, 145, 1.077613
715, 146, 1.966183
715, 147, 3.901581
715, 148, 2.480981
715, 149, 3.530185
715, 150, 1.562608
715, 151, 1.920871
715, 152, 2.086525
715, 153, 0.000000
715, 154, 1.593774
715, 155, 2.281431
715, 156, -0.010000
715, 157, 3.007358
715, 158, 1.993107
715, 159, 1.077853
715, 160, 2.927973
715, 161, 2.095658
715, 162, 3.451036
715, 163, 2.512054
715, 164, 3.356871
715, 165, 2.992078
715, 166, 3.632432
715, 167, 1.409328
715, 168, 0.324529
715, 169, 1.779945
715, 170, 1.509260
715, 171, 2.818309
715, 172, 2.721017
715, 173, 2.641952
715, 174, 2.100095
715, 175, 1.471085
715, 176, 3.358833
715, 177, 2.488694
715, 178, 0.529260
715, 179, 3.050186
715, 180, 3.513593
715, 181, 0.837788
715, 182, 3.133410
715, 183, -0.040000
715, 184, 0.631502
715, 185, 1.880346
715, 186, 3.367542
715, 187, 0.000000
715, 188, 2.178129
715, 189, 2.882045
715, 190, 2.387929
715, 191, 0.717938
715, 192, 2.097639
715, 193, 2.742367
715, 194, 1.537421
715, 195, -0.281319
715, 196, 3.980695
715, 197, 2.393429
715, 198, 2.281649
715, 199, 1.457650
717, 0, 1.503664
717, 1, 1.547395
717, 2, 2.388237
717, 3, 1.150859
717, 4, -0.339888
717, 5, 1.979275
717, 6, -0.000013
717, 7, 1.283834
717, 8, 3.332325
717, 9, 1.717014
717, 10, 1.799210
717, 11, 2.271102
717, 12, 2.524802
717, 13, 0.000000
717, 14, 2.587312
717, 15, 2.391660
717, 16, 1.129258
717, 17, 3.213663
717, 18, 3.588080
717, 19, 2.599468
717, 20, 4.253766
717, 21, 0.436530
717, 22, 2.161510
717, 23, 1.270559
717, 24, 1.083309
717, 25, 2.046121
717, 26, 1.007388
717, 27, 0.812977
717, 28, 1.982700
717, 29, 1.897309
717, 30, 0.668950
717, 31, 2.565521
717, 32, 0.422124
717, 33, 2.778577
717, 34, 2.378132
717, 35, 2.596260
717, 36, 2.301452
717, 37, 1.683378
717, 38, 0.375477
717, 39, 1.568105
717, 40, 2.678909
717, 41, 1.730500
717, 42, 1.011686
717, 43, 1.442728
717, 44, 0.519650
717, 45, 1.434040
717, 46, 2.219447
717, 47, 1.415481
717, 48, 2.602178
717, 49, -0.160065
717, 50, 2.174345
717, 51, 0.485420
717, 52, 1.514256
717, 53, -0.000015
717, 54, 2.742348
717, 55, 3.168175
717, 56, 2.533668
717, 57, 2.959471
717, 58, 0.829374
717, 59, 1.691667
717, 60, 0.000000
717, 61, 1.402721
717, 62, 2.046885
717, 63, 1.722669
717, 64, 2.057648
717, 65, 3.465995
717, 66, 1.750670
717, 67, 2.511020
717, 68, 1.571999
717, 69, 2.719865
717, 70, 2.953643
717, 71, 2.583029
717, 72, 3.799243
717, 73, 3.219830
717, 74, 1.580833
717, 75, 1.934788
717, 76, 1.049166
717, 77, 1.420346
717, 78, 1.805377
717, 79, 2.797782
717, 80, 2.672775
717, 81, 1.710896
717, 82, -0.103611
717, 83, 1.231156
717, 84, 0.939994
717, 85, 3.020050
717, 86, 3.335107
717, 87, 2.334270
717, 88, 1.398646
717, 89, 0.544654
717, 90, 1.203630
717, 91, 1.283337
717, 92, 0.672629
717, 93, 2.667838
717, 94, 1.670193
717, 95, 0.920519
717, 96, 1.665207
717, 97, 4.307217
717, 98, 2.154932
717, 99, 1.159450
717, 100, 0.792004
717, 101, -0.031273
717, 102, 1.856339
717, 103, 0.000000
717, 104, 3.397397
717, 105, 2.834562
717, 106, 1.431670
717, 107, 1.937795
717, 108, 0.639675
717, 109, 0.393602
717, 110, 1.771988
717, 111, 0.806481
717, 112, 1.185186
717, 113, 3.555079
717, 114, 1.046848
717, 115, 1.999007
717, 116, 1.438784
717, 117, 2.385412
717, 118, 1.589390
717, 119, 1.334032
717, 120, 2.301379
717, 121, 3.700489
717, 122, 2.496496
717, 123, 0.346461
717, 124, 2.149925
717, 125, 4.280467
717, 126, 1.256205
717, 127, 0.838413
717, 128, 0.513854
717, 129, 0.068566
717, 130, 1.536904
717, 131, 1.765901
717, 132, 1.469588
717, 133, 0.158527
717, 134, 1.165754
717, 135, 0.744959
717, 136, -0.000010
717, 137, 1.568882
717, 138, 0.987940
717, 139, 0.937750
717, 140, 3.520887
717, 141, 2.345868
717, 142, 3.111322
717, 143, 1.962911
717, 144, 1.508965
717, 145, 1.077613
717, 146, 1.966183
717, 147, 3.905711
717, 148, 2.480981
717, 149, 3.530691
717, 150, 1.562608
717, 151, 1.924049
717, 152, 2.086525
717, 153, 0.000000
717, 154, 1.593774
717, 155, 2.281431
717, 156, -0.010000
717, 157, 3.007374
717, 158, 1.993107
717, 159, 1.077853
717, 160, 2.878173
717, 161, 2.095658
717, 162, 3.454965
717, 163, 2.512054
717, 164, 3.356872
717, 165, 2.992140
717, 166, 3.633906
717, 167, 1.409328
717, 168, 0.324529
717, 169, 1.780477
717, 170, 1.509260
717, 171, 2.790931
717, 172, 2.718446
717, 173, 2.641907
717, 174, 2.117752
717, 175, 1.471126
717, 176, 3.356692
717, 177, 2.467655
717, 178, 0.529260
717, 179, 3.052820
717, 180, 3.512154
717, 181, 0.837788
717, 182, 3.133410
717, 183, -0.040000
717, 184, 0.631502
717, 185, 1.880346
717, 186, 3.363981
717, 187, 0.000000
717, 188, 2.168857
717, 189, 2.932517
717, 190, 2.387929
717, 191, 0.717938
717, 192, 2.135510
717, 193, 2.742182
717, 194, 1.537421
717, 195, -0.281320
717, 196, 3.981464
717, 197, 2.393463
717, 198, 2.281641
717, 199, 1.457566
719, 0, 1.503664
719, 1, 1.547395
719, 2, 2.367168
719, 3, 1.150859
719, 4, -0.339888
719, 5, 1.980800
719, 6, -0.000013
719, 7, 1.283834
719, 8, 3.345971
719, 9, 1.717014
719, 10, 1.799210
719, 11, 2.271102
719, 12, 2.526947
719, 13, 0.000000
719, 14, 2.587306
719, 15, 2.372303
719, 16, 1.129258
719, 17, 3.226452
719, 18, 3.587324
719, 19, 2.599468
719, 20, 4.244228
719, 21, 0.436530
719, 22, 2.161510
719, 23, 1.270559
719, 24, 1.082723
719, 25, 2.046121
719, 26, 1.007388
719, 27, 0.812977
719, 28, 1.978028
719, 29, 1.895088
719, 30, 0.668950
719, 31, 2.567015
719, 32, 0.422124
719, 33, 2.774958
719, 34, 2.366420
719, 35, 2.596243
719, 36, 2.299915
719, 37, 1.426012
719, 38, 0.375477
719, 39, 1.568105
719, 40, 2.678929
719, 41, 1.730537
719, 42, 1.011686
719, 43, 1.442728
719, 44, 0.519650
719, 45, 1.432074
719, 46, 2.218362
719, 47, 1.415481
719, 48, 2.603069
719, 49, -0.160065
719, 50, 2.174345
719, 51, 0.485420
719, 52, 1.514256
719, 53, -0.000015
719, 54, 2.780694
719, 55, 3.169617
719, 56, 2.525849
719, 57, 2.959490
719, 58, 0.829374
719, 59, 1.691667
719, 60, 0.000000
719, 61, 1.402721
719, 62, 2.046885
719, 63, 1.722669
719, 64, 2.057648
719, 65, 3.475351
719, 66, 1.750670
719, 67, 2.511020
719, 68, 1.571999
719, 69, 2.719876
719, 70, 2.954580
719, 71, 2.593537
719, 72, 3.799309
719, 73, 3.222864
719, 74, 1.580833
719, 75, 1.934788
719, 76, 1.049166
719, 77, 1.420346
719, 78, 1.805377
719, 79, 2.797782
719, 80, 2.672754
719, 81, 1.710896
719, 82, -0.103300
719, 83, 1.231058
719, 84, 0.939994
719, 85, 3.020050
719, 86, 3.346803
719, 87, 2.334270
719, 88, 1.398646
719, 89, 0.544654
719, 90, 1.203632
719, 91, 1.270794
719, 92, 0.672629
719, 93, 2.659070
719, 94, 1.668128
719, 95, 0.932967
719, 96, 1.640044
719, 97, 4.306325
719, 98, 2.129482
719, 99, 1.159450
719, 100, 0.792004
719, 101, -0.031273
719, 102, 1.856339
719, 103, 0.000000
719, 104, 3.412608
719, 105, 2.832926
719, 106, 1.431670
719, 107, 1.934062
719, 108, 0.639675
719, 109, 0.395894
719, 110, 1.771988
719, 111, 0.807852
719, 112, 1.185186
719, 113, 3.555350
719, 114, 1.046848
719, 115, 1.999007
719, 116, 1.438784
719, 117, 2.385687
719, 118, 1.570368
719, 119, 1.334032
719, 120, 2.301380
719, 121, 3.663938
719, 122, 2.496653
719, 123, 0.346461
719, 124, 2.149926
719, 125, 4.280864
719, 126, 1.256308
719, 127, 0.838413
719, 128, 0.513854
719, 129, 0.068566
719, 130, 1.536904
719, 131, 1.765901
719, 132, 1.469588
719, 133, 0.158527
719, 134, 1.165754
719, 135, 0.744959
719, 136, -0.000010
719, 137, 1.568864
719, 138, 0.987940
719, 139, 0.937750
719, 140, 3.515512
719, 141, 2.345869
719, 142, 3.124635
719, 143, 1.952770
719, 144, 1.508965
719, 145, 1.077613
719, 146, 1.966183
719, 147, 3.902262
719, 148, 2.480981
719, 149, 3.530397
719, 150, 1.562608
719, 151, 1.926143
719, 152, 2.086525
719, 153, 0.000000
719, 154, 1.593774
719, 155, 2.281430
719, 156, -0.010000
719, 157, 3.007355
719, 158, 1.993107
719, 159, 1.077853
719, 160, 2.950418
719, 161, 2.095658
719, 162, 3.452250
719, 163, 2.510499
719, 164, 3.356871
719, 165, 2.991485
719, 166, 3.632640
719, 167, 1.409328
719, 168, 0.324529
719, 169, 1.780831
719, 170, 1.509260
719, 171, 2.797681
719, 172, 2.724025
719, 173, 2.641907
719, 174, 2.114826
719, 175, 1.471199
719, 176, 3.356692
719, 177, 2.483581
719, 178, 0.529260
719, 179, 3.054012
719, 180, 3.513819
719, 181, 0.837788
719, 182, 3.133410
719, 183, -0.040000
719, 184, 0.631502
719, 185, 1.880346
719, 186, 3.360346
719, 187, 0.000000
719, 188, 2.166235
719, 189, 2.974959
719, 190, 2.387929
719, 191, 0.717938
719, 192, 2.109289
719, 193, 2.743580
719, 194, 1.537421
719, 195, -0.281320
719, 196, 3.980959
719, 197, 2.393470
719, 198, 2.281633
719, 199, 1.457430
721, 0, 1.503664
721, 1, 1.547395
721, 2, 2.367527
721, 3, 1.150859
721, 4, -0.339888
721, 5, 1.980806
721, 6, -0.000013
721, 7, 1.283832
721, 8, 3.353007
721, 9, 1.717014
721, 10, 1.799209
721, 11, 2.271102
721, 12, 2.531656
721, 13, 0.000000
721, 14, 2.587270
721, 15, 2.409686
721, 16, 1.129258
721, 17, 3.222729
721, 18, 3.586855
721, 19, 2.599468
721, 20, 4.241786
721, 21, 0.436530
721, 22, 2.161510
721, 23, 1.270559
721, 24, 1.091711
721, 25, 2.046121
721, 26, 1.007388
721, 27, 0.812977
721, 28, 1.972621
721, 29, 1.899076
721, 30, 0.668950
721, 31, 2.570864
721, 32, 0.422124
721, 33, 2.709873
721, 34, 2.356025
721, 35, 2.596202
721, 36, 2.296334
721, 37, 1.540536
721, 38, 0.375477
721, 39, 1.568105
721, 40, 2.678899
721, 41, 1.730570
721, 42, 1.011686
721, 43, 1.442728
721, 44, 0.519650
721, 45, 1.435627
721, 46, 2.263814
721, 47, 1.415481
721, 48, 2.599913
721, 49, -0.160065
721, 50, 2.174345
721, 51, 0.485420
721, 52, 1.514256
721, 53, -0.000015
721, 54, 2.731476
721, 55, 3.169945
721, 56, 2.523080
721, 57, 2.959507
721, 58, 0.829374
721, 59, 1.691667
721, 60, 0.000000
721, 61, 1.402721
721, 62, 2.046886
721, 63, 1.722669
721, 64, 2.057648
721, 65, 3.487008
721, 66, 1.750670
721, 67, 2.511020
721, 68, 1.571999
721, 69, 2.719888
721, 70, 2.953133
721, 71, 2.590565
721, 72, 3.797711
721, 73, 3.222466
721, 74, 1.580833
721, 75, 1.934788
721, 76, 1.049166
721, 77, 1.420346
721, 78, 1.805377
721, 79, 2.797782
721, 80, 2.673229
721, 81, 1.710896
721, 82, -0.101999
721, 83, 1.231168
721, 84, 0.939994
721, 85, 3.020050
721, 86, 3.313835
721, 87, 2.334270
721, 88, 1.398646
721, 89, 0.544654
721, 90, 1.203633
721, 91, 1.298883
721, 92, 0.672629
721, 93, 2.665272
721, 94, 1.672862
721, 95, 0.934801
721, 96, 1.638164
721, 97, 4.296976
721, 98, 2.148852
721, 99, 1.159450
721, 100, 0.792004
721, 101, -0.031273
721, 102, 1.856339
721, 103, 0.000000
721, 104, 3.412627
721, 105, 2.836608
721, 106, 1.431670
721, 107, 1.929126
721, 108, 0.639675
721, 109, 0.389037
721, 110, 1.771988
721, 111, 0.808344
721, 112, 1.185186
721, 113, 3.554572
721, 114, 1.046848
721, 115, 1.999007
721, 116, 1.438784
721, 117, 2.385791
721, 118, 1.559975
721, 119, 1.334032
721, 120, 2.301380
721, 121, 3.683531
721, 122, 2.496182
721, 123, 0.346461
721, 124, 2.149925
721, 125, 4.287875
721, 126, 1.256408
721, 127, 0.838413
721, 128, 0.513854
721, 129, 0.068566
721, 130, 1.536905
721, 131, 1.765901
721, 132, 1.469587
721, 133, 0.158527
721, 134, 1.165754
721, 135, 0.744959
721, 136, -0.000010
721, 137, 1.568852
721, 138, 0.987940
721, 139, 0.937750
721, 140, 3.515043
721, 141, 2.345869
721, 142, 3.123397
721, 143, 1.955508
721, 144, 1.508965
721, 145, 1.077613
721, 146, 1.966183
721, 147, 3.909438
721, 148, 2.480981
721, 149, 3.530655
721, 150, 1.562608
721, 151, 1.931206
721, 152, 2.086525
721, 153, 0.000000
721, 154, 1.593774
721, 155, 2.281430
721, 156, -0.010000
721, 157, 3.007339
721, 158, 1.993107
721, 159, 1.077853
721, 160, 2.919922
721, 161, 2.095658
721, 162, 3.454385
721, 163, 2.510499
721, 164, 3.356872
721, 165, 2.992859
721, 166, 3.611464
721, 167, 1.409328
721, 168, 0.324529
721, 169, 1.781311
721, 170, 1.509260
721, 171, 2.819451
721, 172, 2.714434
721, 173, 2.641999
721, 174, 2.136064
721, 175, 1.471041
721, 176, 3.356692
721, 177, 2.512839
721, 178, 0.529260
721, 179, 3.050144
721, 180, 3.514161
721, 181, 0.837788
721, 182, 3.133410
721, 183, -0.040000
721, 184, 0.631502
721, 185, 1.880345
721, 186, 3.385923
721, 187, 0.000000
721, 188, 2.163403
721, 189, 3.000218
721, 190, 2.387929
721, 191, 0.717938
721, 192, 2.104352
721, 193, 2.737154
721, 194, 1.537421
721, 195, -0.281317
721, 196, 3.982944
721, 197, 2.393470
721, 198, 2.281623
721, 199, 1.457289
723, 0, 1.503664
723, 1, 1.547395
723, 2, 2.346358
723, 3, 1.150859
723, 4, -0.339888
723, 5, 1.980368
723, 6, -0.000013
723, 7, 1.283834
723, 8, 3.363039
723, 9, 1.717014
723, 10, 1.799210
723, 11, 2.271102
723, 12, 2.545286
723, 13, 0.000000
723, 14, 2.587276
723, 15, 2.389324
723, 16, 1.129258
723, 17, 3.211544
723, 18, 3.588334
723, 19, 2.589026
723, 20, 4.281118
723, 21, 0.436530
723, 22, 2.161510
723, 23, 1.270559
723, 24, 1.091987
723, 25, 2.046121
723, 26, 1.007388
723, 27, 0.812977
723, 28, 1.973895
723, 29, 1.901441
723, 30, 0.668950
723, 31, 2.581653
723, 32, 0.422124
723, 33, 2.777219
723, 34, 2.367706
723, 35, 2.596200
723, 36, 2.294379
723, 37, 1.635648
723, 38, 0.375477
723, 39, 1.568105
723, 40, 2.678852
723, 41, 1.730599
723, 42, 1.011686
723, 43, 1.442728
723, 44, 0.519650
723, 45, 1.437740
723, 46, 2.294729
723, 47, 1.415481
723, 48, 2.603504
723, 49, -0.160065
723, 50, 2.174345
723, 51, 0.485420
723, 52, 1.514256
723, 53, -0.000015
723, 54, 2.745375
723, 55, 3.168526
723, 56, 2.526762
723, 57, 2.959537
723, 58, 0.829374
723, 59, 1.691667
723, 60, 0.000000
723, 61, 1.402721
723, 62, 2.046886
723, 63, 1.722669
723, 64, 2.057648
723, 65, 3.456620
723, 66, 1.750670
723, 67, 2.511020
723, 68, 1.571999
723, 69, 2.719902
723, 70, 2.954309
723, 71, 2.582977
723, 72, 3.797092
723, 73, 3.225080
723, 74, 1.580833
723, 75, 1.934788
723, 76, 1.049166
723, 77, 1.420346
723, 78, 1.805377
723, 79, 2.797783
723, 80, 2.672307
723, 81, 1.710896
723, 82, -0.103324
723, 83, 1.231499
723, 84, 0.939994
723, 85, 3.020049
723, 86, 3.326077
723, 87, 2.334270
723, 88, 1.398646
723, 89, 0.544654
723, 90, 1.203636
723, 91, 1.291393
723, 92, 0.672629
723, 93, 2.644011
723, 94, 1.671234
723, 95, 0.941015
723, 96, 1.633354
723, 97, 4.307425
723, 98, 2.156340
723, 99, 1.159450
723, 100, 0.792004
723, 101, -0.031273
723, 102, 1.856339
723, 103, 0.000000
723, 104, 3.415595
723, 105, 2.835663
723, 106, 1.431670
723, 107, 1.915555
723, 108, 0.639675
723, 109, 0.381953
723, 110, 1.771988
723, 111, 0.808859
723, 112, 1.185186
723, 113, 3.549194
723, 114, 1.046848
723, 115, 1.999007
723, 116, 1.438784
723, 117, 2.385831
723, 118, 1.573101
723, 119, 1.334032
723, 120, 2.301379
723, 121, 3.630129
723, 122, 2.495688
723, 123, 0.346461
723, 124, 2.149925
723, 125, 4.277693
723, 126, 1.256529
723, 127, 0.838413
723, 128, 0.513854
723, 129, 0.068566
723, 130, 1.536904
723, 131, 1.765901
723, 132, 1.469587
723, 133, 0.158527
723, 134, 1.165754
723, 135, 0.744959
723, 136, -0.000010
723, 137, 1.568846
723, 138, 0.987940
723, 139, 0.937750
723, 140, 3.508478
723, 141, 2.345871
723, 142, 3.120985
723, 143, 1.962516
723, 144, 1.508965
723, 145, 1.077613
723, 146, 1.966183
723, 147, 3.907511
723, 148, 2.480981
723, 149, 3.531014
723, 150, 1.562608
723, 151, 1.931882
723, 152, 2.086526
723, 153, 0.000000
723, 154, 1.593774
723, 155, 2.281430
723, 156, -0.010000
723, 157, 3.007295
723, 158, 1.993107
723, 159, 1.077853
723, 160, 2.879436
723, 161, 2.095658
723, 162, 3.450312
723, 163, 2.510499
723, 164, 3.356871
723, 165, 2.992497
723, 166, 3.619541
723, 167, 1.409328
723, 168, 0.324529
723, 169, 1.780872
723, 170, 1.509260
723, 171, 2.792431
723, 172, 2.705368
723, 173, 2.642009
723, 174, 2.167713
723, 175, 1.466686
723, 176, 3.359014
723, 177, 2.491998
723, 178, 0.529260
723, 179, 3.043463
723, 180, 3.492396
723, 181, 0.837788
723, 182, 3.133410
723, 183, -0.040000
723, 184, 0.631502
723, 185, 1.880345
723, 186, 3.380365
723, 187, 0.000000
723, 188, 2.174300
723, 189, 2.942650
723, 190, 2.387929
723, 191, 0.717938
723, 192, 2.124771
723, 193, 2.740523
723, 194, 1.537421
723, 195, -0.281318
723, 196, 3.983237
723, 197, 2.395166
723, 198, 2.281613
723, 199, 1.457176
725, 0, 1.503664
725, 1, 1.547395
725, 2, 2.376747
725, 3, 1.150859
725, 4, -0.339888
725, 5, 1.980548
725, 6, -0.000013
725, 7, 1.283834
725, 8, 3.373678
725, 9, 1.717014
725, 10, 1.799210
725, 11, 2.271102
725, 12, 2.557219
725, 13, 0.000000
725, 14, 2.587276
725, 15, 2.401191
725, 16, 1.129258
725, 17, 3.227883
725, 18, 3.583790
725, 19, 2.589026
725, 20, 4.222713
725, 21, 0.436530
725, 22, 2.161510
725, 23, 1.270559
725, 24, 1.086905
725, 25, 2.046121
725, 26, 1.007388
725, 27, 0.812977
725, 28, 1.977463
725, 29, 1.900418
725, 30, 0.668950
725, 31, 2.592291
725, 32, 0.422124
725, 33, 2.773260
725, 34, 2.381565
725, 35, 2.596185
725, 36, 2.297754
725, 37, 1.703680
725, 38, 0.375477
725, 39, 1.568105
725, 40, 2.680671
725, 41, 1.730638
725, 42, 1.011686
725, 43, 1.442728
725, 44, 0.519650
725, 45, 1.436827
725, 46, 2.282830
725, 47, 1.415481
725, 48, 2.603119
725, 49, -0.160065
725, 50, 2.174345
725, 51, 0.485420
725, 52, 1.514256
725, 53, -0.000015
725, 54, 2.712357
725, 55, 3.169912
725, 56, 2.528339
725, 57, 2.959557
725, 58, 0.829374
725, 59, 1.691667
725, 60, 0.000000
725, 61, 1.402721
725, 62, 2.046886
725, 63, 1.722669
725, 64, 2.057648
725, 65, 3.458160
725, 66, 1.750670
725, 67, 2.511020
725, 68, 1.571999
725, 69, 2.719902
725, 70, 2.954047
725, 71, 2.583008
725, 72, 3.799097
725, 73, 3.227599
725, 74, 1.580833
725, 75, 1.934788
725, 76, 1.049166
725, 77, 1.420346
725, 78, 1.805377
725, 79, 2.797782
725, 80, 2.672209
725, 81, 1.710896
725, 82, -0.102703
725, 83, 1.231876
725, 84, 0.939994
725, 85, 3.020050
725, 86, 3.328835
725, 87, 2.334270
725, 88, 1.398646
725, 89, 0.544654
725, 90, 1.203636
725, 91, 1.286786
725, 92, 0.672629
725, 93, 2.654620
725, 94, 1.668872
725, 95, 0.946058
725, 96, 1.641030
725, 97, 4.267571
725, 98, 2.159353
725, 99, 1.159450
725, 100, 0.792004
725, 101, -0.031273
725, 102, 1.856339
725, 103, 0.000000
725, 104, 3.415019
725, 105, 2.835085
725, 106, 1.431670
725, 107, 1.930764
725, 108, 0.639675
725, 109, 0.383312
725, 110, 1.771988
725, 111, 0.808284
725, 112, 1.185186
725, 113, 3.547018
725, 114, 1.046848
725, 115, 1.999007
725, 116, 1.438784
725, 117, 2.385656
725, 118, 1.565407
725, 119, 1.334032
725, 120, 2.301379
725, 121, 3.671477
725, 122, 2.495783
725, 123, 0.346461
725, 124, 2.149925
725, 125, 4.289068
725, 126, 1.256629
725, 127, 0.838413
725, 128, 0.513854
725, 129, 0.068566
725, 130, 1.536904
725, 131, 1.765901
725, 132, 1.469587
725, 133, 0.158527
725, 134, 1.165754
725, 135, 0.744959
725, 136, -0.000010
725, 137, 1.568833
725, 138, 0.987940
725, 139, 0.937750
725, 140, 3.504851
725, 141, 2.345871
725, 142, 3.126440
725, 143, 1.969296
725, 144, 1.508965
725, 145, 1.077613
725, 146, 1.966183
725, 147, 3.903828
725, 148, 2.480981
725, 149, 3.530519
725, 150, 1.562608
725, 151, 1.928163
725, 152, 2.086525
725, 153, 0.000000
725, 154, 1.593774
725, 155, 2.281431
725, 156, -0.010000
725, 157, 3.007360
725, 158, 1.993107
725, 159, 1.077853
725, 160, 2.950780
725, 161, 2.095658
725, 162, 3.455237
725, 163, 2.510499
725, 164, 3.358124
725, 165, 2.992375
725, 166, 3.627524
725, 167, 1.409328
725, 168, 0.324529
725, 169, 1.780686
725, 170, 1.509260
725, 171, 2.798555
725, 172, 2.700247
725, 173, 2.636952
725, 174, 2.120971
725, 175, 1.464996
725, 176, 3.356692
725, 177, 2.509477
725, 178, 0.529260
725, 179, 3.044785
725, 180, 3.489696
725, 181, 0.837788
725, 182, 3.133410
725, 183, -0.040000
725, 184, 0.631502
725, 185, 1.880346
725, 186, 3.377052
725, 187, 0.000000
725, 188, 2.166990
725, 189, 2.907351
725, 190, 2.387929
725, 191, 0.717938
725, 192, 2.114240
725, 193, 2.740203
725, 194, 1.537421
725, 195, -0.281319
725, 196, 3.982213
725, 197, 2.393162
725, 198, 2.281605
725, 199, 1.457161
727, 0, 1.503664
727, 1, 1.547396
727, 2, 2.379268
727, 3, 1.150860
727, 4, -0.339888
727, 5, 1.980821
727, 6, -0.000013
727, 7, 1.283834
727, 8, 3.382731
727, 9, 1.717014
727, 10, 1.799210
727, 11, 2.271102
727, 12, 2.557746
727, 13, 0.000000
727, 14, 2.585290
727, 15, 2.442029
727, 16, 1.129258
727, 17, 3.226346
727, 18, 3.587373
727, 19, 2.589026
727, 20, 4.284711
727, 21, 0.436530
727, 22, 2.161510
727, 23, 1.270559
727, 24, 1.072398
727, 25, 2.046121
727, 26, 1.007388
727, 27, 0.812977
727, 28, 1.979688
727, 29, 1.902699
727, 30, 0.668950
727, 31, 2.592459
727, 32, 0.422124
727, 33, 2.720571
727, 34, 2.389819
727, 35, 2.594770
727, 36, 2.301664
727, 37, 1.749462
727, 38, 0.375477
727, 39, 1.568105
727, 40, 2.684659
727, 41, 1.730614
727, 42, 1.011686
727, 43, 1.442728
727, 44, 0.519650
727, 45, 1.438875
727, 46, 2.258321
727, 47, 1.415481
727, 48, 2.599653
727, 49, -0.160065
727, 50, 2.174345
727, 51, 0.485420
727, 52, 1.514256
727, 53, -0.000015
727, 54, 2.735570
727, 55, 3.170569
727, 56, 2.533468
727, 57, 2.958637
727, 58, 0.829374
727, 59, 1.691667
727, 60, 0.000000
727, 61, 1.402721
727, 62, 2.046885
727, 63, 1.722669
727, 64, 2.057648
727, 65, 3.445710
727, 66, 1.750670
727, 67, 2.511020
727, 68, 1.571999
727, 69, 2.719918
727, 70, 2.955135
727, 71, 2.583020
727, 72, 3.799065
727, 73, 3.227263
727, 74, 1.580833
727, 75, 1.934788
727, 76, 1.049166
727, 77, 1.420346
727, 78, 1.805377
727, 79, 2.797782
727, 80, 2.672169
727, 81, 1.710896
727, 82, -0.103993
727, 83, 1.232128
727, 84, 0.939994
727, 85, 3.020049
727, 86, 3.257608
727, 87, 2.334270
727, 88, 1.398646
727, 89, 0.544654
727, 90, 1.203638
727, 91, 1.356380
727, 92, 0.672629
727, 93, 2.663158
727, 94, 1.671997
727, 95, 0.938988
727, 96, 1.639183
727, 97, 4.306775
727, 98, 2.118671
727, 99, 1.159450
727, 100, 0.792004
727, 101, -0.031273
727, 102, 1.856339
727, 103, 0.000000
727, 104, 3.434720
727, 105, 2.843744
727, 106, 1.431670
727, 107, 1.908013
727, 108, 0.639675
727, 109, 0.360773
727, 110, 1.771988
727, 111, 0.807577
727, 112, 1.185186
727, 113, 3.554645
727, 114, 1.046848
727, 115, 1.999007
727, 116, 1.438784
727, 117, 2.385839
727, 118, 1.552809
727, 119, 1.334032
727, 120, 2.301379
727, 121, 3.704592
727, 122, 2.494166
727, 123, 0.346461
727, 124, 2.149925
727, 125, 4.284616
727, 126, 1.258342
727, 127, 0.838413
727, 128, 0.513854
727, 129, 0.068566
727, 130, 1.536904
727, 131, 1.765901
727, 132, 1.469588
727, 133, 0.158527
727, 134, 1.165754
727, 135, 0.744959
727, 136, -0.000010
727, 137, 1.569615
727, 138, 0.987940
727, 139, 0.937750
727, 140, 3.507292
727, 141, 2.345871
727, 142, 3.114700
727, 143, 1.962762
727, 144, 1.508965
727, 145, 1.077613
727, 146, 1.966183
727, 147, 3.897330
727, 148, 2.480981
727, 149, 3.530617
727, 150, 1.562608
727, 151, 1.930684
727, 152, 2.086525
727, 153, 0.000000
727, 154, 1.593774
727, 155, 2.281431
727, 156, -0.010000
727, 157, 3.007346
727, 158, 1.993107
727, 159, 1.077853
727, 160, 2.908283
727, 161, 2.100056
727, 162, 3.457427
727, 163, 2.510499
727, 164, 3.356795
727, 165, 2.994990
727, 166, 3.632094
727, 167, 1.409328
727, 168, 0.324529
727, 169, 1.780478
727, 170, 1.509260
727, 171, 2.824258
727, 172, 2.708136
727, 173, 2.629189
727, 174, 2.109335
727, 175, 1.465503
727, 176, 3.356692
727, 177, 2.474301
727, 178, 0.529260
727, 179, 3.044834
727, 180, 3.518101
727, 181, 0.837788
727, 182, 3.133410
727, 183, -0.040000
727, 184, 0.631502
727, 185, 1.880346
727, 186, 3.371705
727, 187, 0.000000
727, 188, 2.157691
727, 189, 2.933270
727, 190, 2.387929
727, 191, 0.717938
727, 192, 2.098448
727, 193, 2.743670
727, 194, 1.537421
727, 195, -0.281319
727, 196, 3.979578
727, 197, 2.393165
727, 198, 2.281658
727, 199, 1.457126
729, 0, 1.503664
729, 1, 1.547395
729, 2, 2.383884
729, 3, 1.150860
729, 4, -0.339888
729, 5, 1.977041
729, 6, -0.000013
729, 7, 1.283832
729, 8, 3.374138
729, 9, 1.722103
729, 10, 1.799210
729, 11, 2.271102
729, 12, 2.554886
729, 13, 0.000000
729, 14, 2.586565
729, 15, 2.446642
729, 16, 1.129258
729, 17, 3.228568
729, 18, 3.555315
729, 19, 2.589026
729, 20, 4.278874
729, 21, 0.436530
729, 22, 2.161510
729, 23, 1.270559
729, 24, 1.058010
729, 25, 2.046121
729, 26, 1.007388
729, 27, 0.812977
729, 28, 1.981076
729, 29, 1.901163
729, 30, 0.668950
729, 31, 2.589513
729, 32, 0.422124
729, 33, 2.708905
729, 34, 2.282719
729, 35, 2.595653
729, 36, 2.301860
729, 37, 1.468208
729, 38, 0.375477
729, 39, 1.568105
729, 40, 2.687157
729, 41, 1.730555
729, 42, 1.011686
729, 43, 1.442728
729, 44, 0.519650
729, 45, 1.437495
729, 46, 2.250899
729, 47, 1.415481
729, 48, 2.597696
729, 49, -0.160065
729, 50, 2.174345
729, 51, 0.485420
729, 52, 1.514256
729, 53, -0.000015
729, 54, 2.747548
729, 55, 3.168656
729, 56, 2.526346
729, 57, 2.959606
729, 58, 0.829374
729, 59, 1.691667
729, 60, 0.000000
729, 61, 1.402721
729, 62, 2.046885
729, 63, 1.722669
729, 64, 2.057648
729, 65, 3.466113
729, 66, 1.750670
729, 67, 2.511020
729, 68, 1.571999
729, 69, 2.719925
729, 70, 2.941530
729, 71, 2.585503
729, 72, 3.798410
729, 73, 3.225783
729, 74, 1.580833
729, 75, 1.934788
729, 76, 1.049166
729, 77, 1.420346
729, 78, 1.805377
729, 79, 2.797782
729, 80, 2.670264
729, 81, 1.710896
729, 82, -0.111021
729, 83, 1.232357
729, 84, 0.939994
729, 85, 3.020049
729, 86, 3.296874
729, 87, 2.334270
729, 88, 1.398646
729, 89, 0.544654
729, 90, 1.203637
729, 91, 1.342100
729, 92, 0.672629
729, 93, 2.654022
729, 94, 1.669927
729, 95, 0.948282
729, 96, 1.640603
729, 97, 4.294475
729, 98, 2.128192
729, 99, 1.159450
729, 100, 0.792004
729, 101, -0.031273
729, 102, 1.856339
729, 103, 0.000000
729, 104, 3.419264
729, 105, 2.842076
729, 106, 1.431670
729, 107, 1.912727
729, 108, 0.639675
729, 109, 0.368233
729, 110, 1.771988
729, 111, 0.806988
729, 112, 1.185186
729, 113, 3.555125
729, 114, 1.046848
729, 115, 1.999007
729, 116, 1.438784
729, 117, 2.385839
729, 118, 1.560016
729, 119, 1.334032
729, 120, 2.301379
729, 121, 3.652406
729, 122, 2.494709
729, 123, 0.346461
729, 124, 2.149926
729, 125, 4.282454
729, 126, 1.258583
729, 127, 0.838413
729, 128, 0.513854
729, 129, 0.068566
729, 130, 1.536905
729, 131, 1.765901
729, 132, 1.469588
729, 133, 0.158527
729, 134, 1.165754
729, 135, 0.744959
729, 136, -0.000010
729, 137, 1.569676
729, 138, 0.987940
729, 139, 0.937750
729, 140, 3.494029
729, 141, 2.345870
729, 142, 3.104433
729, 143, 1.966569
729, 144, 1.508965
729, 145, 1.077613
729, 146, 1.966183
729, 147, 3.900968
729, 148, 2.480981
729, 149, 3.530442
729, 150, 1.562608
729, 151, 1.932792
729, 152, 2.086525
729, 153, 0.000000
729, 154, 1.593774
729, 155, 2.281430
729, 156, -0.010000
729, 157, 3.007357
729, 158, 1.993107
729, 159, 1.077853
729, 160, 2.950316
729, 161, 2.100056
729, 162, 3.460120
729, 163, 2.512748
729, 164, 3.356865
729, 165, 2.994606
729, 166, 3.627125
729, 167, 1.409328
729, 168, 0.324529
729, 169, 1.780345
729, 170, 1.509260
729, 171, 2.814833
729, 172, 2.695619
729, 173, 2.627169
729, 174, 2.126935
729, 175, 1.465886
729, 176, 3.368470
729, 177, 2.493294
729, 178, 0.529260
729, 179, 3.049697
729, 180, 3.509540
729, 181, 0.837788
729, 182, 3.133410
729, 183, -0.040000
729, 184, 0.631502
729, 185, 1.880345
729, 186, 3.382315
729, 187, 0.000000
729, 188, 2.147742
729, 189, 2.851112
729, 190, 2.387929
729, 191, 0.717938
729, 192, 2.112757
729, 193, 2.741812
729, 194, 1.537419
729, 195, -0.281320
729, 196, 3.982388
729, 197, 2.402283
729, 198, 2.281663
729, 199, 1.457067
731, 0, 1.503664
731, 1, 1.547395
731, 2, 2.400491
731, 3, 1.150857
731, 4, -0.339888
731, 5, 1.973982
731, 6, -0.000013
731, 7, 1.283829
731, 8, 3.382020
731, 9, 1.717014
731, 10, 1.799209
731, 11, 2.271102
731, 12, 2.561683
731, 13, 0.000000
731, 14, 2.586976
731, 15, 2.440536
731, 16, 1.129258
731, 17, 3.230349
731, 18, 3.582894
731, 19, 2.607952
731, 20, 4.262714
731, 21, 0.436530
731, 22, 2.161510
731, 23, 1.270559
731, 24, 1.046369
731, 25, 2.046121
731, 26, 1.007388
731, 27, 0.812977
731, 28, 1.979885
731, 29, 1.904312
731, 30, 0.668950
731, 31, 2.595493
731, 32, 0.422124
731, 33, 2.728866
731, 34, 2.358183
731, 35, 2.595928
731, 36, 2.299808
731, 37, 1.574259
731, 38, 0.375477
731, 39, 1.568105
731, 40, 2.687157
731, 41, 1.730573
731, 42, 1.011686
731, 43, 1.442728
731, 44, 0.519650
731, 45, 1.440334
731, 46, 2.268510
731, 47, 1.415481
731, 48, 2.595496
731, 49, -0.160065
731, 50, 2.174345
731, 51, 0.485420
731, 52, 1.514256
731, 53, -0.000015
731, 54, 2.765713
731, 55, 3.158144
731, 56, 2.525815
731, 57, 2.959692
731, 58, 0.829374
731, 59, 1.691667
731, 60, 0.000000
731, 61, 1.402721
731, 62, 2.046885
731, 63, 1.722669
731, 64, 2.057648
731, 65, 3.461345
731, 66, 1.750670
731, 67, 2.511020
731, 68, 1.571999
731, 69, 2.719925
731, 70, 2.954091
731, 71, 2.583021
731, 72, 3.799172
731, 73, 3.227099
731, 74, 1.580833
731, 75, 1.934788
731, 76, 1.049166
731, 77, 1.420346
731, 78, 1.805377
731, 79, 2.797782
731, 80, 2.669646
731, 81, 1.710896
731, 82, -0.112881
731, 83, 1.232557
731, 84, 0.939994
731, 85, 3.020049
731, 86, 3.283417
731, 87, 2.334270
731, 88, 1.398646
731, 89, 0.544654
731, 90, 1.203632
731, 91, 1.341749
731, 92, 0.672629
731, 93, 2.679524
731, 94, 1.665626
731, 95, 0.929610
731, 96, 1.645625
731, 97, 4.285518
731, 98, 2.134208
731, 99, 1.159450
731, 100, 0.792004
731, 101, -0.031273
731, 102, 1.856339
731, 103, 0.000000
731, 104, 3.434910
731, 105, 2.842064
731, 106, 1.431670
731, 107, 1.916698
731, 108, 0.639675
731, 109, 0.339800
731, 110, 1.771988
731, 111, 0.806302
731, 112, 1.185186
731, 113, 3.531037
731, 114, 1.046848
731, 115, 1.999007
731, 116, 1.438784
731, 117, 2.385839
731, 118, 1.582901
731, 119, 1.334032
731, 120, 2.301379
731, 121, 3.674039
731, 122, 2.492596
731, 123, 0.346461
731, 124, 2.149925
731, 125, 4.287622
731, 126, 1.258021
731, 127, 0.838413
731, 128, 0.513854
731, 129, 0.068566
731, 130, 1.536905
731, 131, 1.765901
731, 132, 1.469587
731, 133, 0.158527
731, 134, 1.165754
731, 135, 0.744959
731, 136, -0.000010
731, 137, 1.569341
731, 138, 0.987940
731, 139, 0.937750
731, 140, 3.503742
731, 141, 2.345867
731, 142, 3.119959
731, 143, 1.977901
731, 144, 1.508965
731, 145, 1.077613
731, 146, 1.966183
731, 147, 3.906202
731, 148, 2.480981
731, 149, 3.530417
731, 150, 1.562608
731, 151, 1.932427
731, 152, 2.086525
731, 153, 0.000000
731, 154, 1.593774
731, 155, 2.281430
731, 156, -0.010000
731, 157, 3.007386
731, 158, 1.993107
731, 159, 1.077853
731, 160, 2.937906
731, 161, 2.096572
731, 162, 3.460913
731, 163, 2.512748
731, 164, 3.356870
731, 165, 2.995692
731, 166, 3.628625
731, 167, 1.409328
731, 168, 0.324529
731, 169, 1.780357
731, 170, 1.509260
731, 171, 2.783649
731, 172, 2.699853
731, 173, 2.623170
731, 174, 2.109358
731, 175, 1.466513
731, 176, 3.365377
731, 177, 2.502029
731, 178, 0.529260
731, 179, 3.049902
731, 180, 3.471403
731, 181, 0.837788
731, 182, 3.133410
731, 183, -0.040000
731, 184, 0.631502
731, 185, 1.880346
731, 186, 3.376120
731, 187, 0.000000
731, 188, 2.026868
731, 189, 2.892397
731, 190, 2.387929
731, 191, 0.717938
731, 192, 2.088134
731, 193, 2.741961
731, 194, 1.537415
731, 195, -0.281317
731, 196, 3.983224
731, 197, 2.395470
731, 198, 2.281622
731, 199, 1.457046
733, 0, 1.503664
733, 1, 1.547395
733, 2, 2.352869
733, 3, 1.150858
733, 4, -0.339888
733, 5, 1.972468
733, 6, -0.000013
733, 7, 1.283831
733, 8, 3.388736
733, 9, 1.717014
733, 10, 1.799210
733, 11, 2.271102
733, 12, 2.559115
733, 13, 0.000000
733, 14, 2.587098
733, 15, 2.453164
733, 16, 1.129258
733, 17, 3.205376
733, 18, 3.588219
733, 19, 2.603194
733, 20, 4.296318
733, 21, 0.436530
733, 22, 2.161510
733, 23, 1.270559
733, 24, 1.061669
733, 25, 2.046121
733, 26, 1.007388
733, 27, 0.812977
733, 28, 1.980020
733, 29, 1.902543
733, 30, 0.668950
733, 31, 2.592844
733, 32, 0.422124
733, 33, 2.719872
733, 34, 2.354486
733, 35, 2.596001
733, 36, 2.298718
733, 37, 1.555763
733, 38, 0.375477
733, 39, 1.568105
733, 40, 2.687157
733, 41, 1.730653
733, 42, 1.011686
733, 43, 1.442728
733, 44, 0.519650
733, 45, 1.438742
733, 46, 2.253716
733, 47, 1.415481
733, 48, 2.596292
733, 49, -0.160065
733, 50, 2.174345
733, 51, 0.485420
733, 52, 1.514256
733, 53, -0.000015
733, 54, 2.758383
733, 55, 3.168589
733, 56, 2.531624
733, 57, 2.959768
733, 58, 0.829374
733, 59, 1.691667
733, 60, 0.000000
733, 61, 1.402721
733, 62, 2.046885
733, 63, 1.722669
733, 64, 2.057648
733, 65, 3.484656
733, 66, 1.750670
733, 67, 2.511020
733, 68, 1.571999
733, 69, 2.719925
733, 70, 2.951920
733, 71, 2.585563
733, 72, 3.798872
733, 73, 3.226048
733, 74, 1.580833
733, 75, 1.934788
733, 76, 1.049166
733, 77, 1.420346
733, 78, 1.805377
733, 79, 2.797783
733, 80, 2.669501
733, 81, 1.710896
733, 82, -0.113247
733, 83, 1.232714
733, 84, 0.939994
733, 85, 3.020050
733, 86, 3.297005
733, 87, 2.334270
733, 88, 1.398646
733, 89, 0.544654
733, 90, 1.203631
733, 91, 1.329642
733, 92, 0.672629
733, 93, 2.686986
733, 94, 1.659021
733, 95, 0.896066
733, 96, 1.646119
733, 97, 4.306962
733, 98, 2.137726
733, 99, 1.159450
733, 100, 0.792004
733, 101, -0.031273
733, 102, 1.856339
733, 103, 0.000000
733, 104, 3.424708
733, 105, 2.840624
733, 106, 1.431670
733, 107, 1.933453
733, 108, 0.639675
733, 109, 0.337519
733, 110, 1.771988
733, 111, 0.805449
733, 112, 1.185186
733, 113, 3.554503
733, 114, 1.046848
733, 115, 1.999007
733, 116, 1.438784
733, 117, 2.385839
733, 118, 1.592250
733, 119, 1.334032
733, 120, 2.301379
733, 121, 3.652875
733, 122, 2.492421
733, 123, 0.346461
733, 124, 2.149925
733, 125, 4.283453
733, 126, 1.257648
733, 127, 0.838413
733, 128, 0.513854
733, 129, 0.068566
733, 130, 1.536904
733, 131, 1.765901
733, 132, 1.469587
733, 133, 0.158527
733, 134, 1.165754
733, 135, 0.744959
733, 136, -0.000010
733, 137, 1.569100
733, 138, 0.987940
733, 139, 0.937750
733, 140, 3.506788
733, 141, 2.345866
733, 142, 3.126760
733, 143, 1.982837
733, 144, 1.508965
733, 145, 1.077613
733, 146, 1.966183
733, 147, 3.899849
733, 148, 2.480981
733, 149, 3.530879
733, 150, 1.562608
733, 151, 1.930066
733, 152, 2.086526
733, 153, 0.000000
733, 154, 1.593774
733, 155, 2.281430
733, 156, -0.010000
733, 157, 3.010695
733, 158, 1.993107
733, 159, 1.077853
733, 160, 2.884396
733, 161, 2.096572
733, 162, 3.450280
733, 163, 2.511911
733, 164, 3.356872
733, 165, 2.995099
733, 166, 3.630866
733, 167, 1.409328
733, 168, 0.324529
733, 169, 1.780022
733, 170, 1.509260
733, 171, 2.809619
733, 172, 2.707317
733, 173, 2.618480
733, 174, 2.088012
733, 175, 1.467149
733, 176, 3.362665
733, 177, 2.473714
733, 178, 0.529260
733, 179, 3.051358
733, 180, 3.515142
733, 181, 0.837788
733, 182, 3.133410
733, 183, -0.040000
733, 184, 0.631502
733, 185, 1.880346
733, 186, 3.362082
733, 187, 0.000000
733, 188, 2.093234
733, 189, 2.908360
733, 190, 2.387929
733, 191, 0.717938
733, 192, 2.120890
733, 193, 2.742431
733, 194, 1.537416
733, 195, -0.281318
733, 196, 3.981372
733, 197, 2.396184
733, 198, 2.281579
733, 199, 1.457016
735, 0, 1.503664
735, 1, 1.547395
735, 2, 2.318310
735, 3, 1.150858
735, 4, -0.339888
735, 5, 1.971857
735, 6, -0.000013
735, 7, 1.283832
735, 8, 3.354087
735, 9, 1.717014
735, 10, 1.799210
735, 11, 2.271102
735, 12, 2.554103
735, 13, 0.000000
735, 14, 2.587121
735, 15, 2.476445
735, 16, 1.129258
735, 17, 3.229765
735, 18, 3.588898
735, 19, 2.590765
735, 20, 4.293445
735, 21, 0.436530
735, 22, 2.161510
735, 23, 1.270559
735, 24, 1.084362
735, 25, 2.046121
735, 26, 1.007388
735, 27, 0.812977
735, 28, 1.981284
735, 29, 1.902017
735, 30, 0.668950
735, 31, 2.587955
735, 32, 0.422124
735, 33, 2.753490
735, 34, 2.357752
735, 35, 2.596004
735, 36, 2.293196
735, 37, 1.528229
735, 38, 0.375477
735, 39, 1.568105
735, 40, 2.687157
735, 41, 1.730763
735, 42, 1.011686
735, 43, 1.442728
735, 44, 0.519650
735, 45, 1.438267
735, 46, 2.274762
735, 47, 1.415481
735, 48, 2.599471
735, 49, -0.160065
735, 50, 2.174345
735, 51, 0.485420
735, 52, 1.514256
735, 53, -0.000015
735, 54, 2.761583
735, 55, 3.168382
735, 56, 2.524947
735, 57, 2.959805
735, 58, 0.829374
735, 59, 1.691667
735, 60, 0.000000
735, 61, 1.402721
735, 62, 2.046886
735, 63, 1.722669
735, 64, 2.057648
735, 65, 3.482792
735, 66, 1.750670
735, 67, 2.511020
735, 68, 1.571999
735, 69, 2.719925
735, 70, 2.952839
735, 71, 2.583026
735, 72, 3.799007
735, 73, 3.225116
735, 74, 1.580833
735, 75, 1.934788
735, 76, 1.049166
735, 77, 1.420346
735, 78, 1.805377
735, 79, 2.797782
735, 80, 2.669854
735, 81, 1.710896
735, 82, -0.112282
735, 83, 1.232854
735, 84, 0.939994
735, 85, 3.020049
735, 86, 3.298014
735, 87, 2.334270
735, 88, 1.398646
735, 89, 0.544654
735, 90, 1.203631
735, 91, 1.325892
735, 92, 0.672629
735, 93, 2.641395
735, 94, 1.656933
735, 95, 0.937536
735, 96, 1.644310
735, 97, 4.307097
735, 98, 2.139313
735, 99, 1.159450
735, 100, 0.792004
735, 101, -0.031273
735, 102, 1.856339
735, 103, 0.000000
735, 104, 3.424279
735, 105, 2.840192
735, 106, 1.431670
735, 107, 1.931706
735, 108, 0.639675
735, 109, 0.360567
735, 110, 1.771988
735, 111, 0.804793
735, 112, 1.185186
735, 113, 3.552427
735, 114, 1.046848
735, 115, 1.999007
735, 116, 1.438784
735, 117, 2.385839
735, 118, 1.564408
735, 119, 1.334032
735, 120, 2.301379
735, 121, 3.672358
735, 122, 2.494151
735, 123, 0.346461
735, 124, 2.149925
735, 125, 4.289293
735, 126, 1.257473
735, 127, 0.838413
735, 128, 0.513854
735, 129, 0.068566
735, 130, 1.536904
735, 131, 1.765902
735, 132, 1.469587
735, 133, 0.158527
735, 134, 1.165754
735, 135, 0.744959
735, 136, -0.000010
735, 137, 1.568957
735, 138, 0.987940
735, 139, 0.937750
735, 140, 3.510568
735, 141, 2.345866
735, 142, 3.150110
735, 143, 1.968400
735, 144, 1.508965
735, 145, 1.077613
735, 146, 1.966183
735, 147, 3.888094
735, 148, 2.480981
735, 149, 3.529969
735, 150, 1.562608
735, 151, 1.927166
735, 152, 2.086525
735, 153, 0.000000
735, 154, 1.593774
735, 155, 2.281431
735, 156, -0.010000
735, 157, 3.007379
735, 158, 1.993107
735, 159, 1.077853
735, 160, 2.954231
735, 161, 2.096572
735, 162, 3.448787
735, 163, 2.511911
735, 164, 3.356872
735, 165, 2.994918
735, 166, 3.623552
735, 167, 1.409328
735, 168, 0.324529
735, 169, 1.779984
735, 170, 1.509260
735, 171, 2.797080
735, 172, 2.723222
735, 173, 2.620150
735, 174, 2.025668
735, 175, 1.468493
735, 176, 3.356692
735, 177, 2.474598
735, 178, 0.529260
735, 179, 3.051234
735, 180, 3.518280
735, 181, 0.837788
735, 182, 3.133410
735, 183, -0.040000
735, 184, 0.631502
735, 185, 1.880346
735, 186, 3.365631
735, 187, 0.000000
735, 188, 2.132096
735, 189, 2.899636
735, 190, 2.387929
735, 191, 0.717938
735, 192, 2.092801
735, 193, 2.743045
735, 194, 1.537416
735, 195, -0.281319
735, 196, 3.972357
735, 197, 2.396184
735, 198, 2.281540
735, 199, 1.456997
737, 0, 1.503664
737, 1, 1.547396
737, 2, 2.327216
737, 3, 1.150859
737, 4, -0.339888
737, 5, 1.971677
737, 6, -0.000013
737, 7, 1.283833
737, 8, 3.368312
737, 9, 1.717014
737, 10, 1.799210
737, 11, 2.271102
737, 12, 2.545787
737, 13, 0.000000
737, 14, 2.587126
737, 15, 2.477111
737, 16, 1.129258
737, 17, 3.231807
737, 18, 3.588871
737, 19, 2.606042
737, 20, 4.291128
737, 21, 0.436530
737, 22, 2.161510
737, 23, 1.270559
737, 24, 1.099333
737, 25, 2.046121
737, 26, 1.007388
737, 27, 0.812977
737, 28, 1.979850
737, 29, 1.900838
737, 30, 0.668950
737, 31, 2.580044
737, 32, 0.422124
737, 33, 2.763878
737, 34, 2.352410
737, 35, 2.595994
737, 36, 2.294186
737, 37, 1.638532
737, 38, 0.375477
737, 39, 1.568105
737, 40, 2.687157
737, 41, 1.730869
737, 42, 1.011686
737, 43, 1.442728
737, 44, 0.519650
737, 45, 1.437204
737, 46, 2.263925
737, 47, 1.415481
737, 48, 2.602254
737, 49, -0.160065
737, 50, 2.174345
737, 51, 0.485420
737, 52, 1.514256
737, 53, -0.000015
737, 54, 2.763977
737, 55, 3.170425
737, 56, 2.527330
737, 57, 2.959826
737, 58, 0.829374
737, 59, 1.691667
737, 60, 0.000000
737, 61, 1.402721
737, 62, 2.046885
737, 63, 1.722669
737, 64, 2.057648
737, 65, 3.465134
737, 66, 1.750670
737, 67, 2.511020
737, 68, 1.571999
737, 69, 2.719937
737, 70, 2.953534
737, 71, 2.587823
737, 72, 3.799356
737, 73, 3.222948
737, 74, 1.580833
737, 75, 1.934788
737, 76, 1.049166
737, 77, 1.420346
737, 78, 1.805377
737, 79, 2.797782
737, 80, 2.670145
737, 81, 1.710896
737, 82, -0.112415
737, 83, 1.232974
737, 84, 0.939994
737, 85, 3.020050
737, 86, 3.304311
737, 87, 2.345193
737, 88, 1.398646
737, 89, 0.544654
737, 90, 1.203632
737, 91, 1.320133
737, 92, 0.672629
737, 93, 2.677266
737, 94, 1.655995
737, 95, 0.920156
737, 96, 1.641337
737, 97, 4.305741
737, 98, 2.141957
737, 99, 1.159450
737, 100, 0.792004
737, 101, -0.031273
737, 102, 1.856339
737, 103, 0.000000
737, 104, 3.471749
737, 105, 2.839506
737, 106, 1.431670
737, 107, 1.944693
737, 108, 0.639675
737, 109, 0.339345
737, 110, 1.771988
737, 111, 0.804612
737, 112, 1.185186
737, 113, 3.552588
737, 114, 1.046848
737, 115, 1.999007
737, 116, 1.438784
737, 117, 2.385839
737, 118, 1.554668
737, 119, 1.334032
737, 120, 2.301379
737, 121, 3.655965
737, 122, 2.492561
737, 123, 0.346461
737, 124, 2.149925
737, 125, 4.285516
737, 126, 1.257437
737, 127, 0.838413
737, 128, 0.513854
737, 129, 0.068566
737, 130, 1.536904
737, 131, 1.765901
737, 132, 1.469588
737, 133, 0.158527
737, 134, 1.165754
737, 135, 0.744959
737, 136, -0.000010
737, 137, 1.568883
737, 138, 0.987940
737, 139, 0.937750
737, 140, 3.514951
737, 141, 2.345866
737, 142, 3.153191
737, 143, 1.963359
737, 144, 1.508965
737, 145, 1.077613
737, 146, 1.966183
737, 147, 3.862165
737, 148, 2.480981
737, 149, 3.529814
737, 150, 1.562608
737, 151, 1.926243
737, 152, 2.086525
737, 153, 0.000000
737, 154, 1.593774
737, 155, 2.281431
737, 156, -0.010000
737, 157, 3.007362
737, 158, 1.993107
737, 159, 1.077853
737, 160, 2.940997
737, 161, 2.096572
737, 162, 3.451867
737, 163, 2.511911
737, 164, 3.356872
737, 165, 2.994629
737, 166, 3.629938
737, 167, 1.409328
737, 168, 0.324529
737, 169, 1.780004
737, 170, 1.509260
737, 171, 2.802149
737, 172, 2.669760
737, 173, 2.622860
737, 174, 2.043019
737, 175, 1.469600
737, 176, 3.356692
737, 177, 2.493852
737, 178, 0.529260
737, 179, 3.049316
737, 180, 3.509846
737, 181, 0.837788
737, 182, 3.133410
737, 183, -0.040000
737, 184, 0.631502
737, 185, 1.880346
737, 186, 3.365030
737, 187, 0.000000
737, 188, 2.154148
737, 189, 2.897697
737, 190, 2.387929
737, 191, 0.717938
737, 192, 2.064167
737, 193, 2.741915
737, 194, 1.537416
737, 195, -0.281319
737, 196, 3.961761
737, 197, 2.392662
737, 198, 2.281515
737, 199, 1.456984
739, 0, 1.503664
739, 1, 1.547395
739, 2, 2.339176
739, 3, 1.150859
739, 4, -0.339888
739, 5, 1.971741
739, 6, -0.000013
739, 7, 1.283834
739, 8, 3.319610
739, 9, 1.717014
739, 10, 1.799210
739, 11, 2.271102
739, 12, 2.540021
739, 13, 0.000000
739, 14, 2.587127
739, 15, 2.491940
739, 16, 1.129258
739, 17, 3.224528
739, 18, 3.588478
739, 19, 2.589026
739, 20, 4.285496
739, 21, 0.436530
739, 22, 2.161510
739, 23, 1.270559
739, 24, 1.111484
739, 25, 2.046121
739, 26, 1.007388
739, 27, 0.812977
739, 28, 1.979420
739, 29, 1.900104
739, 30, 0.668950
739, 31, 2.574476
739, 32, 0.422124
739, 33, 2.719173
739, 34, 2.333311
739, 35, 2.595981
739, 36, 2.296492
739, 37, 1.590579
739, 38, 0.375477
739, 39, 1.568105
739, 40, 2.687157
739, 41, 1.730959
739, 42, 1.011686
739, 43, 1.442728
739, 44, 0.519650
739, 45, 1.436547
739, 46, 2.250026
739, 47, 1.415481
739, 48, 2.599712
739, 49, -0.160065
739, 50, 2.174345
739, 51, 0.485420
739, 52, 1.514256
739, 53, -0.000015
739, 54, 2.772480
739, 55, 3.170880
739, 56, 2.529098
739, 57, 2.959844
739, 58, 0.829374
739, 59, 1.691667
739, 60, 0.000000
739, 61, 1.402721
739, 62, 2.046885
739, 63, 1.722669
739, 64, 2.057648
739, 65, 3.457615
739, 66, 1.750670
739, 67, 2.511020
739, 68, 1.571999
739, 69, 2.719940
739, 70, 2.949995
739, 71, 2.583019
739, 72, 3.798221
739, 73, 3.221040
739, 74, 1.580833
739, 75, 1.934788
739, 76, 1.049166
739, 77, 1.420346
739, 78, 1.805377
739, 79, 2.797782
739, 80, 2.670614
739, 81, 1.710896
739, 82, -0.111925
739, 83, 1.233067
739, 84, 0.939994
739, 85, 3.020050
739, 86, 3.304122
739, 87, 2.334270
739, 88, 1.398646
739, 89, 0.544654
739, 90, 1.203633
739, 91, 1.318228
739, 92, 0.672629
739, 93, 2.674874
739, 94, 1.656956
739, 95, 0.904842
739, 96, 1.637458
739, 97, 4.306839
739, 98, 2.145842
739, 99, 1.159450
739, 100, 0.792004
739, 101, -0.031273
739, 102, 1.856339
739, 103, 0.000000
739, 104, 3.477524
739, 105, 2.839295
739, 106, 1.431670
739, 107, 1.940629
739, 108, 0.639675
739, 109, 0.339345
739, 110, 1.771988
739, 111, 0.804964
739, 112, 1.185186
739, 113, 3.552220
739, 114, 1.046848
739, 115, 1.999007
739, 116, 1.438784
739, 117, 2.385840
739, 118, 1.559033
739, 119, 1.334032
739, 120, 2.301379
739, 121, 3.673145
739, 122, 2.492561
739, 123, 0.346461
739, 124, 2.149926
739, 125, 4.287256
739, 126, 1.257475
739, 127, 0.838413
739, 128, 0.513854
739, 129, 0.068566
739, 130, 1.536904
739, 131, 1.765901
739, 132, 1.469588
739, 133, 0.158527
739, 134, 1.165754
739, 135, 0.744959
739, 136, -0.000010
739, 137, 1.568846
739, 138, 0.987940
739, 139, 0.937750
739, 140, 3.515817
739, 141, 2.345865
739, 142, 3.147682
739, 143, 1.965682
739, 144, 1.508965
739, 145, 1.077613
739, 146, 1.966183
739, 147, 3.909555
739, 148, 2.480981
739, 149, 3.530847
739, 150, 1.562608
739, 151, 1.926239
739, 152, 2.086525
739, 153, 0.000000
739, 154, 1.593774
739, 155, 2.281430
739, 156, -0.010000
739, 157, 3.007332
739, 158, 1.993107
739, 159, 1.077853
739, 160, 2.917578
739, 161, 2.096572
739, 162, 3.456008
739, 163, 2.511911
739, 164, 3.356873
739, 165, 2.994544
739, 166, 3.630445
739, 167, 1.409328
739, 168, 0.324529
739, 169, 1.780209
739, 170, 1.509260
739, 171, 2.819917
739, 172, 2.656853
739, 173, 2.621599
739, 174, 2.070553
739, 175, 1.470349
739, 176, 3.357705
739, 177, 2.494638
739, 178, 0.529260
739, 179, 3.047323
739, 180, 3.505871
739, 181, 0.837788
739, 182, 3.133410
739, 183, -0.040000
739, 184, 0.631502
739, 185, 1.880346
739, 186, 3.358349
739, 187, 0.000000
739, 188, 2.156364
739, 189, 2.851229
739, 190, 2.387929
739, 191, 0.717938
739, 192, 2.103898
739, 193, 2.739670
739, 194, 1.537416
739, 195, -0.281320
739, 196, 3.981028
739, 197, 2.392662
739, 198, 2.281497
739, 199, 1.456977
741, 0, 1.503664
741, 1, 1.547395
741, 2, 2.314688
741, 3, 1.150856
741, 4, -0.339888
741, 5, 1.972608
741, 6, -0.000013
741, 7, 1.283830
741, 8, 3.319852
741, 9, 1.717014
741, 10, 1.799209
741, 11, 2.271102
741, 12, 2.530655
741, 13, 0.000000
741, 14, 2.587124
741, 15, 2.515265
741, 16, 1.129258
741, 17, 3.209012
741, 18, 3.587994
741, 19, 2.589026
741, 20, 4.281413
741, 21, 0.436530
741, 22, 2.161510
741, 23, 1.270559
741, 24, 1.126304
741, 25, 2.046121
741, 26, 1.007388
741, 27, 0.812977
741, 28, 1.980902
741, 29, 1.898084
741, 30, 0.668950
741, 31, 2.568787
741, 32, 0.422124
741, 33, 2.765535
741, 34, 2.393051
741, 35, 2.595965
741, 36, 2.300319
741, 37, 1.674985
741, 38, 0.375477
741, 39, 1.568105
741, 40, 2.687157
741, 41, 1.731025
741, 42, 1.011686
741, 43, 1.442728
741, 44, 0.519650
741, 45, 1.434738
741, 46, 2.254371
741, 47, 1.415481
741, 48, 2.598723
741, 49, -0.160065
741, 50, 2.174345
741, 51, 0.485420
741, 52, 1.514256
741, 53, -0.000015
741, 54, 2.741760
741, 55, 3.171235
741, 56, 2.534460
741, 57, 2.959859
741, 58, 0.829374
741, 59, 1.691667
741, 60, 0.000000
741, 61, 1.402721
741, 62, 2.046886
741, 63, 1.722669
741, 64, 2.057648
741, 65, 3.453317
741, 66, 1.750670
741, 67, 2.511020
741, 68, 1.571999
741, 69, 2.719946
741, 70, 2.955139
741, 71, 2.583025
741, 72, 3.798030
741, 73, 3.218719
741, 74, 1.580833
741, 75, 1.934788
741, 76, 1.049166
741, 77, 1.420346
741, 78, 1.805377
741, 79, 2.797782
741, 80, 2.670918
741, 81, 1.710896
741, 82, -0.111477
741, 83, 1.233122
741, 84, 0.939994
741, 85, 3.020050
741, 86, 3.319423
741, 87, 2.334270
741, 88, 1.398646
741, 89, 0.544654
741, 90, 1.203631
741, 91, 1.301915
741, 92, 0.672629
741, 93, 2.636035
741, 94, 1.663627
741, 95, 0.920534
741, 96, 1.639025
741, 97, 4.306318
741, 98, 2.153573
741, 99, 1.159450
741, 100, 0.792004
741, 101, -0.031273
741, 102, 1.856339
741, 103, 0.000000
741, 104, 3.461228
741, 105, 2.837268
741, 106, 1.431670
741, 107, 1.926864
741, 108, 0.639675
741, 109, 0.339345
741, 110, 1.771988
741, 111, 0.805575
741, 112, 1.185186
741, 113, 3.553575
741, 114, 1.046848
741, 115, 1.999007
741, 116, 1.438784
741, 117, 2.385840
741, 118, 1.589717
741, 119, 1.334032
741, 120, 2.301379
741, 121, 3.646444
741, 122, 2.492561
741, 123, 0.346461
741, 124, 2.149925
741, 125, 4.283166
741, 126, 1.257535
741, 127, 0.838413
741, 128, 0.513854
741, 129, 0.068566
741, 130, 1.536905
741, 131, 1.765901
741, 132, 1.469587
741, 133, 0.158527
741, 134, 1.165754
741, 135, 0.744959
741, 136, -0.000010
741, 137, 1.568822
741, 138, 0.987940
741, 139, 0.937750
741, 140, 3.520809
741, 141, 2.345865
741, 142, 3.155896
741, 143, 1.981726
741, 144, 1.508965
741, 145, 1.077613
741, 146, 1.966183
741, 147, 3.911255
741, 148, 2.480981
741, 149, 3.531109
741, 150, 1.562608
741, 151, 1.928938
741, 152, 2.086525
741, 153, 0.000000
741, 154, 1.593774
741, 155, 2.281430
741, 156, -0.010000
741, 157, 3.007345
741, 158, 1.993107
741, 159, 1.077853
741, 160, 2.869412
741, 161, 2.096572
741, 162, 3.447878
741, 163, 2.511911
741, 164, 3.356871
741, 165, 2.993692
741, 166, 3.625165
741, 167, 1.409328
741, 168, 0.324529
741, 169, 1.780344
741, 170, 1.509260
741, 171, 2.813912
741, 172, 2.647974
741, 173, 2.628785
741, 174, 2.074040
741, 175, 1.470638
741, 176, 3.356693
741, 177, 2.481837
741, 178, 0.529260
741, 179, 3.046869
741, 180, 3.502693
741, 181, 0.837788
741, 182, 3.133410
741, 183, -0.040000
741, 184, 0.631502
741, 185, 1.880346
741, 186, 3.388319
741, 187, 0.000000
741, 188, 2.176970
741, 189, 2.881974
741, 190, 2.387929
741, 191, 0.717938
741, 192, 2.138740
741, 193, 2.742075
741, 194, 1.537414
741, 195, -0.281317
741, 196, 3.982008
741, 197, 2.392662
741, 198, 2.281483
741, 199, 1.456975
743, 0, 1.503664
743, 1, 1.547395
743, 2, 2.342094
743, 3, 1.150858
743, 4, -0.339888
743, 5, 1.974394
743, 6, -0.000013
743, 7, 1.283832
743, 8, 3.348862
743, 9, 1.717014
743, 10, 1.799210
743, 11, 2.271102
743, 12, 2.527491
743, 13, 0.000000
743, 14, 2.587121
743, 15, 2.542889
743, 16, 1.129258
743, 17, 3.230807
743, 18, 3.587174
743, 19, 2.606271
743, 20, 4.243082
743, 21, 0.436530
743, 22, 2.161510
743, 23, 1.270559
743, 24, 1.133281
743, 25, 2.046121
743, 26, 1.007388
743, 27, 0.812977
743, 28, 1.981834
743, 29, 1.896988
743, 30, 0.668950
743, 31, 2.565527
743, 32, 0.422124
743, 33, 2.736657
743, 34, 2.387117
743, 35, 2.595950
743, 36, 2.298452
743, 37, 1.690156
743, 38, 0.375477
743, 39, 1.568105
743, 40, 2.687157
743, 41, 1.731087
743, 42, 1.011686
743, 43, 1.442728
743, 44, 0.519650
743, 45, 1.433767
743, 46, 2.260971
743, 47, 1.415481
743, 48, 2.599633
743, 49, -0.160065
743, 50, 2.174345
743, 51, 0.485420
743, 52, 1.514256
743, 53, -0.000015
743, 54, 2.783185
743, 55, 3.169109
743, 56, 2.529893
743, 57, 2.959877
743, 58, 0.829374
743, 59, 1.691667
743, 60, 0.000000
743, 61, 1.402721
743, 62, 2.046886
743, 63, 1.722669
743, 64, 2.057648
743, 65, 3.491437
743, 66, 1.750670
743, 67, 2.511020
743, 68, 1.571999
743, 69, 2.719959
743, 70, 2.955168
743, 71, 2.583027
743, 72, 3.798394
743, 73, 3.217483
743, 74, 1.580833
743, 75, 1.934788
743, 76, 1.049166
743, 77, 1.420346
743, 78, 1.805377
743, 79, 2.797783
743, 80, 2.671711
743, 81, 1.710896
743, 82, -0.110782
743, 83, 1.233169
743, 84, 0.939994
743, 85, 3.020050
743, 86, 3.295856
743, 87, 2.334270
743, 88, 1.398646
743, 89, 0.544654
743, 90, 1.203633
743, 91, 1.322238
743, 92, 0.672629
743, 93, 2.663356
743, 94, 1.657312
743, 95, 0.930759
743, 96, 1.636868
743, 97, 4.270276
743, 98, 2.150492
743, 99, 1.159450
743, 100, 0.792004
743, 101, -0.031273
743, 102, 1.856339
743, 103, 0.000000
743, 104, 3.470655
743, 105, 2.839838
743, 106, 1.431670
743, 107, 1.921836
743, 108, 0.639675
743, 109, 0.339345
743, 110, 1.771988
743, 111, 0.806713
743, 112, 1.185186
743, 113, 3.544477
743, 114, 1.046848
743, 115, 1.999007
743, 116, 1.438784
743, 117, 2.385839
743, 118, 1.573762
743, 119, 1.334032
743, 120, 2.301379
743, 121, 3.703754
743, 122, 2.492561
743, 123, 0.346461
743, 124, 2.149925
743, 125, 4.283581
743, 126, 1.257615
743, 127, 0.838413
743, 128, 0.513854
743, 129, 0.068566
743, 130, 1.536904
743, 131, 1.765901
743, 132, 1.469587
743, 133, 0.158527
743, 134, 1.165754
743, 135, 0.744959
743, 136, -0.000010
743, 137, 1.568808
743, 138, 0.987940
743, 139, 0.937750
743, 140, 3.504684
743, 141, 2.345865
743, 142, 3.158107
743, 143, 1.973485
743, 144, 1.508965
743, 145, 1.077613
743, 146, 1.966183
743, 147, 3.911749
743, 148, 2.480981
743, 149, 3.530822
743, 150, 1.562608
743, 151, 1.923298
743, 152, 2.086526
743, 153, 0.000000
743, 154, 1.593774
743, 155, 2.281430
743, 156, -0.010000
743, 157, 3.007326
743, 158, 1.993107
743, 159, 1.077853
743, 160, 2.931134
743, 161, 2.096572
743, 162, 3.451588
743, 163, 2.511911
743, 164, 3.356872
743, 165, 2.993320
743, 166, 3.627671
743, 167, 1.409328
743, 168, 0.324529
743, 169, 1.780701
743, 170, 1.509260
743, 171, 2.805613
743, 172, 2.668337
743, 173, 2.633133
743, 174, 1.996667
743, 175, 1.471550
743, 176, 3.356692
743, 177, 2.485559
743, 178, 0.529260
743, 179, 3.048834
743, 180, 3.495177
743, 181, 0.837788
743, 182, 3.133410
743, 183, -0.040000
743, 184, 0.631502
743, 185, 1.880346
743, 186, 3.366989
743, 187, 0.000000
743, 188, 2.174672
743, 189, 2.767667
743, 190, 2.387929
743, 191, 0.717938
743, 192, 2.097137
743, 193, 2.743191
743, 194, 1.537415
743, 195, -0.281318
743, 196, 3.982247
743, 197, 2.392662
743, 198, 2.281472
743, 199, 1.456971
745, 0, 1.503664
745, 1, 1.547395
745, 2, 2.339234
745, 3, 1.150858
745, 4, -0.339888
745, 5, 1.972821
745, 6, -0.000013
745, 7, 1.283833
745, 8, 3.356007
745, 9, 1.744196
745, 10, 1.799210
745, 11, 2.271102
745, 12, 2.544699
745, 13, 0.000000
745, 14, 2.586026
745, 15, 2.575611
745, 16, 1.129258
745, 17, 3.225981
745, 18, 3.586639
745, 19, 2.598081
745, 20, 4.289559
745, 21, 0.436530
745, 22, 2.161510
745, 23, 1.270559
745, 24, 1.129475
745, 25, 2.046121
745, 26, 1.007388
745, 27, 0.812977
745, 28, 1.982415
745, 29, 1.909142
745, 30, 0.668950
745, 31, 2.581794
745, 32, 0.422124
745, 33, 2.722702
745, 34, 2.401643
745, 35, 2.595163
745, 36, 2.296852
745, 37, 1.745698
745, 38, 0.375477
745, 39, 1.568437
745, 40, 2.687157
745, 41, 1.731105
745, 42, 1.011686
745, 43, 1.442728
745, 44, 0.519650
745, 45, 1.444625
745, 46, 2.279670
745, 47, 1.415481
745, 48, 2.598791
745, 49, -0.160065
745, 50, 2.174345
745, 51, 0.485420
745, 52, 1.514256
745, 53, -0.000015
745, 54, 2.729966
745, 55, 3.170752
745, 56, 2.533741
745, 57, 2.959376
745, 58, 0.829374
745, 59, 1.691667
745, 60, 0.000000
745, 61, 1.402721
745, 62, 2.046885
745, 63, 1.722669
745, 64, 2.057648
745, 65, 3.485640
745, 66, 1.750670
745, 67, 2.511020
745, 68, 1.571999
745, 69, 2.719971
745, 70, 2.954724
745, 71, 2.597868
745, 72, 3.798889
745, 73, 3.221938
745, 74, 1.580833
745, 75, 1.934788
745, 76, 1.049166
745, 77, 1.420346
745, 78, 1.805377
745, 79, 2.797782
745, 80, 2.671232
745, 81, 1.710896
745, 82, -0.118158
745, 83, 1.233202
745, 84, 0.939994
745, 85, 3.020050
745, 86, 3.271274
745, 87, 2.334270
745, 88, 1.398646
745, 89, 0.544654
745, 90, 1.203634
745, 91, 1.371316
745, 92, 0.672629
745, 93, 2.644088
745, 94, 1.666588
745, 95, 0.938298
745, 96, 1.631564
745, 97, 4.306094
745, 98, 2.124046
745, 99, 1.159450
745, 100, 0.792004
745, 101, -0.031273
745, 102, 1.856339
745, 103, 0.000000
745, 104, 3.462930
745, 105, 2.845726
745, 106, 1.431670
745, 107, 1.921743
745, 108, 0.639675
745, 109, 0.339345
745, 110, 1.771988
745, 111, 0.806979
745, 112, 1.185186
745, 113, 3.506271
745, 114, 1.046848
745, 115, 1.999007
745, 116, 1.438784
745, 117, 2.385839
745, 118, 1.562451
745, 119, 1.334032
745, 120, 2.301379
745, 121, 3.670516
745, 122, 2.492561
745, 123, 0.346461
745, 124, 2.149925
745, 125, 4.281903
745, 126, 1.258587
745, 127, 0.838413
745, 128, 0.513854
745, 129, 0.068566
745, 130, 1.536904
745, 131, 1.765901
745, 132, 1.469587
745, 133, 0.158527
745, 134, 1.165754
745, 135, 0.744959
745, 136, -0.000010
745, 137, 1.569236
745, 138, 0.987940
745, 139, 0.937750
745, 140, 3.508211
745, 141, 2.345865
745, 142, 3.158041
745, 143, 1.967638
745, 144, 1.508965
745, 145, 1.077613
745, 146, 1.966183
745, 147, 3.898777
745, 148, 2.480981
745, 149, 3.530814
745, 150, 1.562608
745, 151, 1.927683
745, 152, 2.086525
745, 153, 0.000000
745, 154, 1.593774
745, 155, 2.281431
745, 156, -0.010000
745, 157, 3.007273
745, 158, 1.993107
745, 159, 1.077853
745, 160, 2.906723
745, 161, 2.096572
745, 162, 3.454169
745, 163, 2.511911
745, 164, 3.356847
745, 165, 2.993631
745, 166, 3.626803
745, 167, 1.409328
745, 168, 0.324529
745, 169, 1.780857
745, 170, 1.509260
745, 171, 2.823234
745, 172, 2.632442
745, 173, 2.631823
745, 174, 2.024417
745, 175, 1.472555
745, 176, 3.356692
745, 177, 2.469452
745, 178, 0.529260
745, 179, 3.044680
745, 180, 3.431126
745, 181, 0.837788
745, 182, 3.133410
745, 183, -0.040000
745, 184, 0.631502
745, 185, 1.880346
745, 186, 3.351775
745, 187, 0.000000
745, 188, 2.173504
745, 189, 2.801725
745, 190, 2.387929
745, 191, 0.717938
745, 192, 2.121274
745, 193, 2.742944
745, 194, 1.537416
745, 195, -0.281319
745, 196, 3.976818
745, 197, 2.397278
745, 198, 2.281497
745, 199, 1.456968
747, 0, 1.503664
747, 1, 1.547396
747, 2, 2.314131
747, 3, 1.150859
747, 4, -0.339888
747, 5, 1.969293
747, 6, -0.000013
747, 7, 1.283834
747, 8, 3.386909
747, 9, 1.717014
747, 10, 1.799210
747, 11, 2.271102
747, 12, 2.546172
747, 13, 0.000000
747, 14, 2.586832
747, 15, 2.504056
747, 16, 1.129258
747, 17, 3.229184
747, 18, 3.588257
747, 19, 2.591588
747, 20, 4.296431
747, 21, 0.436530
747, 22, 2.161510
747, 23, 1.270559
747, 24, 1.138076
747, 25, 2.046121
747, 26, 1.007388
747, 27, 0.812977
747, 28, 1.970765
747, 29, 1.917551
747, 30, 0.668950
747, 31, 2.582771
747, 32, 0.422124
747, 33, 2.730423
747, 34, 2.381198
747, 35, 2.595717
747, 36, 2.294015
747, 37, 1.641973
747, 38, 0.375477
747, 39, 1.568437
747, 40, 2.687157
747, 41, 1.731027
747, 42, 1.011686
747, 43, 1.442728
747, 44, 0.519650
747, 45, 1.452449
747, 46, 2.248991
747, 47, 1.415481
747, 48, 2.598846
747, 49, -0.160065
747, 50, 2.174345
747, 51, 0.485420
747, 52, 1.514256
747, 53, -0.000015
747, 54, 2.744876
747, 55, 3.168207
747, 56, 2.528631
747, 57, 2.959774
747, 58, 0.829374
747, 59, 1.691667
747, 60, 0.000000
747, 61, 1.402721
747, 62, 2.046885
747, 63, 1.722669
747, 64, 2.057648
747, 65, 3.477696
747, 66, 1.750670
747, 67, 2.511020
747, 68, 1.571999
747, 69, 2.719979
747, 70, 2.955183
747, 71, 2.597310
747, 72, 3.796504
747, 73, 3.223391
747, 74, 1.580833
747, 75, 1.934788
747, 76, 1.049166
747, 77, 1.420346
747, 78, 1.805377
747, 79, 2.797782
747, 80, 2.671043
747, 81, 1.710896
747, 82, -0.118078
747, 83, 1.233225
747, 84, 0.939994
747, 85, 3.020050
747, 86, 3.277687
747, 87, 2.334270
747, 88, 1.398646
747, 89, 0.544654
747, 90, 1.203634
747, 91, 1.352529
747, 92, 0.672629
747, 93, 2.666790
747, 94, 1.668508
747, 95, 0.929151
747, 96, 1.631418
747, 97, 4.298640
747, 98, 2.130093
747, 99, 1.159450
747, 100, 0.792004
747, 101, -0.031273
747, 102, 1.856339
747, 103, 0.000000
747, 104, 3.485268
747, 105, 2.843577
747, 106, 1.431670
747, 107, 1.911234
747, 108, 0.639675
747, 109, 0.339345
747, 110, 1.771988
747, 111, 0.807056
747, 112, 1.185186
747, 113, 3.555073
747, 114, 1.046848
747, 115, 1.999007
747, 116, 1.438784
747, 117, 2.385839
747, 118, 1.556945
747, 119, 1.334032
747, 120, 2.301379
747, 121, 3.609370
747, 122, 2.492561
747, 123, 0.346461
747, 124, 2.149925
747, 125, 4.259497
747, 126, 1.258687
747, 127, 0.838413
747, 128, 0.513854
747, 129, 0.068566
747, 130, 1.536904
747, 131, 1.765901
747, 132, 1.469588
747, 133, 0.158527
747, 134, 1.165754
747, 135, 0.744959
747, 136, -0.000010
747, 137, 1.569236
747, 138, 0.987940
747, 139, 0.937750
747, 140, 3.503256
747, 141, 2.345866
747, 142, 3.158373
747, 143, 1.962745
747, 144, 1.508965
747, 145, 1.077613
747, 146, 1.966183
747, 147, 3.910781
747, 148, 2.480981
747, 149, 3.527003
747, 150, 1.562608
747, 151, 1.928553
747, 152, 2.086525
747, 153, 0.000000
747, 154, 1.593774
747, 155, 2.281431
747, 156, -0.010000
747, 157, 3.007271
747, 158, 1.993107
747, 159, 1.077853
747, 160, 2.952653
747, 161, 2.095658
747, 162, 3.446907
747, 163, 2.511911
747, 164, 3.356869
747, 165, 2.995084
747, 166, 3.632763
747, 167, 1.409328
747, 168, 0.324529
747, 169, 1.779452
747, 170, 1.509260
747, 171, 2.804879
747, 172, 2.644462
747, 173, 2.629019
747, 174, 2.035243
747, 175, 1.473271
747, 176, 3.356692
747, 177, 2.481122
747, 178, 0.529260
747, 179, 3.052908
747, 180, 3.515030
747, 181, 0.837788
747, 182, 3.133410
747, 183, -0.040000
747, 184, 0.631502
747, 185, 1.880346
747, 186, 3.348877
747, 187, 0.000000
747, 188, 2.163939
747, 189, 2.746683
747, 190, 2.387929
747, 191, 0.717938
747, 192, 2.070983
747, 193, 2.743101
747, 194, 1.537416
747, 195, -0.281319
747, 196, 3.983474
747, 197, 2.397278
747, 198, 2.281541
747, 199, 1.456967
749, 0, 1.503664
749, 1, 1.547395
749, 2, 2.314429
749, 3, 1.150859
749, 4, -0.339888
749, 5, 1.970131
749, 6, -0.000013
749, 7, 1.283834
749, 8, 3.401189
749, 9, 1.717014
749, 10, 1.799210
749, 11, 2.271102
749, 12, 2.557837
749, 13, 0.000000
749, 14, 2.587037
749, 15, 2.554823
749, 16, 1.129258
749, 17, 3.228586
749, 18, 3.587677
749, 19, 2.589026
749, 20, 4.296217
749, 21, 0.436530
749, 22, 2.161510
749, 23, 1.270559
749, 24, 1.150256
749, 25, 2.046121
749, 26, 1.007388
749, 27, 0.812977
749, 28, 1.965580
749, 29, 1.914313
749, 30, 0.668950
749, 31, 2.593134
749, 32, 0.422124
749, 33, 2.713593
749, 34, 2.370928
749, 35, 2.595850
749, 36, 2.295093
749, 37, 1.701830
749, 38, 0.375477
749, 39, 1.568437
749, 40, 2.687157
749, 41, 1.731012
749, 42, 1.011686
749, 43, 1.442728
749, 44, 0.519650
749, 45, 1.449551
749, 46, 2.131788
749, 47, 1.415481
749, 48, 2.599236
749, 49, -0.160065
749, 50, 2.174345
749, 51, 0.485420
749, 52, 1.514256
749, 53, -0.000015
749, 54, 2.779472
749, 55, 3.170239
749, 56, 2.532345
749, 57, 2.959887
749, 58, 0.829374
749, 59, 1.691667
749, 60, 0.000000
749, 61, 1.402721
749, 62, 2.046885
749, 63, 1.722669
749, 64, 2.057648
749, 65, 3.469862
749, 66, 1.750670
749, 67, 2.511020
749, 68, 1.571999
749, 69, 2.719984
749, 70, 2.954881
749, 71, 2.582853
749, 72, 3.798926
749, 73, 3.225982
749, 74, 1.580833
749, 75, 1.934788
749, 76, 1.049166
749, 77, 1.420346
749, 78, 1.805377
749, 79, 2.797782
749, 80, 2.671503
749, 81, 1.710896
749, 82, -0.115898
749, 83, 1.233060
749, 84, 0.939994
749, 85, 3.020050
749, 86, 3.296942
749, 87, 2.334270
749, 88, 1.398646
749, 89, 0.544654
749, 90, 1.203635
749, 91, 1.332732
749, 92, 0.672629
749, 93, 2.667910
749, 94, 1.661525
749, 95, 0.921320
749, 96, 1.631266
749, 97, 4.305640
749, 98, 2.133850
749, 99, 1.159450
749, 100, 0.792004
749, 101, -0.031273
749, 102, 1.856339
749, 103, 0.000000
749, 104, 3.467238
749, 105, 2.841237
749, 106, 1.431670
749, 107, 1.931443
749, 108, 0.639675
749, 109, 0.339345
749, 110, 1.771988
749, 111, 0.806738
749, 112, 1.185186
749, 113, 3.541002
749, 114, 1.046848
749, 115, 1.999007
749, 116, 1.438784
749, 117, 2.385518
749, 118, 1.558108
749, 119, 1.334032
749, 120, 2.301379
749, 121, 3.672902
749, 122, 2.492561
749, 123, 0.346461
749, 124, 2.149926
749, 125, 4.289169
749, 126, 1.258358
749, 127, 0.838413
749, 128, 0.513854
749, 129, 0.068566
749, 130, 1.536904
749, 131, 1.765902
749, 132, 1.469588
749, 133, 0.158527
749, 134, 1.165754
749, 135, 0.744959
749, 136, -0.000010
749, 137, 1.569025
749, 138, 0.987940
749, 139, 0.937750
749, 140, 3.499046
749, 141, 2.345866
749, 142, 3.143564
749, 143, 1.963399
749, 144, 1.508965
749, 145, 1.077613
749, 146, 1.966183
749, 147, 3.911559
749, 148, 2.480981
749, 149, 3.530525
749, 150, 1.562608
749, 151, 1.927663
749, 152, 2.086525
749, 153, 0.000000
749, 154, 1.593774
749, 155, 2.281430
749, 156, -0.010000
749, 157, 3.007269
749, 158, 1.993107
749, 159, 1.077853
749, 160, 2.918602
749, 161, 2.095658
749, 162, 3.452863
749, 163, 2.511911
749, 164, 3.356872
749, 165, 2.993046
749, 166, 3.636315
749, 167, 1.409328
749, 168, 0.324529
749, 169, 1.778081
749, 170, 1.509260
749, 171, 2.818762
749, 172, 2.679267
749, 173, 2.620031
749, 174, 2.057937
749, 175, 1.473752
749, 176, 3.356692
749, 177, 2.490638
749, 178, 0.529260
749, 179, 3.052900
749, 180, 3.500939
749, 181, 0.837788
749, 182, 3.133410
749, 183, -0.040000
749, 184, 0.631502
749, 185, 1.880346
749, 186, 3.365397
749, 187, 0.000000
749, 188, 2.168862
749, 189, 2.796908
749, 190, 2.387929
749, 191, 0.717938
749, 192, 2.087897
749, 193, 2.743162
749, 194, 1.537418
749, 195, -0.281320
749, 196, 3.983109
749, 197, 2.393825
749, 198, 2.281514
749, 199, 1.457102
751, 0, 1.503664
751, 1, 1.547395
751, 2, 2.329451
751, 3, 1.150856
751, 4, -0.339888
751, 5, 1.973301
751, 6, -0.000013
751, 7, 1.283830
751, 8, 3.411483
751, 9, 1.717014
751, 10, 1.799209
751, 11, 2.271102
751, 12, 2.564503
751, 13, 0.000000
751, 14, 2.587086
751, 15, 2.516445
751, 16, 1.129258
751, 17, 3.226526
751, 18, 3.587369
751, 19, 2.595325
751, 20, 4.273921
751, 21, 0.436530
751, 22, 2.161510
751, 23, 1.270559
751, 24, 1.148001
751, 25, 2.046121
751, 26, 1.007388
751, 27, 0.812977
751, 28, 1.972276
751, 29, 1.910011
751, 30, 0.668950
751, 31, 2.598965
751, 32, 0.422124
751, 33, 2.700587
751, 34, 2.333735
751, 35, 2.595872
751, 36, 2.294828
751, 37, 1.420384
751, 38, 0.375477
751, 39, 1.568437
751, 40, 2.687157
751, 41, 1.731053
751, 42, 1.011686
751, 43, 1.442728
751, 44, 0.519650
751, 45, 1.445552
751, 46, 2.158251
751, 47, 1.415481
751, 48, 2.597619
751, 49, -0.160065
751, 50, 2.174345
751, 51, 0.485420
751, 52, 1.514256
751, 53, -0.000015
751, 54, 2.735811
751, 55, 3.168813
751, 56, 2.524261
751, 57, 2.959928
751, 58, 0.829374
751, 59, 1.691667
751, 60, 0.000000
751, 61, 1.402721
751, 62, 2.046886
751, 63, 1.722669
751, 64, 2.057648
751, 65, 3.479203
751, 66, 1.750670
751, 67, 2.511020
751, 68, 1.571999
751, 69, 2.719984
751, 70, 2.950683
751, 71, 2.585671
751, 72, 3.799026
751, 73, 3.227295
751, 74, 1.580833
751, 75, 1.934788
751, 76, 1.049166
751, 77, 1.420346
751, 78, 1.805377
751, 79, 2.797782
751, 80, 2.672570
751, 81, 1.710896
751, 82, -0.113104
751, 83, 1.232865
751, 84, 0.939994
751, 85, 3.020049
751, 86, 3.308623
751, 87, 2.334270
751, 88, 1.398646
751, 89, 0.544654
751, 90, 1.203634
751, 91, 1.316760
751, 92, 0.672629
751, 93, 2.639117
751, 94, 1.667291
751, 95, 0.931806
751, 96, 1.638372
751, 97, 4.292131
751, 98, 2.134347
751, 99, 1.159450
751, 100, 0.792004
751, 101, -0.031273
751, 102, 1.856339
751, 103, 0.000000
751, 104, 3.458865
751, 105, 2.839299
751, 106, 1.431670
751, 107, 1.945631
751, 108, 0.639675
751, 109, 0.339345
751, 110, 1.771988
751, 111, 0.805700
751, 112, 1.185186
751, 113, 3.545173
751, 114, 1.046848
751, 115, 1.999007
751, 116, 1.438784
751, 117, 2.385252
751, 118, 1.545764
751, 119, 1.334032
751, 120, 2.301379
751, 121, 3.653001
751, 122, 2.492561
751, 123, 0.346461
751, 124, 2.149925
751, 125, 4.283999
751, 126, 1.258153
751, 127, 0.838413
751, 128, 0.513854
751, 129, 0.068566
751, 130, 1.536905
751, 131, 1.765901
751, 132, 1.469587
751, 133, 0.158527
751, 134, 1.165754
751, 135, 0.744959
751, 136, -0.000010
751, 137, 1.568876
751, 138, 0.987940
751, 139, 0.937750
751, 140, 3.502840
751, 141, 2.345866
751, 142, 3.152550
751, 143, 1.956965
751, 144, 1.508965
751, 145, 1.077613
751, 146, 1.966183
751, 147, 3.905700
751, 148, 2.480981
751, 149, 3.531161
751, 150, 1.562608
751, 151, 1.924654
751, 152, 2.086525
751, 153, 0.000000
751, 154, 1.593774
751, 155, 2.281430
751, 156, -0.010000
751, 157, 3.007339
751, 158, 1.993107
751, 159, 1.077853
751, 160, 2.953582
751, 161, 2.095658
751, 162, 3.455960
751, 163, 2.511911
751, 164, 3.356871
751, 165, 2.991557
751, 166, 3.634191
751, 167, 1.409328
751, 168, 0.324529
751, 169, 1.777819
751, 170, 1.509260
751, 171, 2.827698
751, 172, 2.649902
751, 173, 2.609436
751, 174, 2.082972
751, 175, 1.473950
751, 176, 3.361066
751, 177, 2.478735
751, 178, 0.529260
751, 179, 3.052931
751, 180, 3.484758
751, 181, 0.837788
751, 182, 3.133410
751, 183, -0.040000
751, 184, 0.631502
751, 185, 1.880346
751, 186, 3.367348
751, 187, 0.000000
751, 188, 2.162551
751, 189, 2.850850
751, 190, 2.387929
751, 191, 0.717938
751, 192, 2.130711
751, 193, 2.744536
751, 194, 1.537419
751, 195, -0.281317
751, 196, 3.982948
751, 197, 2.397105
751, 198, 2.281482
751, 199, 1.457132
753, 0, 1.503664
753, 1, 1.547395
753, 2, 2.360549
753, 3, 1.150858
753, 4, -0.339888
753, 5, 1.977463
753, 6, -0.000013
753, 7, 1.283832
753, 8, 3.385228
753, 9, 1.717014
753, 10, 1.799210
753, 11, 2.271102
753, 12, 2.560511
753, 13, 0.000000
753, 14, 2.587097
753, 15, 2.485561
753, 16, 1.129258
753, 17, 3.230499
753, 18, 3.588474
753, 19, 2.589026
753, 20, 4.295795
753, 21, 0.436530
753, 22, 2.161510
753, 23, 1.270559
753, 24, 1.134216
753, 25, 2.046121
753, 26, 1.007388
753, 27, 0.812977
753, 28, 1.975475
753, 29, 1.906381
753, 30, 0.668950
753, 31, 2.594984
753, 32, 0.422124
753, 33, 2.746268
753, 34, 2.380771
753, 35, 2.595866
753, 36, 2.294560
753, 37, 1.543817
753, 38, 0.375477
753, 39, 1.568437
753, 40, 2.687157
753, 41, 1.731120
753, 42, 1.011686
753, 43, 1.442728
753, 44, 0.519650
753, 45, 1.442192
753, 46, 2.172709
753, 47, 1.415481
753, 48, 2.600368
753, 49, -0.160065
753, 50, 2.174345
753, 51, 0.485420
753, 52, 1.514256
753, 53, -0.000015
753, 54, 2.747889
753, 55, 3.169916
753, 56, 2.525409
753, 57, 2.959951
753, 58, 0.829374
753, 59, 1.691667
753, 60, 0.000000
753, 61, 1.402721
753, 62, 2.046886
753, 63, 1.722669
753, 64, 2.057648
753, 65, 3.481108
753, 66, 1.750670
753, 67, 2.511020
753, 68, 1.571999
753, 69, 2.719984
753, 70, 2.955117
753, 71, 2.582992
753, 72, 3.799022
753, 73, 3.225908
753, 74, 1.580833
753, 75, 1.934788
753, 76, 1.049166
753, 77, 1.420346
753, 78, 1.805377
753, 79, 2.797783
753, 80, 2.673627
753, 81, 1.710896
753, 82, -0.110809
753, 83, 1.232627
753, 84, 0.939994
753, 85, 3.020049
753, 86, 3.294368
753, 87, 2.334270
753, 88, 1.398646
753, 89, 0.544654
753, 90, 1.203632
753, 91, 1.324227
753, 92, 0.672629
753, 93, 2.653581
753, 94, 1.666809
753, 95, 0.942471
753, 96, 1.644283
753, 97, 4.307207
753, 98, 2.144845
753, 99, 1.159450
753, 100, 0.792004
753, 101, -0.031273
753, 102, 1.856339
753, 103, 0.000000
753, 104, 3.435036
753, 105, 2.840246
753, 106, 1.431670
753, 107, 1.941565
753, 108, 0.639675
753, 109, 0.337671
753, 110, 1.771988
753, 111, 0.804809
753, 112, 1.185186
753, 113, 3.554016
753, 114, 1.046848
753, 115, 1.999007
753, 116, 1.438784
753, 117, 2.385584
753, 118, 1.582472
753, 119, 1.334032
753, 120, 2.301379
753, 121, 3.672932
753, 122, 2.492433
753, 123, 0.346461
753, 124, 2.149925
753, 125, 4.288826
753, 126, 1.258103
753, 127, 0.838413
753, 128, 0.513854
753, 129, 0.068566
753, 130, 1.536904
753, 131, 1.765901
753, 132, 1.469588
753, 133, 0.158527
753, 134, 1.165754
753, 135, 0.744959
753, 136, -0.000010
753, 137, 1.568804
753, 138, 0.987940
753, 139, 0.937750
753, 140, 3.508957
753, 141, 2.345867
753, 142, 3.132323
753, 143, 1.966595
753, 144, 1.508965
753, 145, 1.077613
753, 146, 1.966183
753, 147, 3.902195
753, 148, 2.480981
753, 149, 3.530863
753, 150, 1.562608
753, 151, 1.919488
753, 152, 2.086525
753, 153, 0.000000
753, 154, 1.593774
753, 155, 2.281430
753, 156, -0.010000
753, 157, 3.007377
753, 158, 1.993107
753, 159, 1.077853
753, 160, 2.943677
753, 161, 2.095658
753, 162, 3.447320
753, 163, 2.511911
753, 164, 3.356872
753, 165, 2.992039
753, 166, 3.635737
753, 167, 1.409328
753, 168, 0.324529
753, 169, 1.778097
753, 170, 1.509260
753, 171, 2.804983
753, 172, 2.699436
753, 173, 2.610573
753, 174, 2.099441
753, 175, 1.473969
753, 176, 3.356692
753, 177, 2.486873
753, 178, 0.529260
753, 179, 3.052516
753, 180, 3.518370
753, 181, 0.837788
753, 182, 3.133410
753, 183, -0.040000
753, 184, 0.631502
753, 185, 1.880346
753, 186, 3.361386
753, 187, 0.000000
753, 188, 2.168764
753, 189, 2.898547
753, 190, 2.387929
753, 191, 0.717938
753, 192, 2.100186
753, 193, 2.741532
753, 194, 1.537420
753, 195, -0.281318
753, 196, 3.982374
753, 197, 2.393707
753, 198, 2.281459
753, 199, 1.457210
755, 0, 1.503664
755, 1, 1.547395
755, 2, 2.363555
755, 3, 1.150858
755, 4, -0.339888
755, 5, 1.979514
755, 6, -0.000013
755, 7, 1.283833
755, 8, 3.365832
755, 9, 1.717014
755, 10, 1.799210
755, 11, 2.271102
755, 12, 2.550741
755, 13, 0.000000
755, 14, 2.587097
755, 15, 2.461930
755, 16, 1.129258
755, 17, 3.230419
755, 18, 3.585248
755, 19, 2.589026
755, 20, 4.272305
755, 21, 0.436530
755, 22, 2.161510
755, 23, 1.270559
755, 24, 1.114229
755, 25, 2.046121
755, 26, 1.007388
755, 27, 0.812977
755, 28, 1.978448
755, 29, 1.906076
755, 30, 0.668950
755, 31, 2.583804
755, 32, 0.422124
755, 33, 2.737587
755, 34, 2.377454
755, 35, 2.595855
755, 36, 2.294474
755, 37, 1.616870
755, 38, 0.375477
755, 39, 1.568437
755, 40, 2.687157
755, 41, 1.731182
755, 42, 1.011686
755, 43, 1.442728
755, 44, 0.519650
755, 45, 1.441910
755, 46, 2.189909
755, 47, 1.415481
755, 48, 2.600128
755, 49, -0.160065
755, 50, 2.174345
755, 51, 0.485420
755, 52, 1.514256
755, 53, -0.000015
755, 54, 2.720566
755, 55, 3.169913
755, 56, 2.527151
755, 57, 2.959969
755, 58, 0.829374
755, 59, 1.691667
755, 60, 0.000000
755, 61, 1.402721
755, 62, 2.046885
755, 63, 1.722669
755, 64, 2.057648
755, 65, 3.452083
755, 66, 1.750670
755, 67, 2.511020
755, 68, 1.571999
755, 69, 2.719988
755, 70, 2.954983
755, 71, 2.583014
755, 72, 3.798811
755, 73, 3.222477
755, 74, 1.580833
755, 75, 1.934788
755, 76, 1.049166
755, 77, 1.420346
755, 78, 1.805377
755, 79, 2.797782
755, 80, 2.673751
755, 81, 1.710896
755, 82, -0.110576
755, 83, 1.232502
755, 84, 0.939994
755, 85, 3.020050
755, 86, 3.304335
755, 87, 2.334270
755, 88, 1.398646
755, 89, 0.544654
755, 90, 1.203632
755, 91, 1.317311
755, 92, 0.672629
755, 93, 2.661277
755, 94, 1.665222
755, 95, 0.940984
755, 96, 1.645239
755, 97, 4.291975
755, 98, 2.148404
755, 99, 1.159450
755, 100, 0.792004
755, 101, -0.031273
755, 102, 1.856339
755, 103, 0.000000
755, 104, 3.438530
755, 105, 2.839419
755, 106, 1.431670
755, 107, 1.935861
755, 108, 0.639675
755, 109, 0.331148
755, 110, 1.771988
755, 111, 0.804373
755, 112, 1.185186
755, 113, 3.554595
755, 114, 1.046848
755, 115, 1.999007
755, 116, 1.438784
755, 117, 2.385743
755, 118, 1.574066
755, 119, 1.334032
755, 120, 2.301379
755, 121, 3.658494
755, 122, 2.491850
755, 123, 0.346461
755, 124, 2.149925
755, 125, 4.285840
755, 126, 1.258118
755, 127, 0.838413
755, 128, 0.513854
755, 129, 0.068566
755, 130, 1.536904
755, 131, 1.765902
755, 132, 1.469588
755, 133, 0.158527
755, 134, 1.165754
755, 135, 0.744959
755, 136, -0.000010
755, 137, 1.568764
755, 138, 0.987940
755, 139, 0.937750
755, 140, 3.513388
755, 141, 2.345868
755, 142, 3.142335
755, 143, 1.962193
755, 144, 1.508965
755, 145, 1.077613
755, 146, 1.966183
755, 147, 3.905477
755, 148, 2.480981
755, 149, 3.530782
755, 150, 1.562608
755, 151, 1.921962
755, 152, 2.086525
755, 153, 0.000000
755, 154, 1.593774
755, 155, 2.281431
755, 156, -0.010000
755, 157, 3.007382
755, 158, 1.993107
755, 159, 1.077853
755, 160, 2.932876
755, 161, 2.095658
755, 162, 3.453439
755, 163, 2.511911
755, 164, 3.356872
755, 165, 2.991180
755, 166, 3.632794
755, 167, 1.409328
755, 168, 0.324529
755, 169, 1.778098
755, 170, 1.509260
755, 171, 2.807896
755, 172, 2.664297
755, 173, 2.613635
755, 174, 2.114312
755, 175, 1.473801
755, 176, 3.359986
755, 177, 2.492721
755, 178, 0.529260
755, 179, 3.051401
755, 180, 3.509576
755, 181, 0.837788
755, 182, 3.133410
755, 183, -0.040000
755, 184, 0.631502
755, 185, 1.880346
755, 186, 3.377853
755, 187, 0.000000
755, 188, 2.169612
755, 189, 2.888710
755, 190, 2.387929
755, 191, 0.717938
755, 192, 2.140605
755, 193, 2.743075
755, 194, 1.537421
755, 195, -0.281319
755, 196, 3.982289
755, 197, 2.393416
755, 198, 2.281441
755, 199, 1.457175
757, 0, 1.503664
757, 1, 1.547396
757, 2, 2.359994
757, 3, 1.150859
757, 4, -0.339888
757, 5, 1.979063
757, 6, -0.000013
757, 7, 1.283834
757, 8, 3.356826
757, 9, 1.717014
757, 10, 1.799210
757, 11, 2.271102
757, 12, 2.545631
757, 13, 0.000000
757, 14, 2.587095
757, 15, 2.433254
757, 16, 1.129258
757, 17, 3.227870
757, 18, 3.587826
757, 19, 2.589026
757, 20, 4.296714
757, 21, 0.436530
757, 22, 2.161510
757, 23, 1.270559
757, 24, 1.098067
757, 25, 2.046121
757, 26, 1.007388
757, 27, 0.812977
757, 28, 1.980298
757, 29, 1.910606
757, 30, 0.668950
757, 31, 2.578857
757, 32, 0.422124
757, 33, 2.727001
757, 34, 2.382705
757, 35, 2.595840
757, 36, 2.296427
757, 37, 1.524272
757, 38, 0.375477
757, 39, 1.568437
757, 40, 2.687157
757, 41, 1.731244
757, 42, 1.011686
757, 43, 1.442728
757, 44, 0.519650
757, 45, 1.446102
757, 46, 2.200555
757, 47, 1.415481
757, 48, 2.599213
757, 49, -0.160065
757, 50, 2.174345
757, 51, 0.485420
757, 52, 1.514256
757, 53, -0.000015
757, 54, 2.740098
757, 55, 3.169321
757, 56, 2.527943
757, 57, 2.959984
757, 58, 0.829374
757, 59, 1.691667
757, 60, 0.000000
757, 61, 1.402721
757, 62, 2.046885
757, 63, 1.722669
757, 64, 2.057648
757, 65, 3.462419
757, 66, 1.750670
757, 67, 2.511020
757, 68, 1.571999
757, 69, 2.719992
757, 70, 2.954276
757, 71, 2.583023
757, 72, 3.796803
757, 73, 3.220321
757, 74, 1.580833
757, 75, 1.934788
757, 76, 1.049166
757, 77, 1.420346
757, 78, 1.805377
757, 79, 2.797782
757, 80, 2.673490
757, 81, 1.710896
757, 82, -0.110706
757, 83, 1.232509
757, 84, 0.939994
757, 85, 3.020050
757, 86, 3.299741
757, 87, 2.334270
757, 88, 1.398646
757, 89, 0.544654
757, 90, 1.203632
757, 91, 1.316250
757, 92, 0.672629
757, 93, 2.665374
757, 94, 1.669559
757, 95, 0.931847
757, 96, 1.662078
757, 97, 4.307216
757, 98, 2.155807
757, 99, 1.159450
757, 100, 0.792004
757, 101, -0.031273
757, 102, 1.856339
757, 103, 0.000000
757, 104, 3.443620
757, 105, 2.839311
757, 106, 1.431670
757, 107, 1.932963
757, 108, 0.639675
757, 109, 0.323332
757, 110, 1.771988
757, 111, 0.804394
757, 112, 1.185186
757, 113, 3.554757
757, 114, 1.046848
757, 115, 1.999007
757, 116, 1.438784
757, 117, 2.385823
757, 118, 1.559281
757, 119, 1.334032
757, 120, 2.301379
757, 121, 3.600722
757, 122, 2.491719
757, 123, 0.346461
757, 124, 2.149925
757, 125, 4.265974
757, 126, 1.258169
757, 127, 0.838413
757, 128, 0.513854
757, 129, 0.068566
757, 130, 1.536904
757, 131, 1.765901
757, 132, 1.469588
757, 133, 0.158527
757, 134, 1.165754
757, 135, 0.744959
757, 136, -0.000010
757, 137, 1.568743
757, 138, 0.987940
757, 139, 0.937750
757, 140, 3.515474
757, 141, 2.345868
757, 142, 3.109946
757, 143, 1.954393
757, 144, 1.508965
757, 145, 1.077613
757, 146, 1.966183
757, 147, 3.908340
757, 148, 2.480981
757, 149, 3.529182
757, 150, 1.562608
757, 151, 1.925644
757, 152, 2.086525
757, 153, 0.000000
757, 154, 1.593774
757, 155, 2.281431
757, 156, -0.010000
757, 157, 3.007390
757, 158, 1.993107
757, 159, 1.077853
757, 160, 2.936559
757, 161, 2.095658
757, 162, 3.454543
757, 163, 2.510499
757, 164, 3.356872
757, 165, 2.992355
757, 166, 3.635476
757, 167, 1.409328
757, 168, 0.324529
757, 169, 1.778052
757, 170, 1.509260
757, 171, 2.809609
757, 172, 2.721786
757, 173, 2.618047
757, 174, 2.130126
757, 175, 1.471940
757, 176, 3.360126
757, 177, 2.506469
757, 178, 0.529260
757, 179, 3.047158
757, 180, 3.517963
757, 181, 0.837788
757, 182, 3.133410
757, 183, -0.040000
757, 184, 0.631502
757, 185, 1.880346
757, 186, 3.344650
757, 187, 0.000000
757, 188, 2.164721
757, 189, 2.910843
757, 190, 2.387929
757, 191, 0.717938
757, 192, 2.069029
757, 193, 2.740735
757, 194, 1.537421
757, 195, -0.281319
757, 196, 3.983040
757, 197, 2.393416
757, 198, 2.281428
757, 199, 1.457113
759, 0, 1.503664
759, 1, 1.547395
759, 2, 2.346673
759, 3, 1.150859
759, 4, -0.339888
759, 5, 1.978903
759, 6, -0.000013
759, 7, 1.283834
759, 8, 3.366005
759, 9, 1.717014
759, 10, 1.799210
759, 11, 2.271102
759, 12, 2.534542
759, 13, 0.000000
759, 14, 2.587091
759, 15, 2.444643
759, 16, 1.129258
759, 17, 3.227569
759, 18, 3.586852
759, 19, 2.589026
759, 20, 4.296717
759, 21, 0.436530
759, 22, 2.161510
759, 23, 1.270559
759, 24, 1.095917
759, 25, 2.046121
759, 26, 1.007388
759, 27, 0.812977
759, 28, 1.981457
759, 29, 1.910717
759, 30, 0.668950
759, 31, 2.568449
759, 32, 0.422124
759, 33, 2.711125
759, 34, 2.391226
759, 35, 2.595825
759, 36, 2.298006
759, 37, 1.447126
759, 38, 0.375477
759, 39, 1.568437
759, 40, 2.687157
759, 41, 1.731297
759, 42, 1.011686
759, 43, 1.442728
759, 44, 0.519650
759, 45, 1.446209
759, 46, 2.215207
759, 47, 1.415481
759, 48, 2.598639
759, 49, -0.160065
759, 50, 2.174345
759, 51, 0.485420
759, 52, 1.514256
759, 53, -0.000015
759, 54, 2.783217
759, 55, 3.169961
759, 56, 2.522360
759, 57, 2.959999
759, 58, 0.829374
759, 59, 1.691667
759, 60, 0.000000
759, 61, 1.402721
759, 62, 2.046885
759, 63, 1.722669
759, 64, 2.057648
759, 65, 3.468097
759, 66, 1.750670
759, 67, 2.511020
759, 68, 1.571999
759, 69, 2.719992
759, 70, 2.954057
759, 71, 2.583026
759, 72, 3.798624
759, 73, 3.217053
759, 74, 1.580833
759, 75, 1.934788
759, 76, 1.049166
759, 77, 1.420346
759, 78, 1.805377
759, 79, 2.797782
759, 80, 2.672893
759, 81, 1.710896
759, 82, -0.110718
759, 83, 1.232608
759, 84, 0.939994
759, 85, 3.020050
759, 86, 3.301656
759, 87, 2.334270
759, 88, 1.398646
759, 89, 0.544654
759, 90, 1.203633
759, 91, 1.314440
759, 92, 0.672629
759, 93, 2.679250
759, 94, 1.668193
759, 95, 0.915913
759, 96, 1.659217
759, 97, 4.306952
759, 98, 2.155359
759, 99, 1.159450
759, 100, 0.792004
759, 101, -0.031273
759, 102, 1.856339
759, 103, 0.000000
759, 104, 3.418945
759, 105, 2.839406
759, 106, 1.431670
759, 107, 1.949331
759, 108, 0.639675
759, 109, 0.350574
759, 110, 1.771988
759, 111, 0.804744
759, 112, 1.185186
759, 113, 3.555829
759, 114, 1.046848
759, 115, 1.999007
759, 116, 1.438784
759, 117, 2.385853
759, 118, 1.562812
759, 119, 1.334032
759, 120, 2.301379
759, 121, 3.668093
759, 122, 2.493788
759, 123, 0.346461
759, 124, 2.149926
759, 125, 4.288362
759, 126, 1.258234
759, 127, 0.838413
759, 128, 0.513854
759, 129, 0.068566
759, 130, 1.536904
759, 131, 1.765901
759, 132, 1.469588
759, 133, 0.158527
759, 134, 1.165754
759, 135, 0.744959
759, 136, -0.000010
759, 137, 1.568730
759, 138, 0.987940
759, 139, 0.937750
759, 140, 3.521010
759, 141, 2.345870
759, 142, 3.123729
759, 143, 1.956316
759, 144, 1.508965
759, 145, 1.077613
759, 146, 1.966183
759, 147, 3.899910
759, 148, 2.480981
759, 149, 3.530830
759, 150, 1.562608
759, 151, 1.922585
759, 152, 2.086525
759, 153, 0.000000
759, 154, 1.593774
759, 155, 2.281430
759, 156, -0.010000
759, 157, 3.007399
759, 158, 1.993107
759, 159, 1.077853
759, 160, 2.955050
759, 161, 2.095658
759, 162, 3.452870
759, 163, 2.510499
759, 164, 3.356873
759, 165, 2.992400
759, 166, 3.626956
759, 167, 1.409328
759, 168, 0.324529
759, 169, 1.777768
759, 170, 1.509260
759, 171, 2.818743
759, 172, 2.704460
759, 173, 2.620542
759, 174, 2.139992
759, 175, 1.470139
759, 176, 3.356692
759, 177, 2.497853
759, 178, 0.529260
759, 179, 3.050590
759, 180, 3.512221
759, 181, 0.837788
759, 182, 3.133410
759, 183, -0.040000
759, 184, 0.631502
759, 185, 1.880346
759, 186, 3.383434
759, 187, 0.000000
759, 188, 2.170057
759, 189, 2.922668
759, 190, 2.387929
759, 191, 0.717938
759, 192, 2.128727
759, 193, 2.735787
759, 194, 1.537421
759, 195, -0.281320
759, 196, 3.980805
759, 197, 2.393417
759, 198, 2.281417
759, 199, 1.457057
761, 0, 1.503664
761, 1, 1.547395
761, 2, 2.357529
761, 3, 1.150856
761, 4, -0.339888
761, 5, 1.979201
761, 6, -0.000013
761, 7, 1.283830
761, 8, 3.332758
761, 9, 1.717014
761, 10, 1.799209
761, 11, 2.271102
761, 12, 2.527398
761, 13, 0.000000
761, 14, 2.587086
761, 15, 2.468973
761, 16, 1.129258
761, 17, 3.220395
761, 18, 3.586141
761, 19, 2.589026
761, 20, 4.278922
761, 21, 0.436530
761, 22, 2.161510
761, 23, 1.270559
761, 24, 1.094528
761, 25, 2.046121
761, 26, 1.007388
761, 27, 0.812977
761, 28, 1.982178
761, 29, 1.910708
761, 30, 0.668950
761, 31, 2.561652
761, 32, 0.422124
761, 33, 2.745738
761, 34, 2.384151
761, 35, 2.595810
761, 36, 2.299456
761, 37, 1.612343
761, 38, 0.375477
761, 39, 1.568437
761, 40, 2.687157
761, 41, 1.731339
761, 42, 1.011686
761, 43, 1.442728
761, 44, 0.519650
761, 45, 1.446203
761, 46, 2.216470
761, 47, 1.415481
761, 48, 2.599861
761, 49, -0.160065
761, 50, 2.174345
761, 51, 0.485420
761, 52, 1.514256
761, 53, -0.000015
761, 54, 2.726457
761, 55, 3.168756
761, 56, 2.529564
761, 57, 2.960014
761, 58, 0.829374
761, 59, 1.691667
761, 60, 0.000000
761, 61, 1.402721
761, 62, 2.046886
761, 63, 1.722669
761, 64, 2.057648
761, 65, 3.481629
761, 66, 1.750670
761, 67, 2.511020
761, 68, 1.571999
761, 69, 2.719993
761, 70, 2.954731
761, 71, 2.583027
761, 72, 3.798670
761, 73, 3.214002
761, 74, 1.580833
761, 75, 1.934788
761, 76, 1.049166
761, 77, 1.420346
761, 78, 1.805377
761, 79, 2.797782
761, 80, 2.672652
761, 81, 1.710896
761, 82, -0.110575
761, 83, 1.232704
761, 84, 0.939994
761, 85, 3.020049
761, 86, 3.304337
761, 87, 2.334270
761, 88, 1.398646
761, 89, 0.544654
761, 90, 1.203634
761, 91, 1.314192
761, 92, 0.672629
761, 93, 2.641715
761, 94, 1.666782
761, 95, 0.923441
761, 96, 1.650197
761, 97, 4.307066
761, 98, 2.156472
761, 99, 1.159450
761, 100, 0.792004
761, 101, -0.031273
761, 102, 1.856339
761, 103, 0.000000
761, 104, 3.410298
761, 105, 2.839399
761, 106, 1.431670
761, 107, 1.936405
761, 108, 0.639675
761, 109, 0.366321
761, 110, 1.771988
761, 111, 0.805596
761, 112, 1.185186
761, 113, 3.549512
761, 114, 1.046848
761, 115, 1.999007
761, 116, 1.438784
761, 117, 2.385864
761, 118, 1.587230
761, 119, 1.334032
761, 120, 2.301379
761, 121, 3.686072
761, 122, 2.494935
761, 123, 0.346461
761, 124, 2.149925
761, 125, 4.289101
761, 126, 1.258299
761, 127, 0.838413
761, 128, 0.513854
761, 129, 0.068566
761, 130, 1.536904
761, 131, 1.765901
761, 132, 1.469587
761, 133, 0.158527
761, 134, 1.165754
761, 135, 0.744959
761, 136, -0.000010
761, 137, 1.568718
761, 138, 0.987940
761, 139, 0.937750
761, 140, 3.524044
761, 141, 2.345870
761, 142, 3.121392
761, 143, 1.962857
761, 144, 1.508965
761, 145, 1.077613
761, 146, 1.966183
761, 147, 3.888035
761, 148, 2.480981
761, 149, 3.530678
761, 150, 1.562608
761, 151, 1.921558
761, 152, 2.086525
761, 153, 0.000000
761, 154, 1.593774
761, 155, 2.281430
761, 156, -0.010000
761, 157, 3.007399
761, 158, 1.993107
761, 159, 1.077853
761, 160, 2.904239
761, 161, 2.095658
761, 162, 3.446044
761, 163, 2.510499
761, 164, 3.356873
761, 165, 2.992398
761, 166, 3.626563
761, 167, 1.409328
761, 168, 0.324529
761, 169, 1.777590
761, 170, 1.509260
761, 171, 2.801368
761, 172, 2.717634
761, 173, 2.625583
761, 174, 2.166348
761, 175, 1.467328
761, 176, 3.358346
761, 177, 2.501518
761, 178, 0.529260
761, 179, 3.046829
761, 180, 3.491290
761, 181, 0.837788
761, 182, 3.133410
761, 183, -0.040000
761, 184, 0.631502
761, 185, 1.880346
761, 186, 3.364711
761, 187, 0.000000
761, 188, 2.176041
761, 189, 2.920306
761, 190, 2.387929
761, 191, 0.717938
761, 192, 2.129256
761, 193, 2.740624
761, 194, 1.537419
761, 195, -0.281317
761, 196, 3.973667
761, 197, 2.393417
761, 198, 2.281408
761, 199, 1.457016
763, 0, 1.503664
763, 1, 1.547395
763, 2, 2.260169
763, 3, 1.150858
763, 4, -0.339888
763, 5, 1.980631
763, 6, -0.000013
763, 7, 1.283832
763, 8, 3.343954
763, 9, 1.717014
763, 10, 1.799210
763, 11, 2.271102
763, 12, 2.520209
763, 13, 0.000000
763, 14, 2.586579
763, 15, 2.504323
763, 16, 1.129258
763, 17, 3.231306
763, 18, 3.588105
763, 19, 2.589026
763, 20, 4.264521
763, 21, 0.436530
763, 22, 2.161510
763, 23, 1.270559
763, 24, 1.107720
763, 25, 2.046121
763, 26, 1.007388
763, 27, 0.812977
763, 28, 1.979896
763, 29, 1.908650
763, 30, 0.668950
763, 31, 2.554808
763, 32, 0.422124
763, 33, 2.729309
763, 34, 2.362442
763, 35, 2.595438
763, 36, 2.296350
763, 37, 1.678686
763, 38, 0.375477
763, 39, 1.568437
763, 40, 2.687157
763, 41, 1.731377
763, 42, 1.011686
763, 43, 1.442728
763, 44, 0.519650
763, 45, 1.444286
763, 46, 2.218090
763, 47, 1.415481
763, 48, 2.598391
763, 49, -0.160065
763, 50, 2.174345
763, 51, 0.485420
763, 52, 1.514256
763, 53, -0.000015
763, 54, 2.743061
763, 55, 3.170458
763, 56, 2.527141
763, 57, 2.959790
763, 58, 0.829374
763, 59, 1.691667
763, 60, 0.000000
763, 61, 1.402721
763, 62, 2.046886
763, 63, 1.722669
763, 64, 2.057648
763, 65, 3.453102
763, 66, 1.750670
763, 67, 2.511020
763, 68, 1.571999
763, 69, 2.719993
763, 70, 2.954312
763, 71, 2.590904
763, 72, 3.798045
763, 73, 3.211715
763, 74, 1.580833
763, 75, 1.934788
763, 76, 1.049166
763, 77, 1.420346
763, 78, 1.805377
763, 79, 2.797783
763, 80, 2.672865
763, 81, 1.710896
763, 82, -0.109261
763, 83, 1.232874
763, 84, 0.939994
763, 85, 3.020050
763, 86, 3.322949
763, 87, 2.334270
763, 88, 1.398646
763, 89, 0.544654
763, 90, 1.203634
763, 91, 1.295376
763, 92, 0.672629
763, 93, 2.657889
763, 94, 1.668163
763, 95, 0.934004
763, 96, 1.640561
763, 97, 4.301954
763, 98, 2.154160
763, 99, 1.159450
763, 100, 0.792004
763, 101, -0.031273
763, 102, 1.856339
763, 103, 0.000000
763, 104, 3.388240
763, 105, 2.837058
763, 106, 1.431670
763, 107, 1.962659
763, 108, 0.639675
763, 109, 0.403740
763, 110, 1.771988
763, 111, 0.806971
763, 112, 1.185186
763, 113, 3.520355
763, 114, 1.046848
763, 115, 1.999007
763, 116, 1.438784
763, 117, 2.385446
763, 118, 1.583677
763, 119, 1.334032
763, 120, 2.301379
763, 121, 3.655698
763, 122, 2.497518
763, 123, 0.346461
763, 124, 2.149925
763, 125, 4.282414
763, 126, 1.258667
763, 127, 0.838413
763, 128, 0.513162
763, 129, 0.068566
763, 130, 1.536904
763, 131, 1.765902
763, 132, 1.469587
763, 133, 0.158527
763, 134, 1.165754
763, 135, 0.744959
763, 136, -0.000010
763, 137, 1.568856
763, 138, 0.987940
763, 139, 0.937750
763, 140, 3.519418
763, 141, 2.345870
763, 142, 3.132693
763, 143, 1.961027
763, 144, 1.508965
763, 145, 1.077613
763, 146, 1.966183
763, 147, 3.911448
763, 148, 2.480981
763, 149, 3.530213
763, 150, 1.562608
763, 151, 1.921318
763, 152, 2.086526
763, 153, 0.000000
763, 154, 1.593774
763, 155, 2.281430
763, 156, -0.010000
763, 157, 3.009533
763, 158, 1.993107
763, 159, 1.077853
763, 160, 2.943091
763, 161, 2.095658
763, 162, 3.451787
763, 163, 2.510499
763, 164, 3.357759
763, 165, 2.991641
763, 166, 3.633953
763, 167, 1.409328
763, 168, 0.324529
763, 169, 1.777519
763, 170, 1.509260
763, 171, 2.812851
763, 172, 2.729355
763, 173, 2.628807
763, 174, 2.182873
763, 175, 1.463152
763, 176, 3.366225
763, 177, 2.487357
763, 178, 0.529260
763, 179, 3.049106
763, 180, 3.466999
763, 181, 0.837788
763, 182, 3.133410
763, 183, -0.040000
763, 184, 0.631502
763, 185, 1.880346
763, 186, 3.380982
763, 187, 0.000000
763, 188, 2.175728
763, 189, 2.930146
763, 190, 2.387929
763, 191, 0.717938
763, 192, 2.130877
763, 193, 2.742814
763, 194, 1.537420
763, 195, -0.281318
763, 196, 3.981837
763, 197, 2.396854
763, 198, 2.281400
763, 199, 1.456990
765, 0, 1.503664
765, 1, 1.547395
765, 2, 2.296984
765, 3, 1.150858
765, 4, -0.339888
765, 5, 1.984895
765, 6, -0.000013
765, 7, 1.283833
765, 8, 3.344566
765, 9, 1.717014
765, 10, 1.799210
765, 11, 2.271102
765, 12, 2.520616
765, 13, 0.000000
765, 14, 2.586694
765, 15, 2.503304
765, 16, 1.129258
765, 17, 3.210593
765, 18, 3.587386
765, 19, 2.601861
765, 20, 4.285929
765, 21, 0.436530
765, 22, 2.161510
765, 23, 1.270559
765, 24, 1.148601
765, 25, 2.046121
765, 26, 1.007388
765, 27, 0.812977
765, 28, 1.981206
765, 29, 1.904009
765, 30, 0.668950
765, 31, 2.554865
765, 32, 0.422124
765, 33, 2.740725
765, 34, 2.365658
765, 35, 2.595507
765, 36, 2.297877
765, 37, 1.726052
765, 38, 0.375477
765, 39, 1.568437
765, 40, 2.687157
765, 41, 1.731342
765, 42, 1.011686
765, 43, 1.442728
765, 44, 0.519650
765, 45, 1.440000
765, 46, 2.108049
765, 47, 1.415481
765, 48, 2.597599
765, 49, -0.160065
765, 50, 2.174345
765, 51, 0.485420
765, 52, 1.514256
765, 53, -0.000015
765, 54, 2.781520
765, 55, 3.171069
765, 56, 2.534398
765, 57, 2.959860
765, 58, 0.829374
765, 59, 1.691667
765, 60, 0.000000
765, 61, 1.402721
765, 62, 2.046885
765, 63, 1.722669
765, 64, 2.057648
765, 65, 3.446841
765, 66, 1.750670
765, 67, 2.511020
765, 68, 1.571999
765, 69, 2.719993
765, 70, 2.954273
765, 71, 2.583025
765, 72, 3.797942
765, 73, 3.211537
765, 74, 1.580833
765, 75, 1.934788
765, 76, 1.049166
765, 77, 1.420346
765, 78, 1.805377
765, 79, 2.797782
765, 80, 2.673884
765, 81, 1.710896
765, 82, -0.106424
765, 83, 1.232720
765, 84, 0.939994
765, 85, 3.020049
765, 86, 3.326706
765, 87, 2.334270
765, 88, 1.398646
765, 89, 0.544654
765, 90, 1.203635
765, 91, 1.284159
765, 92, 0.672629
765, 93, 2.681590
765, 94, 1.660458
765, 95, 0.915941
765, 96, 1.644304
765, 97, 4.304146
765, 98, 2.133581
765, 99, 1.159450
765, 100, 0.792004
765, 101, -0.031273
765, 102, 1.856339
765, 103, 0.000000
765, 104, 3.380582
765, 105, 2.835639
765, 106, 1.431670
765, 107, 1.943081
765, 108, 0.639675
765, 109, 0.420900
765, 110, 1.771988
765, 111, 0.808455
765, 112, 1.185186
765, 113, 3.500234
765, 114, 1.046848
765, 115, 1.999007
765, 116, 1.438784
765, 117, 2.385025
765, 118, 1.590019
765, 119, 1.334032
765, 120, 2.301379
765, 121, 3.674513
765, 122, 2.499369
765, 123, 0.346461
765, 124, 2.149925
765, 125, 4.288285
765, 126, 1.259183
765, 127, 0.838413
765, 128, 0.512609
765, 129, 0.068566
765, 130, 1.536904
765, 131, 1.765902
765, 132, 1.469587
765, 133, 0.158527
765, 134, 1.165754
765, 135, 0.744959
765, 136, -0.000010
765, 137, 1.569070
765, 138, 0.987940
765, 139, 0.937750
765, 140, 3.525191
765, 141, 2.345871
765, 142, 3.111240
765, 143, 1.962758
765, 144, 1.508965
765, 145, 1.077613
765, 146, 1.966183
765, 147, 3.911308
765, 148, 2.480981
765, 149, 3.529275
765, 150, 1.562608
765, 151, 1.920381
765, 152, 2.086525
765, 153, 0.000000
765, 154, 1.593774
765, 155, 2.281431
765, 156, -0.010000
765, 157, 3.007377
765, 158, 1.993107
765, 159, 1.077853
765, 160, 2.864536
765, 161, 2.095658
765, 162, 3.454552
765, 163, 2.510499
765, 164, 3.356868
765, 165, 2.989943
765, 166, 3.635936
765, 167, 1.409328
765, 168, 0.324529
765, 169, 1.777907
765, 170, 1.509260
765, 171, 2.811445
765, 172, 2.739682
765, 173, 2.630077
765, 174, 2.248792
765, 175, 1.452659
765, 176, 3.361823
765, 177, 2.478185
765, 178, 0.529260
765, 179, 3.049968
765, 180, 3.437229
765, 181, 0.837788
765, 182, 3.133410
765, 183, -0.040000
765, 184, 0.631502
765, 185, 1.880346
765, 186, 3.374195
765, 187, 0.000000
765, 188, 2.166652
765, 189, 2.888456
765, 190, 2.387929
765, 191, 0.717938
765, 192, 2.088415
765, 193, 2.743666
765, 194, 1.537421
765, 195, -0.281319
765, 196, 3.982163
765, 197, 2.396865
765, 198, 2.281449
765, 199, 1.457197
767, 0, 1.503664
767, 1, 1.547395
767, 2, 2.306582
767, 3, 1.150859
767, 4, -0.339888
767, 5, 1.987641
767, 6, -0.000013
767, 7, 1.283834
767, 8, 3.350780
767, 9, 1.717014
767, 10, 1.799210
767, 11, 2.271102
767, 12, 2.525182
767, 13, 0.000000
767, 14, 2.586417
767, 15, 2.531560
767, 16, 1.129258
767, 17, 3.229249
767, 18, 3.583524
767, 19, 2.591457
767, 20, 4.272832
767, 21, 0.436530
767, 22, 2.161510
767, 23, 1.270559
767, 24, 1.166821
767, 25, 2.046121
767, 26, 1.007388
767, 27, 0.812977
767, 28, 1.980504
767, 29, 1.902933
767, 30, 0.668950
767, 31, 2.558733
767, 32, 0.422124
767, 33, 2.696551
767, 34, 2.398143
767, 35, 2.595300
767, 36, 2.296149
767, 37, 1.643625
767, 38, 0.375477
767, 39, 1.568437
767, 40, 2.687157
767, 41, 1.731334
767, 42, 1.011686
767, 43, 1.442728
767, 44, 0.519650
767, 45, 1.439033
767, 46, 2.173448
767, 47, 1.415481
767, 48, 2.597298
767, 49, -0.160065
767, 50, 2.174345
767, 51, 0.485420
767, 52, 1.514256
767, 53, -0.000015
767, 54, 2.782613
767, 55, 3.166339
767, 56, 2.530614
767, 57, 2.959963
767, 58, 0.829374
767, 59, 1.691667
767, 60, 0.000000
767, 61, 1.402721
767, 62, 2.046885
767, 63, 1.722669
767, 64, 2.057648
767, 65, 3.476060
767, 66, 1.750670
767, 67, 2.511020
767, 68, 1.571999
767, 69, 2.719993
767, 70, 2.954938
767, 71, 2.586303
767, 72, 3.798710
767, 73, 3.212980
767, 74, 1.580833
767, 75, 1.934788
767, 76, 1.049166
767, 77, 1.420346
767, 78, 1.805377
767, 79, 2.797782
767, 80, 2.674218
767, 81, 1.710896
767, 82, -0.105776
767, 83, 1.232454
767, 84, 0.939994
767, 85, 3.020049
767, 86, 3.332329
767, 87, 2.334270
767, 88, 1.398646
767, 89, 0.544654
767, 90, 1.203635
767, 91, 1.276679
767, 92, 0.672629
767, 93, 2.693983
767, 94, 1.649896
767, 95, 0.878303
767, 96, 1.644574
767, 97, 4.304286
767, 98, 2.138993
767, 99, 1.159450
767, 100, 0.792004
767, 101, -0.031273
767, 102, 1.856339
767, 103, 0.000000
767, 104, 3.415384
767, 105, 2.834685
767, 106, 1.431670
767, 107, 1.949237
767, 108, 0.639675
767, 109, 0.408409
767, 110, 1.771988
767, 111, 0.809716
767, 112, 1.185186
767, 113, 3.552933
767, 114, 1.041432
767, 115, 1.999007
767, 116, 1.438784
767, 117, 2.384551
767, 118, 1.573929
767, 119, 1.334032
767, 120, 2.301379
767, 121, 3.654552
767, 122, 2.498586
767, 123, 0.346461
767, 124, 2.149925
767, 125, 4.283643
767, 126, 1.259267
767, 127, 0.838413
767, 128, 0.512609
767, 129, 0.068566
767, 130, 1.536904
767, 131, 1.765901
767, 132, 1.469588
767, 133, 0.158527
767, 134, 1.165754
767, 135, 0.744959
767, 136, -0.000010
767, 137, 1.569071
767, 138, 0.987940
767, 139, 0.937750
767, 140, 3.524142
767, 141, 2.345871
767, 142, 3.098219
767, 143, 1.954191
767, 144, 1.508965
767, 145, 1.077613
767, 146, 1.966183
767, 147, 3.903858
767, 148, 2.480981
767, 149, 3.529151
767, 150, 1.562608
767, 151, 1.923343
767, 152, 2.086525
767, 153, 0.000000
767, 154, 1.593774
767, 155, 2.281431
767, 156, -0.010000
767, 157, 3.011660
767, 158, 1.993107
767, 159, 1.077853
767, 160, 2.925318
767, 161, 2.095658
767, 162, 3.460000
767, 163, 2.510499
767, 164, 3.357435
767, 165, 2.989568
767, 166, 3.630901
767, 167, 1.409328
767, 168, 0.324529
767, 169, 1.778464
767, 170, 1.509260
767, 171, 2.813688
767, 172, 2.725737
767, 173, 2.630911
767, 174, 2.259423
767, 175, 1.446430
767, 176, 3.360049
767, 177, 2.473816
767, 178, 0.529260
767, 179, 3.045238
767, 180, 3.512442
767, 181, 0.837788
767, 182, 3.133410
767, 183, -0.040000
767, 184, 0.631502
767, 185, 1.880346
767, 186, 3.373168
767, 187, 0.000000
767, 188, 2.148153
767, 189, 2.912567
767, 190, 2.387929
767, 191, 0.717938
767, 192, 2.063402
767, 193, 2.742670
767, 194, 1.537421
767, 195, -0.281319
767, 196, 3.981096
767, 197, 2.395311
767, 198, 2.281425
767, 199, 1.457436
769, 0, 1.503664
769, 1, 1.547395
769, 2, 2.370081
769, 3, 1.150859
769, 4, -0.339888
769, 5, 1.989935
769, 6, -0.000013
769, 7, 1.283834
769, 8, 3.347827
769, 9, 1.717014
769, 10, 1.799210
769, 11, 2.271102
769, 12, 2.522588
769, 13, 0.000000
769, 14, 2.586816
769, 15, 2.495572
769, 16, 1.129258
769, 17, 3.208818
769, 18, 3.585759
769, 19, 2.589026
769, 20, 4.204869
769, 21, 0.436530
769, 22, 2.161510
769, 23, 1.270559
769, 24, 1.152588
769, 25, 2.046121
769, 26, 1.007388
769, 27, 0.812977
769, 28, 1.981586
769, 29, 1.902296
769, 30, 0.668950
769, 31, 2.556076
769, 32, 0.422124
769, 33, 2.715684
769, 34, 2.395025
769, 35, 2.595569
769, 36, 2.296229
769, 37, 1.586157
769, 38, 0.375477
769, 39, 1.568437
769, 40, 2.687157
769, 41, 1.731356
769, 42, 1.011686
769, 43, 1.442728
769, 44, 0.519650
769, 45, 1.438467
769, 46, 2.186177
769, 47, 1.415481
769, 48, 2.597176
769, 49, -0.160065
769, 50, 2.174345
769, 51, 0.485420
769, 52, 1.514256
769, 53, -0.000015
769, 54, 2.744704
769, 55, 3.169930
769, 56, 2.522418
769, 57, 2.960165
769, 58, 0.829374
769, 59, 1.691667
769, 60, 0.000000
769, 61, 1.402721
769, 62, 2.046885
769, 63, 1.722669
769, 64, 2.057648
769, 65, 3.446745
769, 66, 1.750670
769, 67, 2.511020
769, 68, 1.571999
769, 69, 2.719993
769, 70, 2.955062
769, 71, 2.583027
769, 72, 3.798328
769, 73, 3.211972
769, 74, 1.580833
769, 75, 1.934788
769, 76, 1.049166
769, 77, 1.420346
769, 78, 1.805377
769, 79, 2.797782
769, 80, 2.674277
769, 81, 1.710896
769, 82, -0.104982
769, 83, 1.231869
769, 84, 0.939994
769, 85, 3.020050
769, 86, 3.324731
769, 87, 2.334270
769, 88, 1.398646
769, 89, 0.544654
769, 90, 1.203635
769, 91, 1.273945
769, 92, 0.672629
769, 93, 2.633712
769, 94, 1.650341
769, 95, 0.897579
769, 96, 1.641999
769, 97, 4.261743
769, 98, 2.143815
769, 99, 1.159450
769, 100, 0.792004
769, 101, -0.031273
769, 102, 1.856339
769, 103, 0.000000
769, 104, 3.434079
769, 105, 2.834344
769, 106, 1.431670
769, 107, 1.941638
769, 108, 0.639675
769, 109, 0.368455
769, 110, 1.771988
769, 111, 0.810924
769, 112, 1.185186
769, 113, 3.554084
769, 114, 1.041432
769, 115, 1.999007
769, 116, 1.438784
769, 117, 2.384999
769, 118, 1.569538
769, 119, 1.334032
769, 120, 2.301379
769, 121, 3.672609
769, 122, 2.495926
769, 123, 0.346461
769, 124, 2.149926
769, 125, 4.288313
769, 126, 1.259279
769, 127, 0.838413
769, 128, 0.512609
769, 129, 0.068566
769, 130, 1.536904
769, 131, 1.765901
769, 132, 1.469588
769, 133, 0.158527
769, 134, 1.165754
769, 135, 0.744959
769, 136, -0.000010
769, 137, 1.569038
769, 138, 0.987940
769, 139, 0.937750
769, 140, 3.525658
769, 141, 2.345871
769, 142, 3.047076
769, 143, 1.951887
769, 144, 1.508965
769, 145, 1.077613
769, 146, 1.966183
769, 147, 3.906041
769, 148, 2.480981
769, 149, 3.529958
769, 150, 1.562608
769, 151, 1.924964
769, 152, 2.086525
769, 153, 0.000000
769, 154, 1.593774
769, 155, 2.281430
769, 156, -0.010000
769, 157, 3.007364
769, 158, 1.993107
769, 159, 1.077853
769, 160, 2.881252
769, 161, 2.095658
769, 162, 3.460129
769, 163, 2.510499
769, 164, 3.358288
769, 165, 2.990769
769, 166, 3.636007
769, 167, 1.409328
769, 168, 0.324529
769, 169, 1.778973
769, 170, 1.509260
769, 171, 2.825998
769, 172, 2.720085
769, 173, 2.630949
769, 174, 2.217465
769, 175, 1.449590
769, 176, 3.360049
769, 177, 2.483989
769, 178, 0.529260
769, 179, 3.047305
769, 180, 3.515269
769, 181, 0.837788
769, 182, 3.133410
769, 183, -0.040000
769, 184, 0.631502
769, 185, 1.880346
769, 186, 3.382043
769, 187, 0.000000
769, 188, 2.133772
769, 189, 2.859127
769, 190, 2.387929
769, 191, 0.717938
769, 192, 2.108608
769, 193, 2.742069
769, 194, 1.537421
769, 195, -0.281320
769, 196, 3.981628
769, 197, 2.395324
769, 198, 2.281407
769, 199, 1.457560
771, 0, 1.503664
771, 1, 1.547395
771, 2, 2.378221
771, 3, 1.150856
771, 4, -0.339888
771, 5, 1.989870
771, 6, -0.000013
771, 7, 1.283830
771, 8, 3.366669
771, 9, 1.717014
771, 10, 1.799209
771, 11, 2.271102
771, 12, 2.525295
771, 13, 0.000000
771, 14, 2.585672
771, 15, 2.534181
771, 16, 1.129258
771, 17, 3.228571
771, 18, 3.576627
771, 19, 2.589026
771, 20, 4.276670
771, 21, 0.436530
771, 22, 2.161510
771, 23, 1.270559
771, 24, 1.085961
771, 25, 2.046121
771, 26, 1.007388
771, 27, 0.812977
771, 28, 1.982253
771, 29, 1.904776
771, 30, 0.668950
771, 31, 2.569826
771, 32, 0.422124
771, 33, 2.740197
771, 34, 2.385678
771, 35, 2.594753
771, 36, 2.300963
771, 37, 1.675389
771, 38, 0.375477
771, 39, 1.568437
771, 40, 2.687157
771, 41, 1.731361
771, 42, 1.011686
771, 43, 1.442728
771, 44, 0.519650
771, 45, 1.440732
771, 46, 2.182976
771, 47, 1.415481
771, 48, 2.598376
771, 49, -0.160065
771, 50, 2.174345
771, 51, 0.485420
771, 52, 1.514256
771, 53, -0.000015
771, 54, 2.764498
771, 55, 3.170692
771, 56, 2.527876
771, 57, 2.959639
771, 58, 0.829374
771, 59, 1.691667
771, 60, 0.000000
771, 61, 1.402721
771, 62, 2.046886
771, 63, 1.722669
771, 64, 2.057648
771, 65, 3.457082
771, 66, 1.750670
771, 67, 2.511020
771, 68, 1.571999
771, 69, 2.719993
771, 70, 2.955196
771, 71, 2.586420
771, 72, 3.797614
771, 73, 3.215958
771, 74, 1.580833
771, 75, 1.934788
771, 76, 1.049166
771, 77, 1.420346
771, 78, 1.805377
771, 79, 2.797782
771, 80, 2.673853
771, 81, 1.710896
771, 82, -0.106407
771, 83, 1.231401
771, 84, 0.939994
771, 85, 3.020049
771, 86, 3.332967
771, 87, 2.334270
771, 88, 1.398646
771, 89, 0.544654
771, 90, 1.203633
771, 91, 1.276785
771, 92, 0.672629
771, 93, 2.655054
771, 94, 1.651763
771, 95, 0.923243
771, 96, 1.642984
771, 97, 4.306148
771, 98, 2.146110
771, 99, 1.159450
771, 100, 0.792004
771, 101, -0.031273
771, 102, 1.856339
771, 103, 0.000000
771, 104, 3.425424
771, 105, 2.834734
771, 106, 1.431670
771, 107, 1.951174
771, 108, 0.639675
771, 109, 0.365771
771, 110, 1.771988
771, 111, 0.812239
771, 112, 1.185186
771, 113, 3.553490
771, 114, 1.041432
771, 115, 1.999007
771, 116, 1.438784
771, 117, 2.384749
771, 118, 1.596856
771, 119, 1.334032
771, 120, 2.301379
771, 121, 3.653980
771, 122, 2.495739
771, 123, 0.346461
771, 124, 2.149925
771, 125, 4.283771
771, 126, 1.260104
771, 127, 0.838413
771, 128, 0.512609
771, 129, 0.068566
771, 130, 1.536904
771, 131, 1.765901
771, 132, 1.469587
771, 133, 0.158527
771, 134, 1.165754
771, 135, 0.744959
771, 136, -0.000010
771, 137, 1.569406
771, 138, 0.987940
771, 139, 0.937750
771, 140, 3.517481
771, 141, 2.345871
771, 142, 3.058727
771, 143, 1.962747
771, 144, 1.508965
771, 145, 1.077613
771, 146, 1.966183
771, 147, 3.898103
771, 148, 2.480981
771, 149, 3.530403
771, 150, 1.562608
771, 151, 1.924186
771, 152, 2.086525
771, 153, 0.000000
771, 154, 1.593774
771, 155, 2.281430
771, 156, -0.010000
771, 157, 3.011825
771, 158, 1.993107
771, 159, 1.077853
771, 160, 2.951957
771, 161, 2.095658
771, 162, 3.461899
771, 163, 2.510499
771, 164, 3.356839
771, 165, 2.989847
771, 166, 3.627221
771, 167, 1.409328
771, 168, 0.324529
771, 169, 1.778986
771, 170, 1.509260
771, 171, 2.809798
771, 172, 2.705195
771, 173, 2.628641
771, 174, 2.224276
771, 175, 1.450794
771, 176, 3.358386
771, 177, 2.479308
771, 178, 0.529260
771, 179, 3.045343
771, 180, 3.509138
771, 181, 0.837788
771, 182, 3.133410
771, 183, -0.040000
771, 184, 0.631502
771, 185, 1.880346
771, 186, 3.390877
771, 187, 0.000000
771, 188, 2.124584
771, 189, 2.870816
771, 190, 2.387929
771, 191, 0.717938
771, 192, 2.091300
771, 193, 2.742806
771, 194, 1.537419
771, 195, -0.281317
771, 196, 3.980933
771, 197, 2.394331
771, 198, 2.281454
771, 199, 1.457630
773, 0, 1.503664
773, 1, 1.547395
773, 2, 2.430933
773, 3, 1.150858
773, 4, -0.339888
773, 5, 1.991760
773, 6, -0.000013
773, 7, 1.283832
773, 8, 3.352693
773, 9, 1.717014
773, 10, 1.799210
773, 11, 2.271102
773, 12, 2.524128
773, 13, 0.000000
773, 14, 2.585997
773, 15, 2.536928
773, 16, 1.129258
773, 17, 3.227508
773, 18, 3.582894
773, 19, 2.589026
773, 20, 4.245742
773, 21, 0.436530
773, 22, 2.161510
773, 23, 1.270559
773, 24, 1.029788
773, 25, 2.046121
773, 26, 1.007388
773, 27, 0.812977
773, 28, 1.982677
773, 29, 1.903600
773, 30, 0.668950
773, 31, 2.568238
773, 32, 0.422124
773, 33, 2.733231
773, 34, 2.365098
773, 35, 2.594968
773, 36, 2.301914
773, 37, 1.718531
773, 38, 0.375477
773, 39, 1.568437
773, 40, 2.687157
773, 41, 1.731280
773, 42, 1.011686
773, 43, 1.442728
773, 44, 0.519650
773, 45, 1.439660
773, 46, 2.206855
773, 47, 1.415481
773, 48, 2.594703
773, 49, -0.160065
773, 50, 2.174345
773, 51, 0.485420
773, 52, 1.514256
773, 53, -0.000015
773, 54, 2.774896
773, 55, 3.167330
773, 56, 2.531640
773, 57, 2.959805
773, 58, 0.829374
773, 59, 1.691667
773, 60, 0.000000
773, 61, 1.402721
773, 62, 2.046886
773, 63, 1.722669
773, 64, 2.057648
773, 65, 3.459619
773, 66, 1.750670
773, 67, 2.511020
773, 68, 1.571999
773, 69, 2.719993
773, 70, 2.954582
773, 71, 2.583028
773, 72, 3.798261
773, 73, 3.216740
773, 74, 1.580833
773, 75, 1.934788
773, 76, 1.049166
773, 77, 1.420346
773, 78, 1.805377
773, 79, 2.797783
773, 80, 2.673910
773, 81, 1.710896
773, 82, -0.105449
773, 83, 1.231029
773, 84, 0.939994
773, 85, 3.020049
773, 86, 3.332473
773, 87, 2.334270
773, 88, 1.398646
773, 89, 0.544654
773, 90, 1.203634
773, 91, 1.274487
773, 92, 0.672629
773, 93, 2.658092
773, 94, 1.648444
773, 95, 0.929644
773, 96, 1.640763
773, 97, 4.293249
773, 98, 2.152840
773, 99, 1.159450
773, 100, 0.792004
773, 101, -0.031273
773, 102, 1.856339
773, 103, 0.000000
773, 104, 3.425473
773, 105, 2.834450
773, 106, 1.431670
773, 107, 1.940700
773, 108, 0.639675
773, 109, 0.364604
773, 110, 1.771988
773, 111, 0.813140
773, 112, 1.185186
773, 113, 3.545405
773, 114, 1.041432
773, 115, 1.999007
773, 116, 1.438784
773, 117, 2.385267
773, 118, 1.589796
773, 119, 1.334032
773, 120, 2.301379
773, 121, 3.672904
773, 122, 2.494975
773, 123, 0.346461
773, 124, 2.149925
773, 125, 4.288665
773, 126, 1.260246
773, 127, 0.838413
773, 128, 0.512609
773, 129, 0.068566
773, 130, 1.536904
773, 131, 1.765901
773, 132, 1.469587
773, 133, 0.158527
773, 134, 1.165754
773, 135, 0.744959
773, 136, -0.000010
773, 137, 1.569441
773, 138, 0.987940
773, 139, 0.937750
773, 140, 3.522302
773, 141, 2.345871
773, 142, 3.082666
773, 143, 1.959020
773, 144, 1.508965
773, 145, 1.077613
773, 146, 1.966183
773, 147, 3.904332
773, 148, 2.480981
773, 149, 3.530792
773, 150, 1.562608
773, 151, 1.924883
773, 152, 2.086526
773, 153, 0.000000
773, 154, 1.593774
773, 155, 2.281430
773, 156, -0.010000
773, 157, 3.007356
773, 158, 1.993107
773, 159, 1.077853
773, 160, 2.913628
773, 161, 2.095658
773, 162, 3.462615
773, 163, 2.510499
773, 164, 3.357973
773, 165, 2.989426
773, 166, 3.632169
773, 167, 1.409328
773, 168, 0.324529
773, 169, 1.779126
773, 170, 1.509260
773, 171, 2.800953
773, 172, 2.704144
773, 173, 2.628168
773, 174, 2.180401
773, 175, 1.451896
773, 176, 3.358386
773, 177, 2.493017
773, 178, 0.529260
773, 179, 3.042454
773, 180, 3.486110
773, 181, 0.837788
773, 182, 3.133410
773, 183, -0.040000
773, 184, 0.631502
773, 185, 1.880346
773, 186, 3.386389
773, 187, 0.000000
773, 188, 2.044249
773, 189, 2.893366
773, 190, 2.387929
773, 191, 0.717938
773, 192, 2.101604
773, 193, 2.742208
773, 194, 1.537420
773, 195, -0.281318
773, 196, 3.981546
773, 197, 2.394349
773, 198, 2.281464
773, 199, 1.457584
775, 0, 1.503664
775, 1, 1.547395
775, 2, 2.392235
775, 3, 1.150858
775, 4, -0.339888
775, 5, 1.992552
775, 6, -0.000013
775, 7, 1.283833
775, 8, 3.352778
775, 9, 1.717014
775, 10, 1.799210
775, 11, 2.271102
775, 12, 2.520287
775, 13, 0.000000
775, 14, 2.585761
775, 15, 2.435983
775, 16, 1.129258
775, 17, 3.226569
775, 18, 3.573891
775, 19, 2.589026
775, 20, 4.280756
775, 21, 0.436530
775, 22, 2.161510
775, 23, 1.270559
775, 24, 1.026970
775, 25, 2.046121
775, 26, 1.007388
775, 27, 0.812977
775, 28, 1.981436
775, 29, 1.904570
775, 30, 0.668950
775, 31, 2.564246
775, 32, 0.422124
775, 33, 2.733747
775, 34, 2.392092
775, 35, 2.594790
775, 36, 2.302157
775, 37, 1.481486
775, 38, 0.375477
775, 39, 1.568437
775, 40, 2.687157
775, 41, 1.731238
775, 42, 1.011686
775, 43, 1.442728
775, 44, 0.519650
775, 45, 1.440545
775, 46, 2.204424
775, 47, 1.415481
775, 48, 2.594664
775, 49, -0.160065
775, 50, 2.174345
775, 51, 0.485420
775, 52, 1.514256
775, 53, -0.000015
775, 54, 2.781730
775, 55, 3.171171
775, 56, 2.523962
775, 57, 2.959706
775, 58, 0.829374
775, 59, 1.691667
775, 60, 0.000000
775, 61, 1.402721
775, 62, 2.046885
775, 63, 1.722669
775, 64, 2.057648
775, 65, 3.458460
775, 66, 1.750670
775, 67, 2.511020
775, 68, 1.571999
775, 69, 2.756957
775, 70, 2.955076
775, 71, 2.588824
775, 72, 3.922352
775, 73, 3.395967
775, 74, 1.580833
775, 75, 1.934788
775, 76, 1.050804
775, 77, 1.420346
775, 78, 1.805377
775, 79, 2.797782
775, 80, 2.854099
775, 81, 1.710896
775, 82, -0.105589
775, 83, 1.230911
775, 84, 0.939994
775, 85, 3.020050
775, 86, 3.334942
775, 87, 2.334270
775, 88, 1.398646
775, 89, 0.544654
775, 90, 1.203635
775, 91, 1.272475
775, 92, 0.672629
775, 93, 2.669823
775, 94, 1.643784
775, 95, 0.919962
775, 96, 1.764880
775, 97, 4.380387
775, 98, 2.226827
775, 99, 1.159450
775, 100, 0.792004
775, 101, -0.031273
775, 102, 1.856339
775, 103, 0.000000
775, 104, 3.417801
775, 105, 2.834204
775, 106, 1.435948
775, 107, 1.951524
775, 108, 0.639675
775, 109, 0.361666
775, 110, 1.783521
775, 111, 0.814308
775, 112, 1.185186
775, 113, 3.772438
775, 114, 1.041432
775, 115, 1.999007
775, 116, 1.470486
775, 117, 2.385093
775, 118, 1.596097
775, 119, 1.334032
775, 120, 2.301379
775, 121, 3.653330
775, 122, 2.494765
775, 123, 0.346461
775, 124, 2.149925
775, 125, 4.282621
775, 126, 1.260534
775, 127, 0.838413
775, 128, 0.512609
775, 129, 0.068566
775, 130, 1.626919
775, 131, 1.873875
775, 132, 1.469587
775, 133, 0.158527
775, 134, 1.165754
775, 135, 0.774964
775, 136, -0.000010
775, 137, 1.569547
775, 138, 0.992005
775, 139, 0.937750
775, 140, 3.675916
775, 141, 2.516019
775, 142, 3.090009
775, 143, 1.961488
775, 144, 1.508965
775, 145, 1.131620
775, 146, 1.966183
775, 147, 3.903253
775, 148, 2.480981
775, 149, 3.715115
775, 150, 1.682628
775, 151, 2.103944
775, 152, 2.227715
775, 153, 0.000000
775, 154, 1.593774
775, 155, 2.281431
775, 156, -0.010000
775, 157, 3.011632
775, 158, 1.993107
775, 159, 1.078902
775, 160, 2.957417
775, 161, 2.095658
775, 162, 3.619171
775, 163, 2.510499
775, 164, 3.356843
775, 165, 2.989329
775, 166, 3.823913
775, 167, 1.469337
775, 168, 0.324529
775, 169, 1.791206
775, 170, 1.509260
775, 171, 2.821661
775, 172, 2.703436
775, 173, 2.763037
775, 174, 2.140333
775, 175, 1.506219
775, 176, 3.361666
775, 177, 2.471386
775, 178, 0.529260
775, 179, 3.041612
775, 180, 3.734926
775, 181, 0.837788
775, 182, 3.133410
775, 183, -0.040000
775, 184, 0.631502
775, 185, 1.880346
775, 186, 3.561368
775, 187, 0.000000
775, 188, 2.065837
775, 189, 2.919243
775, 190, 2.387929
775, 191, 0.717938
775, 192, 2.133547
775, 193, 2.926954
775, 194, 1.537421
775, 195, -0.281319
775, 196, 4.182434
775, 197, 2.393749
775, 198, 2.281481
775, 199, 1.457541
777, 0, 1.503664
777, 1, 1.547395
777, 2, 2.373844
777, 3, 1.150859
777, 4, -0.339888
777, 5, 1.993919
777, 6, -0.000013
777, 7, 1.283834
777, 8, 3.361369
777, 9, 1.717014
777, 10, 1.799210
777, 11, 2.271102
777, 12, 2.511606
777, 13, 0.000000
777, 14, 2.596236
777, 15, 2.514158
777, 16, 1.129258
777, 17, 3.228531
777, 18, 3.582777
777, 19, 2.589026
777, 20, 4.249409
777, 21, 0.436530
777, 22, 2.161510
777, 23, 1.270559
777, 24, 1.031313
777, 25, 2.046121
777, 26, 1.007388
777, 27, 0.812977
777, 28, 1.980029
777, 29, 1.903826
777, 30, 0.668950
777, 31, 2.559340
777, 32, 0.422124
777, 33, 2.736003
777, 34, 2.366652
777, 35, 2.602411
777, 36, 2.304813
777, 37, 1.571930
777, 38, 0.375477
777, 39, 1.568437
777, 40, 2.687157
777, 41, 1.731257
777, 42, 1.011686
777, 43, 1.442728
777, 44, 0.519650
777, 45, 1.439868
777, 46, 2.228568
777, 47, 1.415481
777, 48, 2.592533
777, 49, -0.160065
777, 50, 2.174345
777, 51, 0.485420
777, 52, 1.514256
777, 53, -0.000015
777, 54, 2.782748
777, 55, 3.167863
777, 56, 2.525757
777, 57, 2.960280
777, 58, 0.829374
777, 59, 1.691667
777, 60, 0.000000
777, 61, 1.402721
777, 62, 2.046885
777, 63, 1.722669
777, 64, 2.057648
777, 65, 3.444098
777, 66, 1.750670
777, 67, 2.511020
777, 68, 1.571999
777, 69, 2.719993
777, 70, 2.954107
777, 71, 2.583022
777, 72, 3.797951
777, 73, 3.213106
777, 74, 1.580833
777, 75, 1.934788
777, 76, 1.049166
777, 77, 1.420346
777, 78, 1.805377
777, 79, 2.797782
777, 80, 2.673662
777, 81, 1.710896
777, 82, -0.104946
777, 83, 1.230897
777, 84, 0.939994
777, 85, 3.020050
777, 86, 3.333030
777, 87, 2.334270
777, 88, 1.398646
777, 89, 0.544654
777, 90, 1.203635
777, 91, 1.272477
777, 92, 0.672629
777, 93, 2.654838
777, 94, 1.638638
777, 95, 0.937812
777, 96, 1.640659
777, 97, 4.291986
777, 98, 2.150135
777, 99, 1.159450
777, 100, 0.792004
777, 101, -0.031273
777, 102, 1.856339
777, 103, 0.000000
777, 104, 3.431339
777, 105, 2.834219
777, 106, 1.431670
777, 107, 1.946178
777, 108, 0.639675
777, 109, 0.362013
777, 110, 1.771988
777, 111, 0.815656
777, 112, 1.185186
777, 113, 3.555641
777, 114, 1.041432
777, 115, 1.999007
777, 116, 1.438784
777, 117, 2.385512
777, 118, 1.599492
777, 119, 1.334032
777, 120, 2.301379
777, 121, 3.670290
777, 122, 2.494789
777, 123, 0.346461
777, 124, 2.149925
777, 125, 4.287654
777, 126, 1.260085
777, 127, 0.838413
777, 128, 0.512609
777, 129, 0.068566
777, 130, 1.536904
777, 131, 1.765901
777, 132, 1.469588
777, 133, 0.158527
777, 134, 1.165754
777, 135, 0.744959
777, 136, -0.000010
777, 137, 1.569291
777, 138, 0.987940
777, 139, 0.937750
777, 140, 3.527434
777, 141, 2.345872
777, 142, 3.105672
777, 143, 1.963404
777, 144, 1.508965
777, 145, 1.077613
777, 146, 1.966183
777, 147, 3.900123
777, 148, 2.480981
777, 149, 3.529779
777, 150, 1.562608
777, 151, 1.919607
777, 152, 2.086525
777, 153, 0.000000
777, 154, 1.593774
777, 155, 2.281431
777, 156, -0.010000
777, 157, 3.007355
777, 158, 1.993107
777, 159, 1.077853
777, 160, 2.931347
777, 161, 2.095658
777, 162, 3.465462
777, 163, 2.510499
777, 164, 3.342604
777, 165, 2.989342
777, 166, 3.634226
777, 167, 1.409328
777, 168, 0.324529
777, 169, 1.779325
777, 170, 1.509260
777, 171, 2.801153
777, 172, 2.709254
777, 173, 2.628077
777, 174, 2.152168
777, 175, 1.454526
777, 176, 3.361666
777, 177, 2.480810
777, 178, 0.529260
777, 179, 3.044858
777, 180, 3.510677
777, 181, 0.837788
777, 182, 3.133410
777, 183, -0.040000
777, 184, 0.631502
777, 185, 1.880346
777, 186, 3.381349
777, 187, 0.000000
777, 188, 2.054180
777, 189, 2.874312
777, 190, 2.387929
777, 191, 0.717938
777, 192, 2.071856
777, 193, 2.742366
777, 194, 1.537421
777, 195, -0.281319
777, 196, 3.980478
777, 197, 2.393762
777, 198, 2.281413
777, 199, 1.457451
779, 0, 1.503664
779, 1, 1.547395
779, 2, 2.379488
779, 3, 1.150859
779, 4, -0.339888
779, 5, 1.995060
779, 6, -0.000013
779, 7, 1.283834
779, 8, 3.324823
779, 9, 1.717014
779, 10, 1.799210
779, 11, 2.271102
779, 12, 2.505092
779, 13, 0.000000
779, 14, 2.606785
779, 15, 2.529737
779, 16, 1.129258
779, 17, 3.223120
779, 18, 3.586184
779, 19, 2.589026
779, 20, 4.280866
779, 21, 0.436530
779, 22, 2.161510
779, 23, 1.270559
779, 24, 1.037366
779, 25, 2.046121
779, 26, 1.007388
779, 27, 0.812977
779, 28, 1.981289
779, 29, 1.903333
779, 30, 0.668950
779, 31, 2.552915
779, 32, 0.422124
779, 33, 2.748868
779, 34, 2.365832
779, 35, 2.610579
779, 36, 2.306618
779, 37, 1.564631
779, 38, 0.375477
779, 39, 1.568437
779, 40, 2.687157
779, 41, 1.731739
779, 42, 1.011686
779, 43, 1.442728
779, 44, 0.519650
779, 45, 1.439420
779, 46, 2.262154
779, 47, 1.415481
779, 48, 2.597898
779, 49, -0.160065
779, 50, 2.174345
779, 51, 0.485420
779, 52, 1.514256
779, 53, -0.000015
779, 54, 2.777442
779, 55, 3.170918
779, 56, 2.528247
779, 57, 2.965756
779, 58, 0.829374
779, 59, 1.691667
779, 60, 0.000000
779, 61, 1.402721
779, 62, 2.046885
779, 63, 1.722669
779, 64, 2.057648
779, 65, 3.438993
779, 66, 1.750670
779, 67, 2.511020
779, 68, 1.571999
779, 69, 2.719993
779, 70, 2.954113
779, 71, 2.588040
779, 72, 3.797783
779, 73, 3.210941
779, 74, 1.580833
779, 75, 1.934788
779, 76, 1.049166
779, 77, 1.420346
779, 78, 1.805377
779, 79, 2.797782
779, 80, 2.673430
779, 81, 1.710896
779, 82, -0.106831
779, 83, 1.231080
779, 84, 0.939994
779, 85, 3.020050
779, 86, 3.331525
779, 87, 2.334270
779, 88, 1.398646
779, 89, 0.544654
779, 90, 1.203636
779, 91, 1.279708
779, 92, 0.672629
779, 93, 2.658344
779, 94, 1.636646
779, 95, 0.938246
779, 96, 1.641959
779, 97, 4.306752
779, 98, 2.150620
779, 99, 1.159450
779, 100, 0.792004
779, 101, -0.031273
779, 102, 1.856339
779, 103, 0.000000
779, 104, 3.431473
779, 105, 2.835179
779, 106, 1.431670
779, 107, 1.932191
779, 108, 0.639675
779, 109, 0.351871
779, 110, 1.771988
779, 111, 0.817419
779, 112, 1.185186
779, 113, 3.546547
779, 114, 1.041432
779, 115, 1.999007
779, 116, 1.438784
779, 117, 2.385669
779, 118, 1.573949
779, 119, 1.334032
779, 120, 2.301379
779, 121, 3.588549
779, 122, 2.494052
779, 123, 0.346461
779, 124, 2.149926
779, 125, 4.260503
779, 126, 1.243280
779, 127, 0.838413
779, 128, 0.512609
779, 129, 0.068566
779, 130, 1.536904
779, 131, 1.765901
779, 132, 1.469588
779, 133, 0.158527
779, 134, 1.165754
779, 135, 0.744959
779, 136, -0.000010
779, 137, 1.561792
779, 138, 0.987940
779, 139, 0.937750
779, 140, 3.529670
779, 141, 2.345872
779, 142, 3.117630
779, 143, 1.962329
779, 144, 1.508965
779, 145, 1.077613
779, 146, 1.966183
779, 147, 3.906658
779, 148, 2.480981
779, 149, 3.531056
779, 150, 1.562608
779, 151, 1.920223
779, 152, 2.086525
779, 153, 0.000000
779, 154, 1.593774
779, 155, 2.281430
779, 156, -0.010000
779, 157, 3.007364
779, 158, 1.993107
779, 159, 1.077853
779, 160, 2.917958
779, 161, 2.095658
779, 162, 3.440163
779, 163, 2.511243
779, 164, 3.343547
779, 165, 2.989169
779, 166, 3.638026
779, 167, 1.409328
779, 168, 0.324529
779, 169, 1.779376
779, 170, 1.509260
779, 171, 2.808195
779, 172, 2.681374
779, 173, 2.630266
779, 174, 2.166132
779, 175, 1.455608
779, 176, 3.361817
779, 177, 2.473915
779, 178, 0.529260
779, 179, 3.045828
779, 180, 3.488740
779, 181, 0.837788
779, 182, 3.133410
779, 183, -0.040000
779, 184, 0.631502
779, 185, 1.880346
779, 186, 3.378192
779, 187, 0.000000
779, 188, 2.093739
779, 189, 2.860226
779, 190, 2.387929
779, 191, 0.717938
779, 192, 2.130884
779, 193, 2.744209
779, 194, 1.537421
779, 195, -0.281320
779, 196, 3.981136
779, 197, 2.398237
779, 198, 2.280976
779, 199, 1.457346
781, 0, 1.503664
781, 1, 1.547395
781, 2, 2.338078
781, 3, 1.150856
781, 4, -0.339888
781, 5, 1.997410
781, 6, -0.000013
781, 7, 1.283830
781, 8, 3.352302
781, 9, 1.717014
781, 10, 1.799209
781, 11, 2.271102
781, 12, 2.526049
781, 13, 0.000000
781, 14, 2.631076
781, 15, 2.498110
781, 16, 1.129258
781, 17, 3.209101
781, 18, 3.587901
781, 19, 2.589026
781, 20, 4.253901
781, 21, 0.436530
781, 22, 2.161510
781, 23, 1.270559
781, 24, 1.068531
781, 25, 2.046121
781, 26, 1.007388
781, 27, 0.812977
781, 28, 1.980228
781, 29, 1.901287
781, 30, 0.668950
781, 31, 2.571305
781, 32, 0.422124
781, 33, 2.755742
781, 34, 2.390170
781, 35, 2.613378
781, 36, 2.308328
781, 37, 1.673586
781, 38, 0.375477
781, 39, 1.568437
781, 40, 2.687157
781, 41, 1.733563
781, 42, 1.011686
781, 43, 1.442728
781, 44, 0.519650
781, 45, 1.437564
781, 46, 2.301129
781, 47, 1.415481
781, 48, 2.596257
781, 49, -0.160065
781, 50, 2.174345
781, 51, 0.485420
781, 52, 1.514256
781, 53, -0.000015
781, 54, 2.740982
781, 55, 3.164504
781, 56, 2.533827
781, 57, 2.967647
781, 58, 0.829374
781, 59, 1.691667
781, 60, 0.000000
781, 61, 1.402721
781, 62, 2.046886
781, 63, 1.722669
781, 64, 2.057648
781, 65, 3.449373
781, 66, 1.750670
781, 67, 2.511020
781, 68, 1.571999
781, 69, 2.719993
781, 70, 2.955186
781, 71, 2.583022
781, 72, 3.796616
781, 73, 3.211917
781, 74, 1.580833
781, 75, 1.934788
781, 76, 1.049166
781, 77, 1.420346
781, 78, 1.805377
781, 79, 2.797782
781, 80, 2.673578
781, 81, 1.710896
781, 82, -0.106054
781, 83, 1.231238
781, 84, 0.939994
781, 85, 3.020049
781, 86, 3.339090
781, 87, 2.334270
781, 88, 1.398646
781, 89, 0.544654
781, 90, 1.203632
781, 91, 1.269926
781, 92, 0.672629
781, 93, 2.642381
781, 94, 1.643425
781, 95, 0.943658
781, 96, 1.646556
781, 97, 4.281705
781, 98, 2.152568
781, 99, 1.083238
781, 100, 0.792004
781, 101, -0.031273
781, 102, 1.856339
781, 103, 0.000000
781, 104, 3.411902
781, 105, 2.833919
781, 106, 1.431670
781, 107, 1.946348
781, 108, 0.639675
781, 109, 0.357431
781, 110, 1.771988
781, 111, 0.818778
781, 112, 1.185186
781, 113, 3.554882
781, 114, 1.041432
781, 115, 1.999007
781, 116, 1.438784
781, 117, 2.385204
781, 118, 1.565900
781, 119, 1.334032
781, 120, 2.301379
781, 121, 3.659476
781, 122, 2.491932
781, 123, 0.346461
781, 124, 2.149925
781, 125, 4.287231
781, 126, 1.230319
781, 127, 0.838413
781, 128, 0.512609
781, 129, 0.068566
781, 130, 1.536905
781, 131, 1.765901
781, 132, 1.469587
781, 133, 0.158527
781, 134, 1.165754
781, 135, 0.744959
781, 136, -0.000010
781, 137, 1.555301
781, 138, 0.987940
781, 139, 0.937750
781, 140, 3.517968
781, 141, 2.345870
781, 142, 3.123424
781, 143, 1.958113
781, 144, 1.508965
781, 145, 1.077613
781, 146, 1.966183
781, 147, 3.904333
781, 148, 2.480981
781, 149, 3.529894
781, 150, 1.562608
781, 151, 1.902984
781, 152, 2.086525
781, 153, 0.000000
781, 154, 1.593774
781, 155, 2.281430
781, 156, -0.010000
781, 157, 3.007388
781, 158, 1.993107
781, 159, 1.077853
781, 160, 2.869752
781, 161, 2.095658
781, 162, 3.453851
781, 163, 2.511243
781, 164, 3.343836
781, 165, 2.988436
781, 166, 3.621665
781, 167, 1.409328
781, 168, 0.324529
781, 169, 1.779549
781, 170, 1.509260
781, 171, 2.782295
781, 172, 2.709582
781, 173, 2.632126
781, 174, 2.133998
781, 175, 1.456804
781, 176, 3.356692
781, 177, 2.484139
781, 178, 0.529260
781, 179, 3.042714
781, 180, 3.517745
781, 181, 0.837788
781, 182, 3.133410
781, 183, -0.040000
781, 184, 0.631502
781, 185, 1.880346
781, 186, 3.375309
781, 187, 0.000000
781, 188, 2.129700
781, 189, 2.780075
781, 190, 2.387929
781, 191, 0.717938
781, 192, 2.092554
781, 193, 2.742466
781, 194, 1.537419
781, 195, -0.281317
781, 196, 3.981273
781, 197, 2.395253
781, 198, 2.279934
781, 199, 1.457402
783, 0, 1.503664
783, 1, 1.547395
783, 2, 2.323158
783, 3, 1.150858
783, 4, -0.339888
783, 5, 1.995882
783, 6, -0.000013
783, 7, 1.283832
783, 8, 3.350216
783, 9, 1.717014
783, 10, 1.799210
783, 11, 2.271102
783, 12, 2.531418
783, 13, 0.000000
783, 14, 2.631716
783, 15, 2.526346
783, 16, 1.129258
783, 17, 3.230835
783, 18, 3.586222
783, 19, 2.589026
783, 20, 4.292731
783, 21, 0.436530
783, 22, 2.161510
783, 23, 1.270559
783, 24, 1.093482
783, 25, 2.046121
783, 26, 1.007388
783, 27, 0.812977
783, 28, 1.981413
783, 29, 1.908558
783, 30, 0.668950
783, 31, 2.575649
783, 32, 0.422124
783, 33, 2.722696
783, 34, 2.387286
783, 35, 2.613906
783, 36, 2.308563
783, 37, 1.660914
783, 38, 0.375477
783, 39, 1.565520
783, 40, 2.687157
783, 41, 1.735975
783, 42, 1.011686
783, 43, 1.442728
783, 44, 0.519650
783, 45, 1.444424
783, 46, 2.310079
783, 47, 1.415481
783, 48, 2.597310
783, 49, -0.160065
783, 50, 2.174345
783, 51, 0.485420
783, 52, 1.514256
783, 53, -0.000015
783, 54, 2.756877
783, 55, 3.170819
783, 56, 2.529049
783, 57, 2.968125
783, 58, 0.829374
783, 59, 1.691667
783, 60, 0.000000
783, 61, 1.402721
783, 62, 2.046886
783, 63, 1.722669
783, 64, 2.057648
783, 65, 3.453835
783, 66, 1.750670
783, 67, 2.511020
783, 68, 1.571999
783, 69, 2.719999
783, 70, 2.955200
783, 71, 2.584259
783, 72, 3.798449
783, 73, 3.213221
783, 74, 1.580833
783, 75, 1.934788
783, 76, 1.049166
783, 77, 1.420346
783, 78, 1.805377
783, 79, 2.797783
783, 80, 2.672477
783, 81, 1.710896
783, 82, -0.110557
783, 83, 1.231276
783, 84, 0.939994
783, 85, 3.020050
783, 86, 3.262523
783, 87, 2.334270
783, 88, 1.403196
783, 89, 0.544654
783, 90, 1.203633
783, 91, 1.382422
783, 92, 0.672629
783, 93, 2.665793
783, 94, 1.649773
783, 95, 0.938049
783, 96, 1.645447
783, 97, 4.305755
783, 98, 2.152643
783, 99, 1.083238
783, 100, 0.792004
783, 101, -0.031273
783, 102, 1.856339
783, 103, 0.000000
783, 104, 3.412722
783, 105, 2.849950
783, 106, 1.431670
783, 107, 1.904023
783, 108, 0.639675
783, 109, 0.391850
783, 110, 1.771988
783, 111, 0.819347
783, 112, 1.185186
783, 113, 3.555691
783, 114, 1.041432
783, 115, 1.999007
783, 116, 1.438784
783, 117, 2.385260
783, 118, 1.592473
783, 119, 1.334032
783, 120, 2.301379
783, 121, 3.700733
783, 122, 2.494153
783, 123, 0.346461
783, 124, 2.149925
783, 125, 4.285655
783, 126, 1.222980
783, 127, 0.838413
783, 128, 0.512609
783, 129, 0.068566
783, 130, 1.536904
783, 131, 1.765901
783, 132, 1.469587
783, 133, 0.158527
783, 134, 1.165754
783, 135, 0.744959
783, 136, -0.000010
783, 137, 1.551574
783, 138, 0.987940
783, 139, 0.937750
783, 140, 3.518393
783, 141, 2.345869
783, 142, 3.135112
783, 143, 1.964319
783, 144, 1.508965
783, 145, 1.077613
783, 146, 1.966183
783, 147, 3.906956
783, 148, 2.480981
783, 149, 3.529997
783, 150, 1.562608
783, 151, 1.909844
783, 152, 2.086526
783, 153, 0.000000
783, 154, 1.593774
783, 155, 2.281430
783, 156, -0.010000
783, 157, 3.007383
783, 158, 1.993107
783, 159, 1.077853
783, 160, 2.931489
783, 161, 2.098987
783, 162, 3.458683
783, 163, 2.511243
783, 164, 3.343862
783, 165, 2.991018
783, 166, 3.631645
783, 167, 1.409328
783, 168, 0.324529
783, 169, 1.779805
783, 170, 1.509260
783, 171, 2.816808
783, 172, 2.722119
783, 173, 2.631747
783, 174, 2.146275
783, 175, 1.457936
783, 176, 3.357963
783, 177, 2.488087
783, 178, 0.529260
783, 179, 3.044693
783, 180, 3.511928
783, 181, 0.837788
783, 182, 3.133410
783, 183, -0.040000
783, 184, 0.631502
783, 185, 1.880346
783, 186, 3.381406
783, 187, 0.000000
783, 188, 2.132988
783, 189, 2.838463
783, 190, 2.387929
783, 191, 0.717938
783, 192, 2.083717
783, 193, 2.742049
783, 194, 1.537417
783, 195, -0.281318
783, 196, 3.982060
783, 197, 2.395253
783, 198, 2.279085
783, 199, 1.457416
785, 0, 1.503664
785, 1, 1.547395
785, 2, 2.306659
785, 3, 1.150858
785, 4, -0.339888
785, 5, 1.997452
785, 6, -0.000013
785, 7, 1.283831
785, 8, 3.362145
785, 9, 1.723961
785, 10, 1.799210
785, 11, 2.271102
785, 12, 2.529464
785, 13, 0.000000
785, 14, 2.630734
785, 15, 2.558370
785, 16, 1.129258
785, 17, 3.226845
785, 18, 3.588386
785, 19, 2.589026
785, 20, 4.284536
785, 21, 0.436530
785, 22, 2.161510
785, 23, 1.270559
785, 24, 1.122962
785, 25, 2.046121
785, 26, 1.007388
785, 27, 0.812977
785, 28, 1.977401
785, 29, 1.908159
785, 30, 0.668950
785, 31, 2.574932
785, 32, 0.422124
785, 33, 2.736025
785, 34, 2.375949
785, 35, 2.613867
785, 36, 2.308191
785, 37, 1.707013
785, 38, 0.375477
785, 39, 1.565520
785, 40, 2.687157
785, 41, 1.738070
785, 42, 1.011686
785, 43, 1.442728
785, 44, 0.519650
785, 45, 1.444080
785, 46, 2.318679
785, 47, 1.415481
785, 48, 2.594473
785, 49, -0.160065
785, 50, 2.174345
785, 51, 0.485420
785, 52, 1.514256
785, 53, -0.000015
785, 54, 2.763071
785, 55, 3.149333
785, 56, 2.530727
785, 57, 2.968249
785, 58, 0.829374
785, 59, 1.691667
785, 60, 0.000000
785, 61, 1.402721
785, 62, 2.046885
785, 63, 1.722669
785, 64, 2.057648
785, 65, 3.453859
785, 66, 1.750670
785, 67, 2.511020
785, 68, 1.571999
785, 69, 2.719999
785, 70, 2.954356
785, 71, 2.592213
785, 72, 3.798110
785, 73, 3.213453
785, 74, 1.580833
785, 75, 1.934788
785, 76, 1.049166
785, 77, 1.420346
785, 78, 1.805377
785, 79, 2.797782
785, 80, 2.671823
785, 81, 1.710896
785, 82, -0.109002
785, 83, 1.231292
785, 84, 0.939994
785, 85, 3.020050
785, 86, 3.298880
785, 87, 2.334270
785, 88, 1.403196
785, 89, 0.544654
785, 90, 1.203632
785, 91, 1.343057
785, 92, 0.672629
785, 93, 2.642344
785, 94, 1.650915
785, 95, 0.943389
785, 96, 1.639743
785, 97, 4.304071
785, 98, 2.157274
785, 99, 1.083238
785, 100, 0.792004
785, 101, -0.031273
785, 102, 1.856339
785, 103, 0.000000
785, 104, 3.391535
785, 105, 2.845649
785, 106, 1.431670
785, 107, 1.893805
785, 108, 0.639675
785, 109, 0.413491
785, 110, 1.771988
785, 111, 0.819749
785, 112, 1.185186
785, 113, 3.548381
785, 114, 1.041432
785, 115, 1.999007
785, 116, 1.438784
785, 117, 2.385260
785, 118, 1.574417
785, 119, 1.334032
785, 120, 2.301379
785, 121, 3.597230
785, 122, 2.495719
785, 123, 0.346461
785, 124, 2.149925
785, 125, 4.262937
785, 126, 1.219179
785, 127, 0.838413
785, 128, 0.512609
785, 129, 0.068566
785, 130, 1.536905
785, 131, 1.765901
785, 132, 1.469587
785, 133, 0.158527
785, 134, 1.165754
785, 135, 0.744959
785, 136, -0.000010
785, 137, 1.549594
785, 138, 0.987940
785, 139, 0.937750
785, 140, 3.520961
785, 141, 2.345866
785, 142, 3.145290
785, 143, 1.954702
785, 144, 1.508965
785, 145, 1.077613
785, 146, 1.966183
785, 147, 3.907295
785, 148, 2.480981
785, 149, 3.530346
785, 150, 1.562608
785, 151, 1.915325
785, 152, 2.086525
785, 153, 0.000000
785, 154, 1.593774
785, 155, 2.281431
785, 156, -0.010000
785, 157, 3.019499
785, 158, 1.993107
785, 159, 1.077853
785, 160, 2.911531
785, 161, 2.098987
785, 162, 3.459363
785, 163, 2.513429
785, 164, 3.345081
785, 165, 2.988949
785, 166, 3.623854
785, 167, 1.409328
785, 168, 0.324529
785, 169, 1.779283
785, 170, 1.509260
785, 171, 2.757648
785, 172, 2.730065
785, 173, 2.630763
785, 174, 2.150500
785, 175, 1.459011
785, 176, 3.367339
785, 177, 2.475389
785, 178, 0.529260
785, 179, 3.043244
785, 180, 3.491096
785, 181, 0.837788
785, 182, 3.133410
785, 183, -0.040000
785, 184, 0.631502
785, 185, 1.880346
785, 186, 3.388562
785, 187, 0.000000
785, 188, 2.129320
785, 189, 2.867076
785, 190, 2.387929
785, 191, 0.717938
785, 192, 2.126073
785, 193, 2.742278
785, 194, 1.537417
785, 195, -0.281319
785, 196, 3.982698
785, 197, 2.400802
785, 198, 2.278467
785, 199, 1.457423
787, 0, 1.503664
787, 1, 1.547395
787, 2, 2.266554
787, 3, 1.150859
787, 4, -0.339888
787, 5, 2.000191
787, 6, -0.000013
787, 7, 1.283830
787, 8, 3.363875
787, 9, 1.717014
787, 10, 1.799210
787, 11, 2.271102
787, 12, 2.537982
787, 13, 0.000000
787, 14, 2.631060
787, 15, 2.585311
787, 16, 1.129258
787, 17, 3.227504
787, 18, 3.583642
787, 19, 2.589026
787, 20, 4.284146
787, 21, 0.436530
787, 22, 2.161510
787, 23, 1.270559
787, 24, 1.161303
787, 25, 2.046121
787, 26, 1.007388
787, 27, 0.812977
787, 28, 1.971636
787, 29, 1.906374
787, 30, 0.668950
787, 31, 2.582145
787, 32, 0.422124
787, 33, 2.755144
787, 34, 2.392051
787, 35, 2.614086
787, 36, 2.303956
787, 37, 1.441545
787, 38, 0.375477
787, 39, 1.565520
787, 40, 2.687157
787, 41, 1.740014
787, 42, 1.011686
787, 43, 1.442728
787, 44, 0.519650
787, 45, 1.442453
787, 46, 2.320649
787, 47, 1.415481
787, 48, 2.599905
787, 49, -0.160065
787, 50, 2.174345
787, 51, 0.485420
787, 52, 1.514256
787, 53, -0.000015
787, 54, 2.772185
787, 55, 3.171029
787, 56, 2.523844
787, 57, 2.968531
787, 58, 0.829374
787, 59, 1.691667
787, 60, 0.000000
787, 61, 1.402721
787, 62, 2.046885
787, 63, 1.722669
787, 64, 2.057648
787, 65, 3.459840
787, 66, 1.750670
787, 67, 2.511020
787, 68, 1.571999
787, 69, 2.719999
787, 70, 2.955169
787, 71, 2.588662
787, 72, 3.798277
787, 73, 3.216197
787, 74, 1.580833
787, 75, 1.934788
787, 76, 1.049166
787, 77, 1.420346
787, 78, 1.805377
787, 79, 2.797782
787, 80, 2.672774
787, 81, 1.710896
787, 82, -0.106785
787, 83, 1.231291
787, 84, 0.939994
787, 85, 3.020050
787, 86, 3.303158
787, 87, 2.334270
787, 88, 1.403196
787, 89, 0.544654
787, 90, 1.203631
787, 91, 1.332475
787, 92, 0.672629
787, 93, 2.655019
787, 94, 1.648508
787, 95, 0.947991
787, 96, 1.625957
787, 97, 4.305141
787, 98, 2.158544
787, 99, 1.083238
787, 100, 0.792004
787, 101, -0.031273
787, 102, 1.856339
787, 103, 0.000000
787, 104, 3.420298
787, 105, 2.844464
787, 106, 1.431670
787, 107, 1.916159
787, 108, 0.639675
787, 109, 0.412319
787, 110, 1.771988
787, 111, 0.819906
787, 112, 1.185186
787, 113, 3.553677
787, 114, 1.041432
787, 115, 1.999007
787, 116, 1.438784
787, 117, 2.385261
787, 118, 1.591214
787, 119, 1.334032
787, 120, 2.301379
787, 121, 3.657748
787, 122, 2.495636
787, 123, 0.346461
787, 124, 2.149925
787, 125, 4.280175
787, 126, 1.218504
787, 127, 0.838413
787, 128, 0.512609
787, 129, 0.068566
787, 130, 1.536904
787, 131, 1.765901
787, 132, 1.469588
787, 133, 0.158527
787, 134, 1.165754
787, 135, 0.744959
787, 136, -0.000010
787, 137, 1.548937
787, 138, 0.987940
787, 139, 0.937750
787, 140, 3.514609
787, 141, 2.345864
787, 142, 3.148145
787, 143, 1.966842
787, 144, 1.508965
787, 145, 1.077613
787, 146, 1.966183
787, 147, 3.904999
787, 148, 2.480981
787, 149, 3.529879
787, 150, 1.562608
787, 151, 1.917145
787, 152, 2.086525
787, 153, 0.000000
787, 154, 1.593774
787, 155, 2.281431
787, 156, -0.010000
787, 157, 3.020435
787, 158, 1.993107
787, 159, 1.077853
787, 160, 2.953904
787, 161, 2.098987
787, 162, 3.461771
787, 163, 2.513130
787, 164, 3.343863
787, 165, 2.988312
787, 166, 3.629648
787, 167, 1.409328
787, 168, 0.324529
787, 169, 1.779121
787, 170, 1.509260
787, 171, 2.807157
787, 172, 2.707566
787, 173, 2.628832
787, 174, 2.126060
787, 175, 1.460053
787, 176, 3.367909
787, 177, 2.482050
787, 178, 0.529260
787, 179, 3.047137
787, 180, 3.518342
787, 181, 0.837788
787, 182, 3.133410
787, 183, -0.040000
787, 184, 0.631502
787, 185, 1.880345
787, 186, 3.365048
787, 187, 0.000000
787, 188, 2.121217
787, 189, 2.754410
787, 190, 2.387929
787, 191, 0.717938
787, 192, 2.085254
787, 193, 2.742301
787, 194, 1.537417
787, 195, -0.281319
787, 196, 3.982280
787, 197, 2.400826
787, 198, 2.278136
787, 199, 1.457427
789, 0, 1.503664
789, 1, 1.547396
789, 2, 2.294168
789, 3, 1.150859
789, 4, -0.339888
789, 5, 2.001934
789, 6, -0.000013
789, 7, 1.283832
789, 8, 3.383619
789, 9, 1.717014
789, 10, 1.799210
789, 11, 2.271102
789, 12, 2.547779
789, 13, 0.000000
789, 14, 2.631442
789, 15, 2.539459
789, 16, 1.129258
789, 17, 3.230278
789, 18, 3.586869
789, 19, 2.592781
789, 20, 4.233952
789, 21, 0.436530
789, 22, 2.161510
789, 23, 1.270559
789, 24, 1.180012
789, 25, 2.046121
789, 26, 1.007388
789, 27, 0.812977
789, 28, 1.973981
789, 29, 1.905843
789, 30, 0.668950
789, 31, 2.590579
789, 32, 0.422124
789, 33, 2.750016
789, 34, 2.359592
789, 35, 2.614343
789, 36, 2.303776
789, 37, 1.552422
789, 38, 0.375477
789, 39, 1.565520
789, 40, 2.687157
789, 41, 1.741481
789, 42, 1.011686
789, 43, 1.442728
789, 44, 0.519650
789, 45, 1.441969
789, 46, 2.319311
789, 47, 1.415481
789, 48, 2.599895
789, 49, -0.160065
789, 50, 2.174345
789, 51, 0.485420
789, 52, 1.514256
789, 53, -0.000015
789, 54, 2.751159
789, 55, 3.171480
789, 56, 2.524701
789, 57, 2.968838
789, 58, 0.829374
789, 59, 1.691667
789, 60, 0.000000
789, 61, 1.402721
789, 62, 2.046885
789, 63, 1.722669
789, 64, 2.057648
789, 65, 3.453081
789, 66, 1.750670
789, 67, 2.511020
789, 68, 1.571999
789, 69, 2.719999
789, 70, 2.953490
789, 71, 2.582978
789, 72, 3.797060
789, 73, 3.218692
789, 74, 1.580833
789, 75, 1.934788
789, 76, 1.049166
789, 77, 1.420346
789, 78, 1.805377
789, 79, 2.797782
789, 80, 2.673053
789, 81, 1.710896
789, 82, -0.106430
789, 83, 1.231284
789, 84, 0.939994
789, 85, 3.020050
789, 86, 3.307141
789, 87, 2.334270
789, 88, 1.403196
789, 89, 0.544654
789, 90, 1.203630
789, 91, 1.327501
789, 92, 0.672629
789, 93, 2.672119
789, 94, 1.649988
789, 95, 0.928505
789, 96, 1.628000
789, 97, 4.274858
789, 98, 2.162792
789, 99, 1.083238
789, 100, 0.792004
789, 101, -0.031273
789, 102, 1.856339
789, 103, 0.000000
789, 104, 3.424273
789, 105, 2.843913
789, 106, 1.431670
789, 107, 1.917942
789, 108, 0.639675
789, 109, 0.386392
789, 110, 1.771988
789, 111, 0.819568
789, 112, 1.185186
789, 113, 3.555340
789, 114, 1.041432
789, 115, 1.999007
789, 116, 1.438784
789, 117, 2.385260
789, 118, 1.575648
789, 119, 1.334032
789, 120, 2.301379
789, 121, 3.677994
789, 122, 2.493747
789, 123, 0.346461
789, 124, 2.149926
789, 125, 4.288264
789, 126, 1.217465
789, 127, 0.838413
789, 128, 0.512609
789, 129, 0.068566
789, 130, 1.536904
789, 131, 1.765901
789, 132, 1.469588
789, 133, 0.158527
789, 134, 1.165754
789, 135, 0.744959
789, 136, -0.000010
789, 137, 1.548328
789, 138, 0.987940
789, 139, 0.937750
789, 140, 3.507624
789, 141, 2.345863
789, 142, 3.151673
789, 143, 1.955131
789, 144, 1.508965
789, 145, 1.077613
789, 146, 1.966183
789, 147, 3.901107
789, 148, 2.480981
789, 149, 3.530370
789, 150, 1.562608
789, 151, 1.917624
789, 152, 2.086525
789, 153, 0.000000
789, 154, 1.593774
789, 155, 2.281430
789, 156, -0.010000
789, 157, 3.007227
789, 158, 1.993107
789, 159, 1.077853
789, 160, 2.940928
789, 161, 2.098987
789, 162, 3.457468
789, 163, 2.513130
789, 164, 3.343871
789, 165, 2.988091
789, 166, 3.627317
789, 167, 1.409328
789, 168, 0.324529
789, 169, 1.778961
789, 170, 1.509260
789, 171, 2.819449
789, 172, 2.711418
789, 173, 2.623872
789, 174, 2.139923
789, 175, 1.461066
789, 176, 3.365543
789, 177, 2.496611
789, 178, 0.529260
789, 179, 3.044646
789, 180, 3.513432
789, 181, 0.837788
789, 182, 3.133410
789, 183, -0.040000
789, 184, 0.631502
789, 185, 1.880346
789, 186, 3.551037
789, 187, 0.000000
789, 188, 2.121558
789, 189, 2.803829
789, 190, 2.387929
789, 191, 0.717938
789, 192, 2.088006
789, 193, 2.921791
789, 194, 1.537416
789, 195, -0.281320
789, 196, 4.173404
789, 197, 2.393737
789, 198, 2.277860
789, 199, 1.457430
791, 0, 1.503664
791, 1, 1.547395
791, 2, 2.278016
791, 3, 1.150856
791, 4, -0.339888
791, 5, 2.003562
791, 6, -0.000013
791, 7, 1.283829
791, 8, 3.373206
791, 9, 1.717014
791, 10, 1.799209
791, 11, 2.271102
791, 12, 2.547361
791, 13, 0.000000
791, 14, 2.631482
791, 15, 2.568629
791, 16, 1.129258
791, 17, 3.228333
791, 18, 3.587904
791, 19, 2.592781
791, 20, 4.289303
791, 21, 0.436530
791, 22, 2.161510
791, 23, 1.270559
791, 24, 1.204536
791, 25, 2.046121
791, 26, 1.007388
791, 27, 0.812977
791, 28, 1.977512
791, 29, 1.904954
791, 30, 0.668950
791, 31, 2.589630
791, 32, 0.422124
791, 33, 2.718314
791, 34, 2.385540
791, 35, 2.614368
791, 36, 2.305069
791, 37, 1.631262
791, 38, 0.375477
791, 39, 1.565520
791, 40, 2.687157
791, 41, 1.742604
791, 42, 1.011686
791, 43, 1.442728
791, 44, 0.519650
791, 45, 1.441154
791, 46, 2.325624
791, 47, 1.415481
791, 48, 2.598812
791, 49, -0.160065
791, 50, 2.174345
791, 51, 0.485420
791, 52, 1.514256
791, 53, -0.000015
791, 54, 2.757965
791, 55, 3.170810
791, 56, 2.530455
791, 57, 2.968992
791, 58, 0.829374
791, 59, 1.691667
791, 60, 0.000000
791, 61, 1.402721
791, 62, 2.046886
791, 63, 1.722669
791, 64, 2.057648
791, 65, 3.456553
791, 66, 1.750670
791, 67, 2.511020
791, 68, 1.571999
791, 69, 2.719999
791, 70, 2.955245
791, 71, 2.583007
791, 72, 3.795980
791, 73, 3.218365
791, 74, 1.580833
791, 75, 1.934788
791, 76, 1.049166
791, 77, 1.420346
791, 78, 1.805377
791, 79, 2.797782
791, 80, 2.673215
791, 81, 1.710896
791, 82, -0.105863
791, 83, 1.231280
791, 84, 0.939994
791, 85, 3.020049
791, 86, 3.313226
791, 87, 2.334270
791, 88, 1.403196
791, 89, 0.544654
791, 90, 1.203629
791, 91, 1.319837
791, 92, 0.672629
791, 93, 2.651047
791, 94, 1.652238
791, 95, 0.945855
791, 96, 1.637813
791, 97, 4.303751
791, 98, 2.161959
791, 99, 1.083238
791, 100, 0.792004
791, 101, -0.031273
791, 102, 1.856339
791, 103, 0.000000
791, 104, 3.422192
791, 105, 2.843041
791, 106, 1.431670
791, 107, 1.919057
791, 108, 0.639675
791, 109, 0.381852
791, 110, 1.771988
791, 111, 0.818941
791, 112, 1.185186
791, 113, 3.554825
791, 114, 1.041432
791, 115, 1.999007
791, 116, 1.438784
791, 117, 2.385260
791, 118, 1.579042
791, 119, 1.334032
791, 120, 2.301379
791, 121, 3.659830
791, 122, 2.492952
791, 123, 0.346461
791, 124, 2.149925
791, 125, 4.285581
791, 126, 1.217021
791, 127, 0.838413
791, 128, 0.512609
791, 129, 0.068566
791, 130, 1.536905
791, 131, 1.765902
791, 132, 1.469587
791, 133, 0.158527
791, 134, 1.165754
791, 135, 0.744959
791, 136, -0.000010
791, 137, 1.547949
791, 138, 0.987940
791, 139, 0.937750
791, 140, 3.513577
791, 141, 2.345862
791, 142, 3.155947
791, 143, 1.955973
791, 144, 1.508965
791, 145, 1.077613
791, 146, 1.966183
791, 147, 3.904395
791, 148, 2.480981
791, 149, 3.531069
791, 150, 1.562608
791, 151, 1.921178
791, 152, 2.086525
791, 153, 0.000000
791, 154, 1.593774
791, 155, 2.281431
791, 156, -0.010000
791, 157, 3.007332
791, 158, 1.993107
791, 159, 1.077853
791, 160, 2.923323
791, 161, 2.098987
791, 162, 3.460596
791, 163, 2.513130
791, 164, 3.343872
791, 165, 2.987772
791, 166, 3.619734
791, 167, 1.409328
791, 168, 0.324529
791, 169, 1.778911
791, 170, 1.509260
791, 171, 2.819769
791, 172, 2.694877
791, 173, 2.621186
791, 174, 2.135299
791, 175, 1.462113
791, 176, 3.363127
791, 177, 2.485104
791, 178, 0.529260
791, 179, 3.043481
791, 180, 3.510640
791, 181, 0.837788
791, 182, 3.133410
791, 183, -0.040000
791, 184, 0.631502
791, 185, 1.880346
791, 186, 3.372540
791, 187, 0.000000
791, 188, 2.120721
791, 189, 2.834678
791, 190, 2.387929
791, 191, 0.717938
791, 192, 2.130799
791, 193, 2.742553
791, 194, 1.537415
791, 195, -0.281317
791, 196, 3.981870
791, 197, 2.393737
791, 198, 2.277647
791, 199, 1.457431
793, 0, 1.503664
793, 1, 1.547395
793, 2, 2.233042
793, 3, 1.150858
793, 4, -0.339888
793, 5, 2.005234
793, 6, -0.000013
793, 7, 1.283831
793, 8, 3.358003
793, 9, 1.717014
793, 10, 1.799210
793, 11, 2.271102
793, 12, 2.540403
793, 13, 0.000000
793, 14, 2.630935
793, 15, 2.598623
793, 16, 1.129258
793, 17, 3.216465
793, 18, 3.584250
793, 19, 2.589026
793, 20, 4.267087
793, 21, 0.436530
793, 22, 2.161510
793, 23, 1.270559
793, 24, 1.245482
793, 25, 2.046121
793, 26, 1.007388
793, 27, 0.812977
793, 28, 1.979719
793, 29, 1.904033
793, 30, 0.668950
793, 31, 2.582695
793, 32, 0.422124
793, 33, 2.742960
793, 34, 2.361760
793, 35, 2.614186
793, 36, 2.304629
793, 37, 1.688545
793, 38, 0.375477
793, 39, 1.565520
793, 40, 2.687157
793, 41, 1.743402
793, 42, 1.011686
793, 43, 1.442728
793, 44, 0.519650
793, 45, 1.440028
793, 46, 2.329503
793, 47, 1.415481
793, 48, 2.602118
793, 49, -0.160065
793, 50, 2.174345
793, 51, 0.485420
793, 52, 1.514256
793, 53, -0.000015
793, 54, 2.764386
793, 55, 3.167176
793, 56, 2.533442
793, 57, 2.969004
793, 58, 0.829374
793, 59, 1.691667
793, 60, 0.000000
793, 61, 1.402721
793, 62, 2.046886
793, 63, 1.722669
793, 64, 2.057648
793, 65, 3.476650
793, 66, 1.750670
793, 67, 2.511020
793, 68, 1.571999
793, 69, 2.720009
793, 70, 2.954037
793, 71, 2.583020
793, 72, 3.798648
793, 73, 3.216052
793, 74, 1.580833
793, 75, 1.934788
793, 76, 1.049166
793, 77, 1.420346
793, 78, 1.805377
793, 79, 2.797783
793, 80, 2.673326
793, 81, 1.710896
793, 82, -0.105098
793, 83, 1.231273
793, 84, 0.939994
793, 85, 3.020050
793, 86, 3.259212
793, 87, 2.334270
793, 88, 1.403196
793, 89, 0.544654
793, 90, 1.203630
793, 91, 1.365502
793, 92, 0.672629
793, 93, 2.661650
793, 94, 1.651929
793, 95, 0.942184
793, 96, 1.668571
793, 97, 4.300530
793, 98, 2.140196
793, 99, 1.083238
793, 100, 0.792004
793, 101, -0.031273
793, 102, 1.856339
793, 103, 0.000000
793, 104, 3.404060
793, 105, 2.848257
793, 106, 1.431670
793, 107, 1.901812
793, 108, 0.639675
793, 109, 0.397430
793, 110, 1.771988
793, 111, 0.818636
793, 112, 1.185186
793, 113, 3.551246
793, 114, 1.041432
793, 115, 1.999007
793, 116, 1.438784
793, 117, 2.385260
793, 118, 1.557057
793, 119, 1.334032
793, 120, 2.301379
793, 121, 3.703878
793, 122, 2.492501
793, 123, 0.346461
793, 124, 2.149925
793, 125, 4.283163
793, 126, 1.216877
793, 127, 0.838413
793, 128, 0.512609
793, 129, 0.068566
793, 130, 1.536904
793, 131, 1.765901
793, 132, 1.469587
793, 133, 0.158527
793, 134, 1.165754
793, 135, 0.744959
793, 136, -0.000010
793, 137, 1.547787
793, 138, 0.987940
793, 139, 0.937750
793, 140, 3.517817
793, 141, 2.345862
793, 142, 3.158413
793, 143, 1.951565
793, 144, 1.508965
793, 145, 1.077613
793, 146, 1.966183
793, 147, 3.905674
793, 148, 2.480981
793, 149, 3.530506
793, 150, 1.562608
793, 151, 1.917174
793, 152, 2.086526
793, 153, 0.000000
793, 154, 1.593774
793, 155, 2.281431
793, 156, -0.010000
793, 157, 3.007356
793, 158, 1.993107
793, 159, 1.077853
793, 160, 2.883955
793, 161, 2.098987
793, 162, 3.462225
793, 163, 2.513130
793, 164, 3.343870
793, 165, 2.987444
793, 166, 3.626251
793, 167, 1.409328
793, 168, 0.324529
793, 169, 1.779057
793, 170, 1.509260
793, 171, 2.796869
793, 172, 2.712987
793, 173, 2.622211
793, 174, 2.158970
793, 175, 1.462721
793, 176, 3.356692
793, 177, 2.480894
793, 178, 0.529260
793, 179, 3.043659
793, 180, 3.505776
793, 181, 0.837788
793, 182, 3.133410
793, 183, -0.040000
793, 184, 0.631502
793, 185, 1.880346
793, 186, 3.357296
793, 187, 0.000000
793, 188, 2.113736
793, 189, 2.871196
793, 190, 2.387929
793, 191, 0.717938
793, 192, 2.109939
793, 193, 2.743385
793, 194, 1.537415
793, 195, -0.281318
793, 196, 3.982530
793, 197, 2.393737
793, 198, 2.277489
793, 199, 1.457432
795, 0, 1.503664
795, 1, 1.547395
795, 2, 2.247882
795, 3, 1.150858
795, 4, -0.339888
795, 5, 2.005677
795, 6, -0.000013
795, 7, 1.283832
795, 8, 3.355238
795, 9, 1.717014
795, 10, 1.799210
795, 11, 2.271102
795, 12, 2.536826
795, 13, 0.000000
795, 14, 2.631123
795, 15, 2.263716
795, 16, 1.129258
795, 17, 3.231051
795, 18, 3.586447
795, 19, 2.589026
795, 20, 4.291850
795, 21, 0.436530
795, 22, 2.161510
795, 23, 1.270559
795, 24, 1.267855
795, 25, 2.046121
795, 26, 1.007388
795, 27, 0.812977
795, 28, 1.980980
795, 29, 1.914724
795, 30, 0.668950
795, 31, 2.578898
795, 32, 0.422124
795, 33, 2.738909
795, 34, 2.366080
795, 35, 2.614308
795, 36, 2.302340
795, 37, 1.674181
795, 38, 0.375477
795, 39, 1.565520
795, 40, 2.687157
795, 41, 1.743997
795, 42, 1.011686
795, 43, 1.442728
795, 44, 0.519650
795, 45, 1.449832
795, 46, 2.322910
795, 47, 1.415481
795, 48, 2.602211
795, 49, -0.160065
795, 50, 2.174345
795, 51, 0.485420
795, 52, 1.514256
795, 53, -0.000015
795, 54, 2.767917
795, 55, 3.171066
795, 56, 2.529881
795, 57, 2.969215
795, 58, 0.829374
795, 59, 1.691667
795, 60, 0.000000
795, 61, 1.402721
795, 62, 2.046885
795, 63, 1.722669
795, 64, 2.057648
795, 65, 3.456324
795, 66, 1.750670
795, 67, 2.511020
795, 68, 1.571999
795, 69, 2.720016
795, 70, 2.954235
795, 71, 2.583025
795, 72, 3.798953
795, 73, 3.214834
795, 74, 1.580833
795, 75, 1.934788
795, 76, 1.049166
795, 77, 1.420346
795, 78, 1.805377
795, 79, 2.797782
795, 80, 2.673003
795, 81, 1.710896
795, 82, -0.111542
795, 83, 1.231267
795, 84, 0.939994
795, 85, 3.020049
795, 86, 3.293876
795, 87, 2.350115
795, 88, 1.403196
795, 89, 0.544654
795, 90, 1.203631
795, 91, 1.354604
795, 92, 0.672629
795, 93, 2.644857
795, 94, 1.649944
795, 95, 0.945284
795, 96, 1.642518
795, 97, 4.297640
795, 98, 2.142521
795, 99, 1.083238
795, 100, 0.792004
795, 101, -0.031273
795, 102, 1.856339
795, 103, 0.000000
795, 104, 3.400560
795, 105, 2.847093
795, 106, 1.431670
795, 107, 1.877581
795, 108, 0.639675
795, 109, 0.421005
795, 110, 1.771988
795, 111, 0.818723
795, 112, 1.185186
795, 113, 3.541969
795, 114, 1.041432
795, 115, 1.999007
795, 116, 1.438784
795, 117, 2.385260
795, 118, 1.563515
795, 119, 1.334032
795, 120, 2.301379
795, 121, 3.656787
795, 122, 2.494292
795, 123, 0.346461
795, 124, 2.149925
795, 125, 4.281279
795, 126, 1.216951
795, 127, 0.838413
795, 128, 0.512609
795, 129, 0.068566
795, 130, 1.536904
795, 131, 1.765902
795, 132, 1.469587
795, 133, 0.158527
795, 134, 1.165754
795, 135, 0.744959
795, 136, -0.000010
795, 137, 1.547733
795, 138, 0.987940
795, 139, 0.937750
795, 140, 3.518644
795, 141, 2.345862
795, 142, 3.160284
795, 143, 1.955052
795, 144, 1.508965
795, 145, 1.077613
795, 146, 1.966183
795, 147, 3.910780
795, 148, 2.480981
795, 149, 3.530776
795, 150, 1.562608
795, 151, 1.918835
795, 152, 2.086525
795, 153, 0.000000
795, 154, 1.593774
795, 155, 2.281431
795, 156, -0.010000
795, 157, 3.010315
795, 158, 1.993107
795, 159, 1.077853
795, 160, 2.932626
795, 161, 2.098987
795, 162, 3.462167
795, 163, 2.513130
795, 164, 3.344160
795, 165, 2.986856
795, 166, 3.626519
795, 167, 1.409328
795, 168, 0.324529
795, 169, 1.778044
795, 170, 1.509260
795, 171, 2.812124
795, 172, 2.719603
795, 173, 2.624842
795, 174, 2.180494
795, 175, 1.462951
795, 176, 3.359662
795, 177, 2.476929
795, 178, 0.529260
795, 179, 3.045650
795, 180, 3.479772
795, 181, 0.837788
795, 182, 3.133410
795, 183, -0.040000
795, 184, 0.631502
795, 185, 1.880346
795, 186, 3.377030
795, 187, 0.000000
795, 188, 2.107210
795, 189, 2.894811
795, 190, 2.387929
795, 191, 0.717938
795, 192, 2.120015
795, 193, 2.743812
795, 194, 1.537415
795, 195, -0.281319
795, 196, 3.982853
795, 197, 2.394256
795, 198, 2.277380
795, 199, 1.457433
797, 0, 1.503664
797, 1, 1.547396
797, 2, 2.199288
797, 3, 1.150859
797, 4, -0.339888
797, 5, 2.009496
797, 6, -0.000013
797, 7, 1.283833
797, 8, 3.358796
797, 9, 1.717014
797, 10, 1.799210
797, 11, 2.271102
797, 12, 2.546494
797, 13, 0.000000
797, 14, 2.630911
797, 15, 2.306489
797, 16, 1.129258
797, 17, 3.227098
797, 18, 3.587876
797, 19, 2.589026
797, 20, 4.291765
797, 21, 0.436530
797, 22, 2.161510
797, 23, 1.270559
797, 24, 1.294824
797, 25, 2.046121
797, 26, 1.007388
797, 27, 0.812977
797, 28, 1.979977
797, 29, 1.911303
797, 30, 0.668950
797, 31, 2.590244
797, 32, 0.422124
797, 33, 2.695975
797, 34, 2.385749
797, 35, 2.614105
797, 36, 2.302033
797, 37, 1.695869
797, 38, 0.375477
797, 39, 1.565520
797, 40, 2.687157
797, 41, 1.744439
797, 42, 1.011686
797, 43, 1.442728
797, 44, 0.519650
797, 45, 1.444839
797, 46, 2.315037
797, 47, 1.415481
797, 48, 2.600249
797, 49, -0.160065
797, 50, 2.174345
797, 51, 0.485420
797, 52, 1.514256
797, 53, -0.000015
797, 54, 2.741708
797, 55, 3.168552
797, 56, 2.532221
797, 57, 2.969208
797, 58, 0.829374
797, 59, 1.691667
797, 60, 0.000000
797, 61, 1.402721
797, 62, 2.046885
797, 63, 1.722669
797, 64, 2.057648
797, 65, 3.463151
797, 66, 1.750670
797, 67, 2.511020
797, 68, 1.571999
797, 69, 2.720016
797, 70, 2.955143
797, 71, 2.583021
797, 72, 3.798616
797, 73, 3.215677
797, 74, 1.580833
797, 75, 1.934788
797, 76, 1.049166
797, 77, 1.420346
797, 78, 1.805377
797, 79, 2.797782
797, 80, 2.673863
797, 81, 1.710896
797, 82, -0.108154
797, 83, 1.231262
797, 84, 0.939994
797, 85, 3.020050
797, 86, 3.304720
797, 87, 2.361026
797, 88, 1.403196
797, 89, 0.544654
797, 90, 1.203630
797, 91, 1.334639
797, 92, 0.672629
797, 93, 2.661630
797, 94, 1.653163
797, 95, 0.940778
797, 96, 1.642744
797, 97, 4.305074
797, 98, 2.143578
797, 99, 1.083238
797, 100, 0.792004
797, 101, -0.031273
797, 102, 1.856339
797, 103, 0.000000
797, 104, 3.410286
797, 105, 2.844863
797, 106, 1.431670
797, 107, 1.892526
797, 108, 0.639675
797, 109, 0.426618
797, 110, 1.771988
797, 111, 0.818624
797, 112, 1.185186
797, 113, 3.552931
797, 114, 1.041432
797, 115, 1.999007
797, 116, 1.438784
797, 117, 2.385260
797, 118, 1.558932
797, 119, 1.334032
797, 120, 2.301379
797, 121, 3.686435
797, 122, 2.494706
797, 123, 0.346461
797, 124, 2.149925
797, 125, 4.289511
797, 126, 1.217252
797, 127, 0.838413
797, 128, 0.512609
797, 129, 0.068566
797, 130, 1.536904
797, 131, 1.765901
797, 132, 1.469588
797, 133, 0.158527
797, 134, 1.165754
797, 135, 0.744959
797, 136, -0.000010
797, 137, 1.547794
797, 138, 0.987940
797, 139, 0.937750
797, 140, 3.511600
797, 141, 2.345862
797, 142, 3.156727
797, 143, 1.952656
797, 144, 1.508965
797, 145, 1.077613
797, 146, 1.966183
797, 147, 3.903252
797, 148, 2.480981
797, 149, 3.530501
797, 150, 1.562608
797, 151, 1.919119
797, 152, 2.086525
797, 153, 0.000000
797, 154, 1.593774
797, 155, 2.281431
797, 156, -0.010000
797, 157, 3.010315
797, 158, 1.993107
797, 159, 1.077853
797, 160, 2.913125
797, 161, 2.098987
797, 162, 3.452392
797, 163, 2.513130
797, 164, 3.343872
797, 165, 2.985800
797, 166, 3.623198
797, 167, 1.409328
797, 168, 0.324529
797, 169, 1.777863
797, 170, 1.509260
797, 171, 2.820142
797, 172, 2.723357
797, 173, 2.626138
797, 174, 2.188766
797, 175, 1.463021
797, 176, 3.359662
797, 177, 2.482600
797, 178, 0.529260
797, 179, 3.049917
797, 180, 3.518180
797, 181, 0.837788
797, 182, 3.133410
797, 183, -0.040000
797, 184, 0.631502
797, 185, 1.880346
797, 186, 3.380367
797, 187, 0.000000
797, 188, 2.140787
797, 189, 2.941225
797, 190, 2.387929
797, 191, 0.717938
797, 192, 2.106492
797, 193, 2.743818
797, 194, 1.537415
797, 195, -0.281319
797, 196, 3.981584
797, 197, 2.394256
797, 198, 2.277301
797, 199, 1.457434
799, 0, 1.503664
799, 1, 1.547395
799, 2, 2.207339
799, 3, 1.150859
799, 4, -0.339888
799, 5, 2.012557
799, 6, -0.000013
799, 7, 1.283834
799, 8, 3.378958
799, 9, 1.717014
799, 10, 1.799210
799, 11, 2.271102
799, 12, 2.556312
799, 13, 0.000000
799, 14, 2.631024
799, 15, 2.353441
799, 16, 1.129258
799, 17, 3.209231
799, 18, 3.588798
799, 19, 2.598154
799, 20, 4.283373
799, 21, 0.436530
799, 22, 2.161510
799, 23, 1.270559
799, 24, 1.313669
799, 25, 2.046121
799, 26, 1.007388
799, 27, 0.812977
799, 28, 1.981255
799, 29, 1.910315
799, 30, 0.668950
799, 31, 2.598697
799, 32, 0.422124
799, 33, 2.729521
799, 34, 2.362768
799, 35, 2.614176
799, 36, 2.301854
799, 37, 1.708792
799, 38, 0.375477
799, 39, 1.565520
799, 40, 2.687157
799, 41, 1.744830
799, 42, 1.011686
799, 43, 1.442728
799, 44, 0.519650
799, 45, 1.444544
799, 46, 2.347308
799, 47, 1.415481
799, 48, 2.598195
799, 49, -0.160065
799, 50, 2.174345
799, 51, 0.485420
799, 52, 1.514256
799, 53, -0.000015
799, 54, 2.750225
799, 55, 3.169048
799, 56, 2.528748
799, 57, 2.969401
799, 58, 0.829374
799, 59, 1.691667
799, 60, 0.000000
799, 61, 1.402721
799, 62, 2.046885
799, 63, 1.722669
799, 64, 2.057648
799, 65, 3.465242
799, 66, 1.750670
799, 67, 2.511020
799, 68, 1.571999
799, 69, 2.720016
799, 70, 2.954160
799, 71, 2.583026
799, 72, 3.799235
799, 73, 3.220471
799, 74, 1.580833
799, 75, 1.934788
799, 76, 1.049166
799, 77, 1.420346
799, 78, 1.805377
799, 79, 2.797782
799, 80, 2.674345
799, 81, 1.710896
799, 82, -0.107921
799, 83, 1.231259
799, 84, 0.939994
799, 85, 3.020050
799, 86, 3.303938
799, 87, 2.334270
799, 88, 1.403196
799, 89, 0.544654
799, 90, 1.203630
799, 91, 1.334697
799, 92, 0.672629
799, 93, 2.684761
799, 94, 1.656869
799, 95, 0.910036
799, 96, 1.645254
799, 97, 4.306479
799, 98, 2.144057
799, 99, 1.083238
799, 100, 0.792004
799, 101, -0.031273
799, 102, 1.856339
799, 103, 0.000000
799, 104, 3.410285
799, 105, 2.844898
799, 106, 1.431670
799, 107, 1.886846
799, 108, 0.639675
799, 109, 0.427811
799, 110, 1.771988
799, 111, 0.818064
799, 112, 1.185186
799, 113, 3.552739
799, 114, 1.041432
799, 115, 1.999007
799, 116, 1.438784
799, 117, 2.385260
799, 118, 1.546490
799, 119, 1.334032
799, 120, 2.301379
799, 121, 3.679567
799, 122, 2.494793
799, 123, 0.346461
799, 124, 2.149925
799, 125, 4.289566
799, 126, 1.217366
799, 127, 0.838413
799, 128, 0.512609
799, 129, 0.068566
799, 130, 1.536904
799, 131, 1.765901
799, 132, 1.469588
799, 133, 0.158527
799, 134, 1.165754
799, 135, 0.744959
799, 136, -0.000010
799, 137, 1.547763
799, 138, 0.987940
799, 139, 0.937750
799, 140, 3.502649
799, 141, 2.345862
799, 142, 3.157864
799, 143, 1.949911
799, 144, 1.508965
799, 145, 1.077613
799, 146, 1.966183
799, 147, 3.904232
799, 148, 2.480981
799, 149, 3.530708
799, 150, 1.562608
799, 151, 1.919019
799, 152, 2.086525
799, 153, 0.000000
799, 154, 1.593774
799, 155, 2.281431
799, 156, -0.010000
799, 157, 3.007381
799, 158, 1.993107
799, 159, 1.077853
799, 160, 2.861996
799, 161, 2.098987
799, 162, 3.457863
799, 163, 2.513130
799, 164, 3.343874
799, 165, 2.985453
799, 166, 3.622009
799, 167, 1.409328
799, 168, 0.324529
799, 169, 1.777848
799, 170, 1.509260
799, 171, 2.827822
799, 172, 2.702664
799, 173, 2.624464
799, 174, 2.192946
799, 175, 1.462396
799, 176, 3.359662
799, 177, 2.479041
799, 178, 0.529260
799, 179, 3.046494
799, 180, 3.511271
799, 181, 0.837788
799, 182, 3.133410
799, 183, -0.040000
799, 184, 0.631502
799, 185, 1.880346
799, 186, 3.375291
799, 187, 0.000000
799, 188, 2.140685
799, 189, 2.986682
799, 190, 2.387929
799, 191, 0.717938
799, 192, 2.121123
799, 193, 2.744358
799, 194, 1.537416
799, 195, -0.281320
799, 196, 3.981389
799, 197, 2.394256
799, 198, 2.277231
799, 199, 1.457434
801, 0, 1.503664
801, 1, 1.547395
801, 2, 2.190388
801, 3, 1.150856
801, 4, -0.339888
801, 5, 2.014780
801, 6, -0.000013
801, 7, 1.283830
801, 8, 3.373531
801, 9, 1.723179
801, 10, 1.799209
801, 11, 2.271102
801, 12, 2.556693
801, 13, 0.000000
801, 14, 2.630215
801, 15, 2.368558
801, 16, 1.129258
801, 17, 3.229060
801, 18, 3.587754
801, 19, 2.592342
801, 20, 4.253447
801, 21, 0.436530
801, 22, 2.161510
801, 23, 1.270559
801, 24, 1.331342
801, 25, 2.046121
801, 26, 1.007388
801, 27, 0.812977
801, 28, 1.982050
801, 29, 1.906235
801, 30, 0.668950
801, 31, 2.602562
801, 32, 0.422124
801, 33, 2.756219
801, 34, 2.334846
801, 35, 2.614167
801, 36, 2.301769
801, 37, 1.746318
801, 38, 0.375477
801, 39, 1.565520
801, 40, 2.687157
801, 41, 1.745095
801, 42, 1.011686
801, 43, 1.442728
801, 44, 0.519650
801, 45, 1.442639
801, 46, 2.330615
801, 47, 1.415481
801, 48, 2.600728
801, 49, -0.160065
801, 50, 2.174345
801, 51, 0.485420
801, 52, 1.514256
801, 53, -0.000015
801, 54, 2.736424
801, 55, 3.170167
801, 56, 2.532485
801, 57, 2.969520
801, 58, 0.829374
801, 59, 1.691667
801, 60, 0.000000
801, 61, 1.402721
801, 62, 2.046886
801, 63, 1.722669
801, 64, 2.057648
801, 65, 3.453851
801, 66, 1.750670
801, 67, 2.511020
801, 68, 1.571999
801, 69, 2.720027
801, 70, 2.950926
801, 71, 2.583028
801, 72, 3.798708
801, 73, 3.222947
801, 74, 1.580833
801, 75, 1.934788
801, 76, 1.049166
801, 77, 1.420346
801, 78, 1.805377
801, 79, 2.797782
801, 80, 2.674679
801, 81, 1.710896
801, 82, -0.106636
801, 83, 1.231255
801, 84, 0.939994
801, 85, 3.020049
801, 86, 3.295934
801, 87, 2.334270
801, 88, 1.403196
801, 89, 0.544654
801, 90, 1.203629
801, 91, 1.338202
801, 92, 0.672629
801, 93, 2.628881
801, 94, 1.658008
801, 95, 0.924542
801, 96, 1.662513
801, 97, 4.292678
801, 98, 2.142201
801, 99, 1.083238
801, 100, 0.792004
801, 101, -0.031273
801, 102, 1.856339
801, 103, 0.000000
801, 104, 3.456003
801, 105, 2.845326
801, 106, 1.431670
801, 107, 1.887375
801, 108, 0.639675
801, 109, 0.367497
801, 110, 1.771988
801, 111, 0.817475
801, 112, 1.185186
801, 113, 3.550523
801, 114, 1.041432
801, 115, 1.999007
801, 116, 1.438784
801, 117, 2.385260
801, 118, 1.583552
801, 119, 1.334032
801, 120, 2.301379
801, 121, 3.599102
801, 122, 2.493164
801, 123, 0.346461
801, 124, 2.149925
801, 125, 4.258324
801, 126, 1.217451
801, 127, 0.838413
801, 128, 0.512609
801, 129, 0.068566
801, 130, 1.536905
801, 131, 1.765901
801, 132, 1.469587
801, 133, 0.158527
801, 134, 1.165754
801, 135, 0.744959
801, 136, -0.000010
801, 137, 1.547719
801, 138, 0.987940
801, 139, 0.937750
801, 140, 3.507790
801, 141, 2.345861
801, 142, 3.159586
801, 143, 1.966938
801, 144, 1.508965
801, 145, 1.077613
801, 146, 1.966183
801, 147, 3.904366
801, 148, 2.480981
801, 149, 3.530457
801, 150, 1.562608
801, 151, 1.923970
801, 152, 2.086525
801, 153, 0.000000
801, 154, 1.593774
801, 155, 2.281430
801, 156, -0.010000
801, 157, 3.007389
801, 158, 1.993107
801, 159, 1.077853
801, 160, 2.922993
801, 161, 2.098987
801, 162, 3.459635
801, 163, 2.515249
801, 164, 3.345184
801, 165, 2.985665
801, 166, 3.632965
801, 167, 1.409328
801, 168, 0.324529
801, 169, 1.778001
801, 170, 1.509260
801, 171, 2.803013
801, 172, 2.677682
801, 173, 2.622019
801, 174, 2.217070
801, 175, 1.459524
801, 176, 3.364991
801, 177, 2.487485
801, 178, 0.529260
801, 179, 3.050389
801, 180, 3.499099
801, 181, 0.837788
801, 182, 3.133410
801, 183, -0.040000
801, 184, 0.631502
801, 185, 1.880346
801, 186, 3.369500
801, 187, 0.000000
801, 188, 2.133292
801, 189, 3.023445
801, 190, 2.387929
801, 191, 0.717938
801, 192, 2.083255
801, 193, 2.742534
801, 194, 1.537414
801, 195, -0.281317
801, 196, 3.981829
801, 197, 2.399394
801, 198, 2.277153
801, 199, 1.457434
803, 0, 1.503664
803, 1, 1.547395
803, 2, 2.204764
803, 3, 1.150858
803, 4, -0.339888
803, 5, 2.014606
803, 6, -0.000013
803, 7, 1.283830
803, 8, 3.400247
803, 9, 1.717014
803, 10, 1.799210
803, 11, 2.271102
803, 12, 2.561128
803, 13, 0.000000
803, 14, 2.629851
803, 15, 2.403931
803, 16, 1.129258
803, 17, 3.227357
803, 18, 3.588700
803, 19, 2.589026
803, 20, 4.290779
803, 21, 0.436530
803, 22, 2.161510
803, 23, 1.270559
803, 24, 1.349338
803, 25, 2.046121
803, 26, 1.007388
803, 27, 0.812977
803, 28, 1.979096
803, 29, 1.908391
803, 30, 0.668950
803, 31, 2.605075
803, 32, 0.422124
803, 33, 2.763592
803, 34, 2.381591
803, 35, 2.614098
803, 36, 2.303602
803, 37, 1.438452
803, 38, 0.375477
803, 39, 1.565520
803, 40, 2.687157
803, 41, 1.745360
803, 42, 1.011686
803, 43, 1.442728
803, 44, 0.519650
803, 45, 1.444630
803, 46, 2.329741
803, 47, 1.415481
803, 48, 2.601631
803, 49, -0.160065
803, 50, 2.174345
803, 51, 0.485420
803, 52, 1.514256
803, 53, -0.000015
803, 54, 2.748076
803, 55, 3.170897
803, 56, 2.522850
803, 57, 2.969597
803, 58, 0.829374
803, 59, 1.691667
803, 60, 0.000000
803, 61, 1.402721
803, 62, 2.046886
803, 63, 1.722669
803, 64, 2.057648
803, 65, 3.455907
803, 66, 1.750670
803, 67, 2.511020
803, 68, 1.571999
803, 69, 2.720027
803, 70, 2.953909
803, 71, 2.586861
803, 72, 3.799230
803, 73, 3.223636
803, 74, 1.580833
803, 75, 1.934788
803, 76, 1.049166
803, 77, 1.420346
803, 78, 1.805377
803, 79, 2.797783
803, 80, 2.674176
803, 81, 1.710896
803, 82, -0.107898
803, 83, 1.231254
803, 84, 0.939994
803, 85, 3.020050
803, 86, 3.302517
803, 87, 2.334270
803, 88, 1.403196
803, 89, 0.544654
803, 90, 1.203629
803, 91, 1.329729
803, 92, 0.672629
803, 93, 2.647137
803, 94, 1.660792
803, 95, 0.945313
803, 96, 1.659578
803, 97, 4.304783
803, 98, 2.150388
803, 99, 1.083238
803, 100, 0.792004
803, 101, -0.031273
803, 102, 1.856339
803, 103, 0.000000
803, 104, 3.466547
803, 105, 2.844380
803, 106, 1.431670
803, 107, 1.907467
803, 108, 0.639675
803, 109, 0.339177
803, 110, 1.771988
803, 111, 0.816576
803, 112, 1.185186
803, 113, 3.551679
803, 114, 1.041432
803, 115, 1.999007
803, 116, 1.438784
803, 117, 2.385260
803, 118, 1.573104
803, 119, 1.334032
803, 120, 2.301379
803, 121, 3.669409
803, 122, 2.493164
803, 123, 0.346461
803, 124, 2.149925
803, 125, 4.288364
803, 126, 1.217832
803, 127, 0.838413
803, 128, 0.512609
803, 129, 0.068566
803, 130, 1.536905
803, 131, 1.765901
803, 132, 1.469587
803, 133, 0.158527
803, 134, 1.165754
803, 135, 0.744959
803, 136, -0.000010
803, 137, 1.547823
803, 138, 0.987940
803, 139, 0.937750
803, 140, 3.499115
803, 141, 2.345861
803, 142, 3.158381
803, 143, 1.961452
803, 144, 1.508965
803, 145, 1.077613
803, 146, 1.966183
803, 147, 3.908475
803, 148, 2.480981
803, 149, 3.530384
803, 150, 1.562608
803, 151, 1.928267
803, 152, 2.086526
803, 153, 0.000000
803, 154, 1.593774
803, 155, 2.281430
803, 156, -0.010000
803, 157, 3.007399
803, 158, 1.993107
803, 159, 1.077853
803, 160, 2.954147
803, 161, 2.098987
803, 162, 3.451661
803, 163, 2.515249
803, 164, 3.343871
803, 165, 2.986323
803, 166, 3.626977
803, 167, 1.409328
803, 168, 0.324529
803, 169, 1.777968
803, 170, 1.509260
803, 171, 2.817576
803, 172, 2.681810
803, 173, 2.618532
803, 174, 2.187238
803, 175, 1.458230
803, 176, 3.357460
803, 177, 2.512367
803, 178, 0.529260
803, 179, 3.047841
803, 180, 3.518505
803, 181, 0.837788
803, 182, 3.133410
803, 183, -0.040000
803, 184, 0.631502
803, 185, 1.880346
803, 186, 3.369100
803, 187, 0.000000
803, 188, 2.154229
803, 189, 2.852722
803, 190, 2.387929
803, 191, 0.717938
803, 192, 2.093436
803, 193, 2.737700
803, 194, 1.537415
803, 195, -0.281318
803, 196, 3.983138
803, 197, 2.398653
803, 198, 2.277093
803, 199, 1.457434
805, 0, 1.503664
805, 1, 1.547395
805, 2, 2.197669
805, 3, 1.150858
805, 4, -0.339888
805, 5, 2.016021
805, 6, -0.000013
805, 7, 1.283832
805, 8, 3.424832
805, 9, 1.717014
805, 10, 1.799210
805, 11, 2.271102
805, 12, 2.567120
805, 13, 0.000000
805, 14, 2.630161
805, 15, 2.422637
805, 16, 1.129258
805, 17, 3.230184
805, 18, 3.587757
805, 19, 2.589026
805, 20, 4.271003
805, 21, 0.436530
805, 22, 2.161510
805, 23, 1.270559
805, 24, 1.360124
805, 25, 2.046121
805, 26, 1.007388
805, 27, 0.812977
805, 28, 1.979303
805, 29, 1.909040
805, 30, 0.668950
805, 31, 2.609925
805, 32, 0.422124
805, 33, 2.732910
805, 34, 2.376462
805, 35, 2.614287
805, 36, 2.303729
805, 37, 1.550488
805, 38, 0.375477
805, 39, 1.565520
805, 40, 2.687157
805, 41, 1.745607
805, 42, 1.011686
805, 43, 1.442728
805, 44, 0.519650
805, 45, 1.445231
805, 46, 2.313070
805, 47, 1.415481
805, 48, 2.597440
805, 49, -0.160065
805, 50, 2.174345
805, 51, 0.485420
805, 52, 1.514256
805, 53, -0.000015
805, 54, 2.732671
805, 55, 3.156712
805, 56, 2.524582
805, 57, 2.969842
805, 58, 0.829374
805, 59, 1.691667
805, 60, 0.000000
805, 61, 1.402721
805, 62, 2.046885
805, 63, 1.722669
805, 64, 2.057648
805, 65, 3.454633
805, 66, 1.750670
805, 67, 2.511020
805, 68, 1.571999
805, 69, 2.720027
805, 70, 2.952859
805, 71, 2.583019
805, 72, 3.797989
805, 73, 3.225015
805, 74, 1.580833
805, 75, 1.934788
805, 76, 1.049166
805, 77, 1.420346
805, 78, 1.805377
805, 79, 2.797782
805, 80, 2.674004
805, 81, 1.710896
805, 82, -0.108253
805, 83, 1.231253
805, 84, 0.939994
805, 85, 3.020050
805, 86, 3.296935
805, 87, 2.334270
805, 88, 1.403196
805, 89, 0.544654
805, 90, 1.203629
805, 91, 1.341715
805, 92, 0.672629
805, 93, 2.660120
805, 94, 1.661080
805, 95, 0.943262
805, 96, 1.657730
805, 97, 4.293935
805, 98, 2.155291
805, 99, 1.083238
805, 100, 0.792004
805, 101, -0.031273
805, 102, 1.856339
805, 103, 0.000000
805, 104, 3.463723
805, 105, 2.845781
805, 106, 1.431670
805, 107, 1.905199
805, 108, 0.639675
805, 109, 0.339177
805, 110, 1.771988
805, 111, 0.815009
805, 112, 1.185186
805, 113, 3.553455
805, 114, 1.041432
805, 115, 1.999007
805, 116, 1.437865
805, 117, 2.385260
805, 118, 1.591317
805, 119, 1.334032
805, 120, 2.301379
805, 121, 3.606566
805, 122, 2.493164
805, 123, 0.346461
805, 124, 2.149925
805, 125, 4.265193
805, 126, 1.217630
805, 127, 0.838413
805, 128, 0.512609
805, 129, 0.068566
805, 130, 1.536905
805, 131, 1.765901
805, 132, 1.469587
805, 133, 0.158527
805, 134, 1.165754
805, 135, 0.744959
805, 136, -0.000010
805, 137, 1.547641
805, 138, 0.987940
805, 139, 0.937750
805, 140, 3.500978
805, 141, 2.345861
805, 142, 3.161667
805, 143, 1.956630
805, 144, 1.508965
805, 145, 1.077613
805, 146, 1.966183
805, 147, 3.869917
805, 148, 2.480981
805, 149, 3.531150
805, 150, 1.562608
805, 151, 1.931853
805, 152, 2.086525
805, 153, 0.000000
805, 154, 1.593774
805, 155, 2.281431
805, 156, -0.010000
805, 157, 3.007403
805, 158, 1.993107
805, 159, 1.077853
805, 160, 2.940794
805, 161, 2.098987
805, 162, 3.455235
805, 163, 2.515249
805, 164, 3.343875
805, 165, 2.984821
805, 166, 3.634300
805, 167, 1.409328
805, 168, 0.324529
805, 169, 1.777631
805, 170, 1.509260
805, 171, 2.778109
805, 172, 2.667195
805, 173, 2.605992
805, 174, 2.205812
805, 175, 1.459049
805, 176, 3.357460
805, 177, 2.468666
805, 178, 0.529260
805, 179, 3.046916
805, 180, 3.513168
805, 181, 0.837788
805, 182, 3.133410
805, 183, -0.040000
805, 184, 0.631502
805, 185, 1.880346
805, 186, 3.383121
805, 187, 0.000000
805, 188, 2.153801
805, 189, 2.905471
805, 190, 2.387929
805, 191, 0.717938
805, 192, 2.108859
805, 193, 2.741006
805, 194, 1.537416
805, 195, -0.281319
805, 196, 3.966008
805, 197, 2.394750
805, 198, 2.277035
805, 199, 1.457434
807, 0, 1.503664
807, 1, 1.547395
807, 2, 2.229821
807, 3, 1.150859
807, 4, -0.339888
807, 5, 2.018726
807, 6, -0.000013
807, 7, 1.283833
807, 8, 3.407460
807, 9, 1.717014
807, 10, 1.799210
807, 11, 2.271102
807, 12, 2.563499
807, 13, 0.000000
807, 14, 2.630199
807, 15, 2.407379
807, 16, 1.129258
807, 17, 3.226957
807, 18, 3.585449
807, 19, 2.589026
807, 20, 4.249415
807, 21, 0.436530
807, 22, 2.161510
807, 23, 1.270559
807, 24, 1.366531
807, 25, 2.046121
807, 26, 1.007388
807, 27, 0.812977
807, 28, 1.977957
807, 29, 1.909821
807, 30, 0.668950
807, 31, 2.608528
807, 32, 0.422124
807, 33, 2.755126
807, 34, 2.336092
807, 35, 2.614294
807, 36, 2.305840
807, 37, 1.586505
807, 38, 0.375477
807, 39, 1.565520
807, 40, 2.690736
807, 41, 1.745826
807, 42, 1.011686
807, 43, 1.442728
807, 44, 0.519650
807, 45, 1.445957
807, 46, 2.294121
807, 47, 1.415481
807, 48, 2.600996
807, 49, -0.160065
807, 50, 2.174345
807, 51, 0.485420
807, 52, 1.514256
807, 53, -0.000015
807, 54, 2.704117
807, 55, 3.171327
807, 56, 2.529549
807, 57, 2.969969
807, 58, 0.829374
807, 59, 1.691667
807, 60, 0.000000
807, 61, 1.402721
807, 62, 2.046885
807, 63, 1.722669
807, 64, 2.057648
807, 65, 3.464985
807, 66, 1.750670
807, 67, 2.511020
807, 68, 1.571999
807, 69, 2.720027
807, 70, 2.952108
807, 71, 2.583011
807, 72, 3.798081
807, 73, 3.224596
807, 74, 1.580833
807, 75, 1.934788
807, 76, 1.049166
807, 77, 1.420346
807, 78, 1.805377
807, 79, 2.797782
807, 80, 2.674248
807, 81, 1.710896
807, 82, -0.108690
807, 83, 1.231252
807, 84, 0.939994
807, 85, 3.020050
807, 86, 3.307954
807, 87, 2.334270
807, 88, 1.403196
807, 89, 0.544654
807, 90, 1.203629
807, 91, 1.332419
807, 92, 0.672629
807, 93, 2.663112
807, 94, 1.664885
807, 95, 0.936056
807, 96, 1.656567
807, 97, 4.282407
807, 98, 2.150904
807, 99, 1.083238
807, 100, 0.792004
807, 101, -0.031273
807, 102, 1.856339
807, 103, 0.000000
807, 104, 3.454157
807, 105, 2.844748
807, 106, 1.431670
807, 107, 1.925424
807, 108, 0.639675
807, 109, -0.016499
807, 110, 1.771988
807, 111, 0.813580
807, 112, 1.185186
807, 113, 3.545720
807, 114, 1.041432
807, 115, 2.011640
807, 116, 1.437865
807, 117, 2.385261
807, 118, 1.595169
807, 119, 1.334032
807, 120, 2.301379
807, 121, 3.670645
807, 122, 2.491351
807, 123, 0.346461
807, 124, 2.149925
807, 125, 4.289459
807, 126, 1.217523
807, 127, 0.838413
807, 128, 0.512609
807, 129, 0.068566
807, 130, 1.536905
807, 131, 1.765902
807, 132, 1.469588
807, 133, 0.158527
807, 134, 1.165754
807, 135, 0.744959
807, 136, -0.000010
807, 137, 1.547505
807, 138, 0.987940
807, 139, 0.937750
807, 140, 3.504612
807, 141, 2.345861
807, 142, 3.140042
807, 143, 1.958798
807, 144, 1.508965
807, 145, 1.077613
807, 146, 1.966183
807, 147, 3.906260
807, 148, 2.480981
807, 149, 3.530337
807, 150, 1.562608
807, 151, 1.924366
807, 152, 2.086525
807, 153, 0.000000
807, 154, 1.593774
807, 155, 2.281431
807, 156, -0.010000
807, 157, 3.007404
807, 158, 1.993107
807, 159, 1.077853
807, 160, 2.924715
807, 161, 2.098987
807, 162, 3.457520
807, 163, 2.515249
807, 164, 3.343875
807, 165, 2.984344
807, 166, 3.624835
807, 167, 1.409328
807, 168, 0.324529
807, 169, 1.777491
807, 170, 1.509260
807, 171, 2.817751
807, 172, 2.680172
807, 173, 2.610997
807, 174, 2.257414
807, 175, 1.453558
807, 176, 3.357460
807, 177, 2.495506
807, 178, 0.529260
807, 179, 3.045234
807, 180, 3.497252
807, 181, 0.837788
807, 182, 3.133410
807, 183, -0.040000
807, 184, 0.631502
807, 185, 1.880346
807, 186, 3.387491
807, 187, 0.000000
807, 188, 2.144428
807, 189, 2.954124
807, 190, 2.387929
807, 191, 0.717938
807, 192, 2.083937
807, 193, 2.743238
807, 194, 1.537416
807, 195, -0.281319
807, 196, 3.983339
807, 197, 2.394750
807, 198, 2.276954
807, 199, 1.457434
809, 0, 1.503664
809, 1, 1.547395
809, 2, 2.271680
809, 3, 1.150859
809, 4, -0.339888
809, 5, 2.021556
809, 6, -0.000013
809, 7, 1.283834
809, 8, 3.402661
809, 9, 1.717014
809, 10, 1.799210
809, 11, 2.271102
809, 12, 2.555225
809, 13, 0.000000
809, 14, 2.630169
809, 15, 2.442128
809, 16, 1.129258
809, 17, 3.226188
809, 18, 3.588267
809, 19, 2.589026
809, 20, 4.291991
809, 21, 0.436530
809, 22, 2.161510
809, 23, 1.270559
809, 24, 1.337363
809, 25, 2.046121
809, 26, 1.007388
809, 27, 0.812977
809, 28, 1.978378
809, 29, 1.908092
809, 30, 0.668950
809, 31, 2.600229
809, 32, 0.422124
809, 33, 2.719673
809, 34, 2.382510
809, 35, 2.614255
809, 36, 2.300620
809, 37, 1.664065
809, 38, 0.375477
809, 39, 1.565520
809, 40, 2.690736
809, 41, 1.746065
809, 42, 1.011686
809, 43, 1.442728
809, 44, 0.519650
809, 45, 1.444351
809, 46, 2.308331
809, 47, 1.415481
809, 48, 2.599793
809, 49, -0.160065
809, 50, 2.174345
809, 51, 0.485420
809, 52, 1.514256
809, 53, -0.000015
809, 54, 2.726128
809, 55, 3.170710
809, 56, 2.530236
809, 57, 2.970063
809, 58, 0.829374
809, 59, 1.691667
809, 60, 0.000000
809, 61, 1.402721
809, 62, 2.046885
809, 63, 1.722669
809, 64, 2.057648
809, 65, 3.491599
809, 66, 1.750670
809, 67, 2.511020
809, 68, 1.571999
809, 69, 2.720027
809, 70, 2.954315
809, 71, 2.586515
809, 72, 3.798697
809, 73, 3.222136
809, 74, 1.580833
809, 75, 1.934788
809, 76, 1.049166
809, 77, 1.420346
809, 78, 1.805377
809, 79, 2.797782
809, 80, 2.674348
809, 81, 1.710896
809, 82, -0.106909
809, 83, 1.231252
809, 84, 0.939994
809, 85, 3.020050
809, 86, 3.320233
809, 87, 2.334270
809, 88, 1.403196
809, 89, 0.544654
809, 90, 1.203629
809, 91, 1.315149
809, 92, 0.672629
809, 93, 2.665686
809, 94, 1.673376
809, 95, 0.928591
809, 96, 1.650436
809, 97, 4.307418
809, 98, 2.157191
809, 99, 1.083238
809, 100, 0.792004
809, 101, -0.031273
809, 102, 1.881603
809, 103, 0.000000
809, 104, 3.446364
809, 105, 2.843367
809, 106, 1.431670
809, 107, 1.940334
809, 108, 0.639675
809, 109, -0.016499
809, 110, 1.771988
809, 111, 0.812463
809, 112, 1.185186
809, 113, 3.554316
809, 114, 1.041432
809, 115, 2.021290
809, 116, 1.437865
809, 117, 2.385260
809, 118, 1.583470
809, 119, 1.334032
809, 120, 2.301379
809, 121, 3.649480
809, 122, 2.491351
809, 123, 0.346461
809, 124, 2.149926
809, 125, 4.283371
809, 126, 1.217542
809, 127, 0.838413
809, 128, 0.512609
809, 129, 0.068566
809, 130, 1.536905
809, 131, 1.765901
809, 132, 1.469588
809, 133, 0.158527
809, 134, 1.165754
809, 135, 0.744959
809, 136, -0.000010
809, 137, 1.547433
809, 138, 0.987940
809, 139, 0.937750
809, 140, 3.509189
809, 141, 2.345861
809, 142, 3.143660
809, 143, 1.952528
809, 144, 1.508965
809, 145, 1.077613
809, 146, 1.966183
809, 147, 3.899676
809, 148, 2.480981
809, 149, 3.530977
809, 150, 1.562608
809, 151, 1.927029
809, 152, 2.086525
809, 153, 0.000000
809, 154, 1.593774
809, 155, 2.281430
809, 156, -0.010000
809, 157, 3.011105
809, 158, 1.993107
809, 159, 1.077853
809, 160, 2.912881
809, 161, 2.098987
809, 162, 3.450766
809, 163, 2.513631
809, 164, 3.343876
809, 165, 2.983711
809, 166, 3.631454
809, 167, 1.409328
809, 168, 0.324529
809, 169, 1.777466
809, 170, 1.509260
809, 171, 2.818199
809, 172, 2.691502
809, 173, 2.613380
809, 174, 2.207064
809, 175, 1.450710
809, 176, 3.360374
809, 177, 2.499305
809, 178, 0.529260
809, 179, 3.046446
809, 180, 3.516325
809, 181, 0.837788
809, 182, 3.133410
809, 183, -0.040000
809, 184, 0.631502
809, 185, 1.880346
809, 186, 3.360615
809, 187, 0.000000
809, 188, 2.163402
809, 189, 2.916735
809, 190, 2.387929
809, 191, 0.717938
809, 192, 2.111620
809, 193, 2.737233
809, 194, 1.537416
809, 195, -0.281320
809, 196, 3.981735
809, 197, 2.395043
809, 198, 2.276890
809, 199, 1.457434
811, 0, 1.503664
811, 1, 1.547395
811, 2, 2.337014
811, 3, 1.150856
811, 4, -0.339888
811, 5, 2.022990
811, 6, -0.000013
811, 7, 1.283830
811, 8, 3.396587
811, 9, 1.717014
811, 10, 1.799209
811, 11, 2.271102
811, 12, 2.558169
811, 13, 0.000000
811, 14, 2.630119
811, 15, 2.420598
811, 16, 1.129258
811, 17, 3.211313
811, 18, 3.587434
811, 19, 2.589026
811, 20, 4.286685
811, 21, 0.436530
811, 22, 2.161510
811, 23, 1.270559
811, 24, 1.279351
811, 25, 2.046121
811, 26, 1.007388
811, 27, 0.812977
811, 28, 1.978973
811, 29, 1.907349
811, 30, 0.668950
811, 31, 2.602248
811, 32, 0.422124
811, 33, 2.740489
811, 34, 2.361502
811, 35, 2.614204
811, 36, 2.297547
811, 37, 1.726321
811, 38, 0.375477
811, 39, 1.565520
811, 40, 2.690736
811, 41, 1.746273
811, 42, 1.011686
811, 43, 1.442728
811, 44, 0.519650
811, 45, 1.443665
811, 46, 2.338760
811, 47, 1.415481
811, 48, 2.597651
811, 49, -0.160065
811, 50, 2.174345
811, 51, 0.485420
811, 52, 1.514256
811, 53, -0.000015
811, 54, 2.774955
811, 55, 3.169995
811, 56, 2.534387
811, 57, 2.970149
811, 58, 0.829374
811, 59, 1.691667
811, 60, 0.000000
811, 61, 1.402721
811, 62, 2.046886
811, 63, 1.722669
811, 64, 2.057648
811, 65, 3.458331
811, 66, 1.750670
811, 67, 2.511020
811, 68, 1.571999
811, 69, 2.720027
811, 70, 2.953189
811, 71, 2.584046
811, 72, 3.798085
811, 73, 3.222684
811, 74, 1.580833
811, 75, 1.934788
811, 76, 1.049166
811, 77, 1.420346
811, 78, 1.805377
811, 79, 2.797782
811, 80, 2.674697
811, 81, 1.710896
811, 82, -0.106424
811, 83, 1.231248
811, 84, 0.939994
811, 85, 3.020049
811, 86, 3.324611
811, 87, 2.353707
811, 88, 1.403196
811, 89, 0.544654
811, 90, 1.203629
811, 91, 1.314799
811, 92, 0.672629
811, 93, 2.678742
811, 94, 1.674503
811, 95, 0.914641
811, 96, 1.646568
811, 97, 4.304917
811, 98, 2.157607
811, 99, 1.083238
811, 100, 0.792004
811, 101, -0.031273
811, 102, 1.865048
811, 103, 0.000000
811, 104, 3.446386
811, 105, 2.843349
811, 106, 1.431670
811, 107, 1.938271
811, 108, -0.090013
811, 109, -0.016499
811, 110, 1.771988
811, 111, 0.811873
811, 112, 1.185186
811, 113, 3.553714
811, 114, 1.041432
811, 115, 2.062881
811, 116, 1.437865
811, 117, 2.385261
811, 118, 1.615636
811, 119, 1.334032
811, 120, 2.301379
811, 121, 3.593226
811, 122, 2.491351
811, 123, 0.346461
811, 124, 2.149925
811, 125, 4.266878
811, 126, 1.217661
811, 127, 0.838413
811, 128, 0.512609
811, 129, 0.068566
811, 130, 1.536905
811, 131, 1.765901
811, 132, 1.469587
811, 133, 0.158527
811, 134, 1.165754
811, 135, 0.744959
811, 136, -0.000010
811, 137, 1.547412
811, 138, 0.987940
811, 139, 0.937750
811, 140, 3.503294
811, 141, 2.345862
811, 142, 3.150907
811, 143, 1.969694
811, 144, 1.508965
811, 145, 1.077613
811, 146, 1.966183
811, 147, 3.906722
811, 148, 2.480981
811, 149, 3.531231
811, 150, 1.562608
811, 151, 1.928139
811, 152, 2.086525
811, 153, 0.000000
811, 154, 1.593774
811, 155, 2.281430
811, 156, -0.010000
811, 157, 3.012422
811, 158, 1.993107
811, 159, 1.077853
811, 160, 2.866203
811, 161, 2.098987
811, 162, 3.454650
811, 163, 2.512132
811, 164, 3.343876
811, 165, 2.983443
811, 166, 3.616610
811, 167, 1.409328
811, 168, 0.324529
811, 169, 1.777683
811, 170, 1.509260
811, 171, 2.806729
811, 172, 2.676451
811, 173, 2.612845
811, 174, 2.122755
811, 175, 1.451727
811, 176, 3.361394
811, 177, 2.475714
811, 178, 0.529260
811, 179, 3.047397
811, 180, 3.507237
811, 181, 0.837788
811, 182, 3.133410
811, 183, -0.040000
811, 184, 0.631502
811, 185, 1.880346
811, 186, 3.386927
811, 187, 0.000000
811, 188, 2.159966
811, 189, 2.945812
811, 190, 2.387929
811, 191, 0.717938
811, 192, 2.121940
811, 193, 2.742487
811, 194, 1.537414
811, 195, -0.281317
811, 196, 3.982691
811, 197, 2.398438
811, 198, 2.276832
811, 199, 1.457434
813, 0, 1.503664
813, 1, 1.547395
813, 2, 2.361463
813, 3, 1.150858
813, 4, -0.339888
813, 5, 2.026272
813, 6, -0.000013
813, 7, 1.283832
813, 8, 3.384990
813, 9, 1.717014
813, 10, 1.799210
813, 11, 2.271102
813, 12, 2.568404
813, 13, 0.000000
813, 14, 2.630059
813, 15, 2.461398
813, 16, 1.129258
813, 17, 3.228714
813, 18, 3.587037
813, 19, 2.589026
813, 20, 4.275069
813, 21, 0.436530
813, 22, 2.161510
813, 23, 1.270559
813, 24, 1.236923
813, 25, 2.046121
813, 26, 1.007388
813, 27, 0.812977
813, 28, 1.980252
813, 29, 1.904464
813, 30, 0.668950
813, 31, 2.610982
813, 32, 0.422124
813, 33, 2.752238
813, 34, 2.362356
813, 35, 2.614146
813, 36, 2.296451
813, 37, 1.633801
813, 38, 0.375477
813, 39, 1.565520
813, 40, 2.690736
813, 41, 1.746451
813, 42, 1.011686
813, 43, 1.442728
813, 44, 0.519650
813, 45, 1.440973
813, 46, 2.357989
813, 47, 1.415481
813, 48, 2.597980
813, 49, -0.160065
813, 50, 2.174345
813, 51, 0.485420
813, 52, 1.514256
813, 53, -0.000015
813, 54, 2.716371
813, 55, 3.169811
813, 56, 2.532167
813, 57, 2.970223
813, 58, 0.829374
813, 59, 1.691667
813, 60, 0.000000
813, 61, 1.402721
813, 62, 2.046886
813, 63, 1.722669
813, 64, 2.057648
813, 65, 3.487687
813, 66, 1.750670
813, 67, 2.511020
813, 68, 1.571999
813, 69, 2.720027
813, 70, 2.954455
813, 71, 2.583022
813, 72, 3.798841
813, 73, 3.227791
813, 74, 1.580833
813, 75, 1.934788
813, 76, 1.049166
813, 77, 1.420346
813, 78, 1.805377
813, 79, 2.797783
813, 80, 2.674820
813, 81, 1.710896
813, 82, -0.104645
813, 83, 1.231249
813, 84, 0.939994
813, 85, 3.020050
813, 86, 3.329649
813, 87, 2.334270
813, 88, 1.403196
813, 89, 0.544654
813, 90, 1.203630
813, 91, 1.306727
813, 92, 0.672629
813, 93, 2.677388
813, 94, 1.681070
813, 95, 0.898422
813, 96, 1.642200
813, 97, 4.306743
813, 98, 2.154118
813, 99, 1.083238
813, 100, 0.792004
813, 101, -0.031273
813, 102, 1.865048
813, 103, 0.000000
813, 104, 3.444250
813, 105, 2.842420
813, 106, 1.431670
813, 107, 1.956507
813, 108, -0.090013
813, 109, -0.016499
813, 110, 1.771988
813, 111, 0.810843
813, 112, 1.185186
813, 113, 3.555323
813, 114, 1.041432
813, 115, 2.075463
813, 116, 1.437865
813, 117, 2.385260
813, 118, 1.583867
813, 119, 1.334032
813, 120, 2.301379
813, 121, 3.652677
813, 122, 2.491351
813, 123, 0.346461
813, 124, 2.149925
813, 125, 4.279912
813, 126, 1.217827
813, 127, 0.838413
813, 128, 0.512609
813, 129, 0.068566
813, 130, 1.536904
813, 131, 1.765901
813, 132, 1.469587
813, 133, 0.158527
813, 134, 1.165754
813, 135, 0.744959
813, 136, -0.000010
813, 137, 1.547415
813, 138, 0.987940
813, 139, 0.937750
813, 140, 3.494549
813, 141, 2.345862
813, 142, 3.144786
813, 143, 1.952590
813, 144, 1.508965
813, 145, 1.077613
813, 146, 1.966183
813, 147, 3.910461
813, 148, 2.480981
813, 149, 3.531031
813, 150, 1.562608
813, 151, 1.922413
813, 152, 2.086526
813, 153, 0.000000
813, 154, 1.593774
813, 155, 2.281430
813, 156, -0.010000
813, 157, 3.012443
813, 158, 1.993107
813, 159, 1.077853
813, 160, 2.924139
813, 161, 2.098987
813, 162, 3.452253
813, 163, 2.512132
813, 164, 3.343877
813, 165, 2.982578
813, 166, 3.609901
813, 167, 1.409328
813, 168, 0.324529
813, 169, 1.778133
813, 170, 1.509260
813, 171, 2.802198
813, 172, 2.661275
813, 173, 2.611420
813, 174, 2.046222
813, 175, 1.454167
813, 176, 3.361394
813, 177, 2.491296
813, 178, 0.529260
813, 179, 3.048310
813, 180, 3.516761
813, 181, 0.837788
813, 182, 3.133410
813, 183, -0.040000
813, 184, 0.631502
813, 185, 1.880346
813, 186, 3.374339
813, 187, 0.000000
813, 188, 2.164673
813, 189, 2.863147
813, 190, 2.387929
813, 191, 0.717938
813, 192, 2.131094
813, 193, 2.743142
813, 194, 1.537415
813, 195, -0.281318
813, 196, 3.982973
813, 197, 2.395481
813, 198, 2.276775
813, 199, 1.457434
815, 0, 1.503664
815, 1, 1.547395
815, 2, 2.346940
815, 3, 1.150858
815, 4, -0.339888
815, 5, 2.026060
815, 6, -0.000013
815, 7, 1.283833
815, 8, 3.370621
815, 9, 1.717014
815, 10, 1.799210
815, 11, 2.271102
815, 12, 2.564960
815, 13, 0.000000
815, 14, 2.630008
815, 15, 2.442695
815, 16, 1.129258
815, 17, 3.229218
815, 18, 3.588792
815, 19, 2.589026
815, 20, 4.276903
815, 21, 0.436530
815, 22, 2.161510
815, 23, 1.270559
815, 24, 1.208372
815, 25, 2.046121
815, 26, 1.007388
815, 27, 0.812977
815, 28, 1.981428
815, 29, 1.906743
815, 30, 0.668950
815, 31, 2.614027
815, 32, 0.422124
815, 33, 2.713722
815, 34, 2.379281
815, 35, 2.614094
815, 36, 2.294552
815, 37, 1.495927
815, 38, 0.375477
815, 39, 1.565520
815, 40, 2.690736
815, 41, 1.746601
815, 42, 1.011686
815, 43, 1.442728
815, 44, 0.519650
815, 45, 1.443072
815, 46, 2.359841
815, 47, 1.415481
815, 48, 2.597957
815, 49, -0.160065
815, 50, 2.174345
815, 51, 0.485420
815, 52, 1.514256
815, 53, -0.000015
815, 54, 2.731821
815, 55, 3.169723
815, 56, 2.524358
815, 57, 2.970304
815, 58, 0.829374
815, 59, 1.691667
815, 60, 0.000000
815, 61, 1.402721
815, 62, 2.046885
815, 63, 1.722669
815, 64, 2.057648
815, 65, 3.474087
815, 66, 1.750670
815, 67, 2.511020
815, 68, 1.571999
815, 69, 2.720027
815, 70, 2.954304
815, 71, 2.583026
815, 72, 3.798853
815, 73, 3.228510
815, 74, 1.580833
815, 75, 1.934788
815, 76, 1.049166
815, 77, 1.420346
815, 78, 1.805377
815, 79, 2.797782
815, 80, 2.674443
815, 81, 1.710896
815, 82, -0.105965
815, 83, 1.231249
815, 84, 0.939994
815, 85, 3.020049
815, 86, 3.326007
815, 87, 2.334270
815, 88, 1.403196
815, 89, 0.544654
815, 90, 1.203630
815, 91, 1.306180
815, 92, 0.672629
815, 93, 2.648690
815, 94, 1.680449
815, 95, 0.931338
815, 96, 1.639450
815, 97, 4.307053
815, 98, 2.159875
815, 99, 1.083238
815, 100, 0.792004
815, 101, -0.031273
815, 102, 1.865048
815, 103, 0.000000
815, 104, 3.460253
815, 105, 2.842376
815, 106, 1.431670
815, 107, 1.940102
815, 108, -0.090013
815, 109, -0.016499
815, 110, 1.771988
815, 111, 0.809446
815, 112, 1.185186
815, 113, 3.555607
815, 114, 1.041432
815, 115, 1.997342
815, 116, 1.437865
815, 117, 2.385260
815, 118, 1.576376
815, 119, 1.334032
815, 120, 2.301379
815, 121, 3.605917
815, 122, 2.491351
815, 123, 0.346461
815, 124, 2.149925
815, 125, 4.266809
815, 126, 1.218037
815, 127, 0.838413
815, 128, 0.512609
815, 129, 0.068566
815, 130, 1.536904
815, 131, 1.765902
815, 132, 1.469587
815, 133, 0.158527
815, 134, 1.165754
815, 135, 0.744959
815, 136, -0.000010
815, 137, 1.547441
815, 138, 0.987940
815, 139, 0.937750
815, 140, 3.500935
815, 141, 2.345862
815, 142, 3.151232
815, 143, 1.953862
815, 144, 1.508965
815, 145, 1.077613
815, 146, 1.966183
815, 147, 3.910194
815, 148, 2.480981
815, 149, 3.528958
815, 150, 1.562608
815, 151, 1.924986
815, 152, 2.086525
815, 153, 0.000000
815, 154, 1.593774
815, 155, 2.281431
815, 156, -0.010000
815, 157, 3.016625
815, 158, 1.993107
815, 159, 1.077853
815, 160, 2.946717
815, 161, 2.098987
815, 162, 3.455569
815, 163, 2.512132
815, 164, 3.343877
815, 165, 2.984114
815, 166, 3.621072
815, 167, 1.409328
815, 168, 0.324529
815, 169, 1.778393
815, 170, 1.509260
815, 171, 2.825705
815, 172, 2.714433
815, 173, 2.611105
815, 174, 2.063524
815, 175, 1.456767
815, 176, 3.364630
815, 177, 2.506996
815, 178, 0.529260
815, 179, 3.046543
815, 180, 3.510549
815, 181, 0.837788
815, 182, 3.133410
815, 183, -0.040000
815, 184, 0.631502
815, 185, 1.880346
815, 186, 3.354287
815, 187, 0.000000
815, 188, 2.156330
815, 189, 2.901923
815, 190, 2.387929
815, 191, 0.717938
815, 192, 2.082980
815, 193, 2.737608
815, 194, 1.537415
815, 195, -0.281319
815, 196, 3.983054
815, 197, 2.397546
815, 198, 2.276725
815, 199, 1.457435
817, 0, 1.503664
817, 1, 1.547396
817, 2, 2.326418
817, 3, 1.150859
817, 4, -0.339888
817, 5, 2.026846
817, 6, -0.000013
817, 7, 1.283834
817, 8, 3.352422
817, 9, 1.717014
817, 10, 1.799210
817, 11, 2.271102
817, 12, 2.556573
817, 13, 0.000000
817, 14, 2.629306
817, 15, 2.311314
817, 16, 1.129258
817, 17, 3.229983
817, 18, 3.583909
817, 19, 2.609353
817, 20, 4.249901
817, 21, 0.436530
817, 22, 2.161510
817, 23, 1.270559
817, 24, 1.228675
817, 25, 2.046121
817, 26, 1.007388
817, 27, 0.812977
817, 28, 1.982163
817, 29, 1.907510
817, 30, 0.668950
817, 31, 2.605366
817, 32, 0.422124
817, 33, 2.745005
817, 34, 2.377837
817, 35, 2.614044
817, 36, 2.295341
817, 37, 1.637699
817, 38, 0.375477
817, 39, 1.565520
817, 40, 2.690736
817, 41, 1.746756
817, 42, 1.011686
817, 43, 1.442728
817, 44, 0.519650
817, 45, 1.443778
817, 46, 2.331264
817, 47, 1.415481
817, 48, 2.600742
817, 49, -0.160065
817, 50, 2.174345
817, 51, 0.485420
817, 52, 1.514256
817, 53, -0.000015
817, 54, 2.755208
817, 55, 3.168886
817, 56, 2.528854
817, 57, 2.970384
817, 58, 0.829374
817, 59, 1.691667
817, 60, 0.000000
817, 61, 1.402721
817, 62, 2.046885
817, 63, 1.722669
817, 64, 2.057648
817, 65, 3.472221
817, 66, 1.750670
817, 67, 2.511020
817, 68, 1.571999
817, 69, 2.720027
817, 70, 2.955121
817, 71, 2.583028
817, 72, 3.799124
817, 73, 3.225961
817, 74, 1.580833
817, 75, 1.934788
817, 76, 1.049166
817, 77, 1.420346
817, 78, 1.805377
817, 79, 2.797782
817, 80, 2.673520
817, 81, 1.710896
817, 82, -0.106389
817, 83, 1.231249
817, 84, 0.939994
817, 85, 3.020049
817, 86, 3.332028
817, 87, 2.334270
817, 88, 1.403196
817, 89, 0.544654
817, 90, 1.203630
817, 91, 1.306637
817, 92, 0.672629
817, 93, 2.672364
817, 94, 1.673418
817, 95, 0.924270
817, 96, 1.639318
817, 97, 4.284738
817, 98, 2.159724
817, 99, 1.083238
817, 100, 0.792004
817, 101, -0.031273
817, 102, 1.865048
817, 103, 0.000000
817, 104, 3.460197
817, 105, 2.842451
817, 106, 1.431670
817, 107, 1.941284
817, 108, -0.090013
817, 109, -0.016499
817, 110, 1.771988
817, 111, 0.808589
817, 112, 1.185186
817, 113, 3.552956
817, 114, 1.041432
817, 115, 2.076287
817, 116, 1.437947
817, 117, 2.385260
817, 118, 1.610734
817, 119, 1.334032
817, 120, 2.301379
817, 121, 3.664780
817, 122, 2.491351
817, 123, 0.346461
817, 124, 2.149925
817, 125, 4.287225
817, 126, 1.218219
817, 127, 0.838413
817, 128, 0.512609
817, 129, 0.068566
817, 130, 1.536904
817, 131, 1.765901
817, 132, 1.469588
817, 133, 0.158527
817, 134, 1.165754
817, 135, 0.744959
817, 136, -0.000010
817, 137, 1.547454
817, 138, 0.987940
817, 139, 0.937750
817, 140, 3.506376
817, 141, 2.345862
817, 142, 3.157490
817, 143, 1.957852
817, 144, 1.508965
817, 145, 1.077613
817, 146, 1.966183
817, 147, 3.910834
817, 148, 2.480981
817, 149, 3.531208
817, 150, 1.562608
817, 151, 1.926227
817, 152, 2.086525
817, 153, 0.000000
817, 154, 1.593774
817, 155, 2.281431
817, 156, -0.010000
817, 157, 3.007344
817, 158, 1.993107
817, 159, 1.077853
817, 160, 2.928900
817, 161, 2.098987
817, 162, 3.460375
817, 163, 2.512132
817, 164, 3.344980
817, 165, 2.983391
817, 166, 3.621527
817, 167, 1.409328
817, 168, 0.324529
817, 169, 1.778340
817, 170, 1.509260
817, 171, 2.802093
817, 172, 2.670696
817, 173, 2.611298
817, 174, 2.070935
817, 175, 1.459123
817, 176, 3.360548
817, 177, 2.489945
817, 178, 0.529260
817, 179, 3.051247
817, 180, 3.513044
817, 181, 0.837788
817, 182, 3.133410
817, 183, -0.040000
817, 184, 0.631502
817, 185, 1.880346
817, 186, 3.372569
817, 187, 0.000000
817, 188, 2.137670
817, 189, 2.950852
817, 190, 2.387929
817, 191, 0.717938
817, 192, 2.113138
817, 193, 2.742584
817, 194, 1.537416
817, 195, -0.281319
817, 196, 3.982850
817, 197, 2.394311
817, 198, 2.276683
817, 199, 1.457434
819, 0, 1.503664
819, 1, 1.547395
819, 2, 2.313874
819, 3, 1.150859
819, 4, -0.339888
819, 5, 2.029385
819, 6, -0.000013
819, 7, 1.283834
819, 8, 3.384963
819, 9, 1.717014
819, 10, 1.799210
819, 11, 2.271102
819, 12, 2.547195
819, 13, 0.000000
819, 14, 2.628580
819, 15, 2.315886
819, 16, 1.129258
819, 17, 3.202872
819, 18, 3.586778
819, 19, 2.597768
819, 20, 4.287416
819, 21, 0.436530
819, 22, 2.161510
819, 23, 1.270559
819, 24, 1.236416
819, 25, 2.046121
819, 26, 1.007388
819, 27, 0.812977
819, 28, 1.982615
819, 29, 1.906018
819, 30, 0.668950
819, 31, 2.596081
819, 32, 0.422124
819, 33, 2.721903
819, 34, 2.388755
819, 35, 2.613531
819, 36, 2.294824
819, 37, 1.578266
819, 38, 0.375477
819, 39, 1.565520
819, 40, 2.690736
819, 41, 1.746835
819, 42, 1.011686
819, 43, 1.442728
819, 44, 0.519650
819, 45, 1.442405
819, 46, 2.358623
819, 47, 1.415481
819, 48, 2.597001
819, 49, -0.160065
819, 50, 2.174345
819, 51, 0.485420
819, 52, 1.514256
819, 53, -0.000015
819, 54, 2.762982
819, 55, 3.170508
819, 56, 2.523554
819, 57, 2.969977
819, 58, 0.829374
819, 59, 1.691667
819, 60, 0.000000
819, 61, 1.402721
819, 62, 2.046885
819, 63, 1.722669
819, 64, 2.057648
819, 65, 3.486011
819, 66, 1.750670
819, 67, 2.511020
819, 68, 1.571999
819, 69, 2.720037
819, 70, 2.954187
819, 71, 2.583029
819, 72, 3.794266
819, 73, 3.223681
819, 74, 1.580833
819, 75, 1.934788
819, 76, 1.049166
819, 77, 1.420346
819, 78, 1.805377
819, 79, 2.797782
819, 80, 2.673834
819, 81, 1.710896
819, 82, -0.103566
819, 83, 1.231249
819, 84, 0.939994
819, 85, 3.020049
819, 86, 3.301757
819, 87, 2.352808
819, 88, 1.403196
819, 89, 0.544654
819, 90, 1.203631
819, 91, 1.326819
819, 92, 0.672629
819, 93, 2.682334
819, 94, 1.665643
819, 95, 0.905030
819, 96, 1.640758
819, 97, 4.306417
819, 98, 2.143195
819, 99, 1.083238
819, 100, 0.792004
819, 101, -0.031273
819, 102, 1.865048
819, 103, 0.000000
819, 104, 3.482546
819, 105, 2.844824
819, 106, 1.431670
819, 107, 1.931739
819, 108, -0.090013
819, 109, -0.016499
819, 110, 1.771988
819, 111, 0.808225
819, 112, 1.185186
819, 113, 3.549315
819, 114, 1.041432
819, 115, 1.996009
819, 116, 1.437947
819, 117, 2.385260
819, 118, 1.596650
819, 119, 1.334032
819, 120, 2.301379
819, 121, 3.701795
819, 122, 2.491351
819, 123, 0.346461
819, 124, 2.149926
819, 125, 4.283561
819, 126, 1.218787
819, 127, 0.838413
819, 128, 0.512609
819, 129, 0.068566
819, 130, 1.536904
819, 131, 1.765902
819, 132, 1.469588
819, 133, 0.158527
819, 134, 1.165754
819, 135, 0.744959
819, 136, -0.000010
819, 137, 1.547660
819, 138, 0.987940
819, 139, 0.937750
819, 140, 3.513361
819, 141, 2.345861
819, 142, 3.155741
819, 143, 1.949911
819, 144, 1.508965
819, 145, 1.077613
819, 146, 1.966183
819, 147, 3.910820
819, 148, 2.480981
819, 149, 3.530525
819, 150, 1.562608
819, 151, 1.932439
819, 152, 2.086525
819, 153, 0.000000
819, 154, 1.593774
819, 155, 2.281430
819, 156, -0.010000
819, 157, 3.007354
819, 158, 1.993107
819, 159, 1.077853
819, 160, 2.871761
819, 161, 2.095658
819, 162, 3.461654
819, 163, 2.512132
819, 164, 3.343857
819, 165, 2.982852
819, 166, 3.607053
819, 167, 1.409328
819, 168, 0.324529
819, 169, 1.778330
819, 170, 1.509260
819, 171, 2.816132
819, 172, 2.615018
819, 173, 2.610955
819, 174, 2.100939
819, 175, 1.460841
819, 176, 3.356693
819, 177, 2.489800
819, 178, 0.529260
819, 179, 3.044825
819, 180, 3.502005
819, 181, 0.837788
819, 182, 3.133410
819, 183, -0.040000
819, 184, 0.631502
819, 185, 1.880346
819, 186, 3.373078
819, 187, 0.000000
819, 188, 2.121650
819, 189, 2.988532
819, 190, 2.387929
819, 191, 0.717938
819, 192, 2.111781
819, 193, 2.737209
819, 194, 1.537416
819, 195, -0.281320
819, 196, 3.983218
819, 197, 2.394311
819, 198, 2.276715
819, 199, 1.457434
821, 0, 1.503664
821, 1, 1.547395
821, 2, 2.282151
821, 3, 1.150856
821, 4, -0.339888
821, 5, 2.028646
821, 6, -0.000013
821, 7, 1.283832
821, 8, 3.376404
821, 9, 1.717014
821, 10, 1.799210
821, 11, 2.271102
821, 12, 2.550580
821, 13, 0.000000
821, 14, 2.629231
821, 15, 2.308542
821, 16, 1.129258
821, 17, 3.229332
821, 18, 3.588592
821, 19, 2.589026
821, 20, 4.275316
821, 21, 0.436530
821, 22, 2.161510
821, 23, 1.270559
821, 24, 1.249353
821, 25, 2.046121
821, 26, 1.007388
821, 27, 0.812977
821, 28, 1.979175
821, 29, 1.909422
821, 30, 0.668950
821, 31, 2.598361
821, 32, 0.422124
821, 33, 2.745495
821, 34, 2.364556
821, 35, 2.614048
821, 36, 2.293321
821, 37, 1.626768
821, 38, 0.375477
821, 39, 1.565520
821, 40, 2.690736
821, 41, 1.746865
821, 42, 1.011686
821, 43, 1.442728
821, 44, 0.519650
821, 45, 1.446303
821, 46, 2.359623
821, 47, 1.415481
821, 48, 2.598913
821, 49, -0.160065
821, 50, 2.174345
821, 51, 0.485420
821, 52, 1.514256
821, 53, -0.000015
821, 54, 2.757704
821, 55, 3.170319
821, 56, 2.528811
821, 57, 2.970429
821, 58, 0.829374
821, 59, 1.691667
821, 60, 0.000000
821, 61, 1.402721
821, 62, 2.046886
821, 63, 1.722669
821, 64, 2.057648
821, 65, 3.483130
821, 66, 1.750670
821, 67, 2.511020
821, 68, 1.571999
821, 69, 2.720037
821, 70, 2.954229
821, 71, 2.591005
821, 72, 3.798843
821, 73, 3.224897
821, 74, 1.580833
821, 75, 1.934788
821, 76, 1.049166
821, 77, 1.420346
821, 78, 1.805377
821, 79, 2.797782
821, 80, 2.672774
821, 81, 1.710896
821, 82, -0.106061
821, 83, 1.231247
821, 84, 0.939994
821, 85, 3.020050
821, 86, 3.318664
821, 87, 2.378846
821, 88, 1.403196
821, 89, 0.544654
821, 90, 1.203630
821, 91, 1.319337
821, 92, 0.672629
821, 93, 2.679076
821, 94, 1.662213
821, 95, 0.890254
821, 96, 1.643635
821, 97, 4.301264
821, 98, 2.145330
821, 99, 1.083238
821, 100, 0.792004
821, 101, -0.031273
821, 102, 1.865048
821, 103, 0.000000
821, 104, 3.482368
821, 105, 2.843986
821, 106, 1.431670
821, 107, 1.960016
821, 108, -0.090013
821, 109, 0.376557
821, 110, 1.771988
821, 111, 0.808086
821, 112, 1.185186
821, 113, 3.554780
821, 114, 1.041432
821, 115, 2.077200
821, 116, 1.437947
821, 117, 2.384942
821, 118, 1.617245
821, 119, 1.334032
821, 120, 2.301379
821, 121, 3.655813
821, 122, 2.491351
821, 123, 0.346461
821, 124, 2.149925
821, 125, 4.285539
821, 126, 1.218899
821, 127, 0.838413
821, 128, 0.512609
821, 129, 0.068566
821, 130, 1.536905
821, 131, 1.765901
821, 132, 1.469587
821, 133, 0.158527
821, 134, 1.165754
821, 135, 0.744959
821, 136, -0.000010
821, 137, 1.547641
821, 138, 0.987940
821, 139, 0.937750
821, 140, 3.507127
821, 141, 2.345863
821, 142, 3.153292
821, 143, 1.951636
821, 144, 1.508965
821, 145, 1.077613
821, 146, 1.966183
821, 147, 3.911794
821, 148, 2.480981
821, 149, 3.530914
821, 150, 1.562608
821, 151, 1.933125
821, 152, 2.086525
821, 153, 0.000000
821, 154, 1.593774
821, 155, 2.281430
821, 156, -0.010000
821, 157, 3.007372
821, 158, 1.993107
821, 159, 1.077853
821, 160, 2.952979
821, 161, 2.095658
821, 162, 3.450002
821, 163, 2.510499
821, 164, 3.343876
821, 165, 2.984106
821, 166, 3.620785
821, 167, 1.409328
821, 168, 0.324529
821, 169, 1.778159
821, 170, 1.509260
821, 171, 2.806689
821, 172, 2.650329
821, 173, 2.611159
821, 174, 2.119580
821, 175, 1.474262
821, 176, 3.356692
821, 177, 2.506192
821, 178, 0.529260
821, 179, 3.044172
821, 180, 3.516508
821, 181, 0.837788
821, 182, 3.133410
821, 183, -0.040000
821, 184, 0.631502
821, 185, 1.880346
821, 186, 3.375958
821, 187, 0.000000
821, 188, 2.152526
821, 189, 3.026981
821, 190, 2.387929
821, 191, 0.717938
821, 192, 2.111908
821, 193, 2.741041
821, 194, 1.537416
821, 195, -0.281317
821, 196, 3.982762
821, 197, 2.396929
821, 198, 2.276685
821, 199, 1.457485
823, 0, 1.503664
823, 1, 1.547395
823, 2, 2.240294
823, 3, 1.150858
823, 4, -0.339888
823, 5, 2.029319
823, 6, -0.000013
823, 7, 1.283834
823, 8, 3.382379
823, 9, 1.717014
823, 10, 1.799210
823, 11, 2.271102
823, 12, 2.544218
823, 13, 0.000000
823, 14, 2.629395
823, 15, 2.285502
823, 16, 1.129258
823, 17, 3.229027
823, 18, 3.589405
823, 19, 2.589026
823, 20, 4.214781
823, 21, 0.436530
823, 22, 2.161510
823, 23, 1.270559
823, 24, 1.260983
823, 25, 2.046121
823, 26, 1.007388
823, 27, 0.812977
823, 28, 1.980752
823, 29, 1.908736
823, 30, 0.668950
823, 31, 2.591880
823, 32, 0.422124
823, 33, 2.737742
823, 34, 2.355736
823, 35, 2.614131
823, 36, 2.293708
823, 37, 1.689721
823, 38, 0.375477
823, 39, 1.565520
823, 40, 2.690736
823, 41, 1.746961
823, 42, 1.011686
823, 43, 1.442728
823, 44, 0.519650
823, 45, 1.445676
823, 46, 2.334467
823, 47, 1.415481
823, 48, 2.598089
823, 49, -0.160065
823, 50, 2.174345
823, 51, 0.485420
823, 52, 1.514256
823, 53, -0.000015
823, 54, 2.755916
823, 55, 3.169067
823, 56, 2.532044
823, 57, 2.970596
823, 58, 0.829374
823, 59, 1.691667
823, 60, 0.000000
823, 61, 1.402721
823, 62, 2.046886
823, 63, 1.722669
823, 64, 2.057648
823, 65, 3.475039
823, 66, 1.750670
823, 67, 2.511020
823, 68, 1.571999
823, 69, 2.720054
823, 70, 2.953883
823, 71, 2.583024
823, 72, 3.799074
823, 73, 3.222858
823, 74, 1.580833
823, 75, 1.934788
823, 76, 1.049166
823, 77, 1.420346
823, 78, 1.805377
823, 79, 2.797782
823, 80, 2.672663
823, 81, 1.710896
823, 82, -0.105139
823, 83, 1.231113
823, 84, 0.939994
823, 85, 3.020050
823, 86, 3.319803
823, 87, 2.363818
823, 88, 1.403196
823, 89, 0.544654
823, 90, 1.203634
823, 91, 1.315462
823, 92, 0.672629
823, 93, 2.644962
823, 94, 1.660123
823, 95, 0.928476
823, 96, 1.640285
823, 97, 4.263953
823, 98, 2.146927
823, 99, 1.083238
823, 100, 0.792004
823, 101, -0.031273
823, 102, 1.865048
823, 103, 0.000000
823, 104, 3.475952
823, 105, 2.843558
823, 106, 1.431670
823, 107, 1.944672
823, 108, -0.090013
823, 109, 0.376557
823, 110, 1.771988
823, 111, 0.808006
823, 112, 1.185186
823, 113, 3.552463
823, 114, 1.041432
823, 115, 1.994513
823, 116, 1.437947
823, 117, 2.384820
823, 118, 1.598477
823, 119, 1.334032
823, 120, 2.301379
823, 121, 3.697417
823, 122, 2.491351
823, 123, 0.346461
823, 124, 2.149925
823, 125, 4.283293
823, 126, 1.218642
823, 127, 0.838413
823, 128, 0.512609
823, 129, 0.068566
823, 130, 1.536904
823, 131, 1.765901
823, 132, 1.469587
823, 133, 0.158527
823, 134, 1.165754
823, 135, 0.744959
823, 136, -0.000010
823, 137, 1.547440
823, 138, 0.987940
823, 139, 0.937750
823, 140, 3.512532
823, 141, 2.345865
823, 142, 3.153859
823, 143, 1.949911
823, 144, 1.508965
823, 145, 1.077613
823, 146, 1.966183
823, 147, 3.906896
823, 148, 2.480981
823, 149, 3.530993
823, 150, 1.562608
823, 151, 1.929246
823, 152, 2.086526
823, 153, 0.000000
823, 154, 1.593774
823, 155, 2.281430
823, 156, -0.010000
823, 157, 3.007350
823, 158, 1.993107
823, 159, 1.077853
823, 160, 2.921012
823, 161, 2.095658
823, 162, 3.456987
823, 163, 2.510499
823, 164, 3.345040
823, 165, 2.983913
823, 166, 3.631301
823, 167, 1.409328
823, 168, 0.324529
823, 169, 1.777875
823, 170, 1.509260
823, 171, 2.804970
823, 172, 2.659652
823, 173, 2.610780
823, 174, 2.144686
823, 175, 1.474262
823, 176, 3.356692
823, 177, 2.492161
823, 178, 0.529260
823, 179, 3.047472
823, 180, 3.518355
823, 181, 0.837788
823, 182, 3.133410
823, 183, -0.040000
823, 184, 0.631502
823, 185, 1.880346
823, 186, 3.366141
823, 187, 0.000000
823, 188, 2.146791
823, 189, 3.026595
823, 190, 2.387929
823, 191, 0.717938
823, 192, 2.099817
823, 193, 2.742411
823, 194, 1.537419
823, 195, -0.281318
823, 196, 3.983319
823, 197, 2.396929
823, 198, 2.276623
823, 199, 1.457588
825, 0, 1.503664
825, 1, 1.547395
825, 2, 2.260554
825, 3, 1.150858
825, 4, -0.339888
825, 5, 2.024446
825, 6, -0.000013
825, 7, 1.283834
825, 8, 3.375340
825, 9, 1.722969
825, 10, 1.799210
825, 11, 2.271102
825, 12, 2.541982
825, 13, 0.000000
825, 14, 2.628355
825, 15, 2.305761
825, 16, 1.129258
825, 17, 3.230090
825, 18, 3.589229
825, 19, 2.590822
825, 20, 4.289904
825, 21, 0.436530
825, 22, 2.161510
825, 23, 1.270559
825, 24, 1.286052
825, 25, 2.046121
825, 26, 1.007388
825, 27, 0.812977
825, 28, 1.981714
825, 29, 1.916856
825, 30, 0.668950
825, 31, 2.589162
825, 32, 0.422124
825, 33, 2.721224
825, 34, 2.356920
825, 35, 2.613407
825, 36, 2.296394
825, 37, 1.519653
825, 38, 0.375477
825, 39, 1.565520
825, 40, 2.690736
825, 41, 1.747101
825, 42, 1.011686
825, 43, 1.442728
825, 44, 0.519650
825, 45, 1.453264
825, 46, 2.327569
825, 47, 1.415481
825, 48, 2.597688
825, 49, -0.160065
825, 50, 2.174345
825, 51, 0.485420
825, 52, 1.514256
825, 53, -0.000015
825, 54, 2.761773
825, 55, 3.170306
825, 56, 2.522899
825, 57, 2.970226
825, 58, 0.829374
825, 59, 1.691667
825, 60, 0.000000
825, 61, 1.402721
825, 62, 2.046885
825, 63, 1.722669
825, 64, 2.057648
825, 65, 3.479731
825, 66, 1.750670
825, 67, 2.511020
825, 68, 1.571999
825, 69, 2.720054
825, 70, 2.954089
825, 71, 2.583027
825, 72, 3.798777
825, 73, 3.222069
825, 74, 1.580833
825, 75, 1.934788
825, 76, 1.049166
825, 77, 1.420346
825, 78, 1.805377
825, 79, 2.797782
825, 80, 2.670417
825, 81, 1.710896
825, 82, -0.110162
825, 83, 1.230867
825, 84, 0.939994
825, 85, 3.020050
825, 86, 3.262596
825, 87, 2.365211
825, 88, 1.403196
825, 89, 0.544654
825, 90, 1.203636
825, 91, 1.384407
825, 92, 0.672629
825, 93, 2.667636
825, 94, 1.660355
825, 95, 0.925059
825, 96, 1.641641
825, 97, 4.304432
825, 98, 2.146617
825, 99, 1.083238
825, 100, 0.792004
825, 101, -0.031273
825, 102, 1.865048
825, 103, 0.000000
825, 104, 3.463558
825, 105, 2.851624
825, 106, 1.431670
825, 107, 1.899880
825, 108, -0.090013
825, 109, 0.376557
825, 110, 1.771988
825, 111, 0.808142
825, 112, 1.185186
825, 113, 3.554948
825, 114, 1.041432
825, 115, 2.078207
825, 116, 1.437947
825, 117, 2.384791
825, 118, 1.599848
825, 119, 1.334032
825, 120, 2.301379
825, 121, 3.628998
825, 122, 2.491351
825, 123, 0.346461
825, 124, 2.149925
825, 125, 4.263472
825, 126, 1.218923
825, 127, 0.838413
825, 128, 0.512609
825, 129, 0.068566
825, 130, 1.536904
825, 131, 1.765901
825, 132, 1.469587
825, 133, 0.158527
825, 134, 1.165754
825, 135, 0.744959
825, 136, -0.000010
825, 137, 1.547507
825, 138, 0.987940
825, 139, 0.937750
825, 140, 3.512398
825, 141, 2.345866
825, 142, 3.158232
825, 143, 1.949911
825, 144, 1.508965
825, 145, 1.077613
825, 146, 1.966183
825, 147, 3.902498
825, 148, 2.480981
825, 149, 3.530951
825, 150, 1.562608
825, 151, 1.925380
825, 152, 2.086525
825, 153, 0.000000
825, 154, 1.593774
825, 155, 2.281431
825, 156, -0.010000
825, 157, 3.017863
825, 158, 1.993107
825, 159, 1.077853
825, 160, 2.952956
825, 161, 2.101481
825, 162, 3.452693
825, 163, 2.510499
825, 164, 3.345067
825, 165, 2.986875
825, 166, 3.626323
825, 167, 1.409328
825, 168, 0.324529
825, 169, 1.777166
825, 170, 1.509260
825, 171, 2.815449
825, 172, 2.635244
825, 173, 2.610999
825, 174, 2.159334
825, 175, 1.474262
825, 176, 3.364901
825, 177, 2.494396
825, 178, 0.529260
825, 179, 3.045671
825, 180, 3.514306
825, 181, 0.837788
825, 182, 3.133410
825, 183, -0.040000
825, 184, 0.631502
825, 185, 1.880346
825, 186, 3.372832
825, 187, 0.000000
825, 188, 2.158806
825, 189, 2.998754
825, 190, 2.387929
825, 191, 0.717938
825, 192, 2.140310
825, 193, 2.742758
825, 194, 1.537418
825, 195, -0.281319
825, 196, 3.982187
825, 197, 2.398834
825, 198, 2.276601
825, 199, 1.457667
827, 0, 1.503664
827, 1, 1.547395
827, 2, 2.253612
827, 3, 1.150859
827, 4, -0.339888
827, 5, 2.021739
827, 6, -0.000013
827, 7, 1.283832
827, 8, 3.375479
827, 9, 1.717014
827, 10, 1.799210
827, 11, 2.271102
827, 12, 2.536604
827, 13, 0.000000
827, 14, 2.629014
827, 15, 2.293350
827, 16, 1.129258
827, 17, 3.200607
827, 18, 3.581563
827, 19, 2.589026
827, 20, 4.296169
827, 21, 0.436530
827, 22, 2.161510
827, 23, 1.270559
827, 24, 1.309830
827, 25, 2.046121
827, 26, 1.007388
827, 27, 0.812977
827, 28, 1.975885
827, 29, 1.914483
827, 30, 0.668950
827, 31, 2.587152
827, 32, 0.422124
827, 33, 2.747964
827, 34, 2.394746
827, 35, 2.613930
827, 36, 2.292896
827, 37, 1.569482
827, 38, 0.375477
827, 39, 1.565520
827, 40, 2.690736
827, 41, 1.747146
827, 42, 1.011686
827, 43, 1.442728
827, 44, 0.519650
827, 45, 1.451048
827, 46, 2.360313
827, 47, 1.415481
827, 48, 2.599962
827, 49, -0.160065
827, 50, 2.174345
827, 51, 0.485420
827, 52, 1.514256
827, 53, -0.000015
827, 54, 2.688976
827, 55, 3.170288
827, 56, 2.525989
827, 57, 2.970677
827, 58, 0.829374
827, 59, 1.691667
827, 60, 0.000000
827, 61, 1.402721
827, 62, 2.046885
827, 63, 1.722669
827, 64, 2.057648
827, 65, 3.475371
827, 66, 1.750670
827, 67, 2.511020
827, 68, 1.571999
827, 69, 2.720054
827, 70, 2.954982
827, 71, 2.588628
827, 72, 3.797801
827, 73, 3.221200
827, 74, 1.580833
827, 75, 1.934788
827, 76, 1.049166
827, 77, 1.420346
827, 78, 1.805377
827, 79, 2.797782
827, 80, 2.670112
827, 81, 1.710896
827, 82, -0.109386
827, 83, 1.230599
827, 84, 0.939994
827, 85, 3.020050
827, 86, 3.266114
827, 87, 2.334270
827, 88, 1.403196
827, 89, 0.544654
827, 90, 1.203635
827, 91, 1.368923
827, 92, 0.672629
827, 93, 2.642388
827, 94, 1.668808
827, 95, 0.934740
827, 96, 1.633214
827, 97, 4.307111
827, 98, 2.147285
827, 99, 1.083238
827, 100, 0.792004
827, 101, -0.031273
827, 102, 1.865048
827, 103, 0.000000
827, 104, 3.474551
827, 105, 2.850046
827, 106, 1.431670
827, 107, 1.915411
827, 108, -0.090013
827, 109, 0.376557
827, 110, 1.771988
827, 111, 0.808400
827, 112, 1.185186
827, 113, 3.546077
827, 114, 1.041432
827, 115, 1.992832
827, 116, 1.437947
827, 117, 2.384792
827, 118, 1.600802
827, 119, 1.334032
827, 120, 2.301379
827, 121, 3.682839
827, 122, 2.491351
827, 123, 0.346461
827, 124, 2.149925
827, 125, 4.286592
827, 126, 1.219239
827, 127, 0.838413
827, 128, 0.512609
827, 129, 0.068566
827, 130, 1.536905
827, 131, 1.765901
827, 132, 1.469588
827, 133, 0.158527
827, 134, 1.165754
827, 135, 0.744959
827, 136, -0.000010
827, 137, 1.547593
827, 138, 0.987940
827, 139, 0.937750
827, 140, 3.516385
827, 141, 2.345865
827, 142, 3.157605
827, 143, 1.953537
827, 144, 1.508965
827, 145, 1.077613
827, 146, 1.966183
827, 147, 3.907951
827, 148, 2.480981
827, 149, 3.529270
827, 150, 1.562608
827, 151, 1.923437
827, 152, 2.086525
827, 153, 0.000000
827, 154, 1.593774
827, 155, 2.281431
827, 156, -0.010000
827, 157, 3.015219
827, 158, 1.993107
827, 159, 1.077853
827, 160, 2.870668
827, 161, 2.099137
827, 162, 3.455692
827, 163, 2.510499
827, 164, 3.343877
827, 165, 2.987870
827, 166, 3.605843
827, 167, 1.409328
827, 168, 0.324529
827, 169, 1.776837
827, 170, 1.509260
827, 171, 2.805902
827, 172, 2.680488
827, 173, 2.610580
827, 174, 2.181174
827, 175, 1.474262
827, 176, 3.362779
827, 177, 2.472381
827, 178, 0.529260
827, 179, 3.041214
827, 180, 3.489019
827, 181, 0.837788
827, 182, 3.133410
827, 183, -0.040000
827, 184, 0.631502
827, 185, 1.880346
827, 186, 3.386157
827, 187, 0.000000
827, 188, 2.154435
827, 189, 3.002287
827, 190, 2.387929
827, 191, 0.717938
827, 192, 2.071026
827, 193, 2.742776
827, 194, 1.537417
827, 195, -0.281319
827, 196, 3.982531
827, 197, 2.394463
827, 198, 2.276582
827, 199, 1.457718
829, 0, 1.503664
829, 1, 1.547395
829, 2, 2.246488
829, 3, 1.150859
829, 4, -0.339888
829, 5, 2.021033
829, 6, -0.000013
829, 7, 1.283833
829, 8, 3.362342
829, 9, 1.717014
829, 10, 1.799210
829, 11, 2.271102
829, 12, 2.547513
829, 13, 0.000000
829, 14, 2.629183
829, 15, 2.331986
829, 16, 1.129258
829, 17, 3.229439
829, 18, 3.586859
829, 19, 2.589026
829, 20, 4.285817
829, 21, 0.436530
829, 22, 2.161510
829, 23, 1.270559
829, 24, 1.316118
829, 25, 2.046121
829, 26, 1.007388
829, 27, 0.812977
829, 28, 1.976646
829, 29, 1.914026
829, 30, 0.668950
829, 31, 2.596182
829, 32, 0.422124
829, 33, 2.757780
829, 34, 2.345156
829, 35, 2.614014
829, 36, 2.291726
829, 37, 1.626435
829, 38, 0.375477
829, 39, 1.565520
829, 40, 2.690736
829, 41, 1.747262
829, 42, 1.011686
829, 43, 1.442728
829, 44, 0.519650
829, 45, 1.450630
829, 46, 2.364926
829, 47, 1.415481
829, 48, 2.600988
829, 49, -0.160065
829, 50, 2.174345
829, 51, 0.485420
829, 52, 1.514256
829, 53, -0.000015
829, 54, 2.719564
829, 55, 3.171182
829, 56, 2.528522
829, 57, 2.970840
829, 58, 0.829374
829, 59, 1.691667
829, 60, 0.000000
829, 61, 1.402721
829, 62, 2.046885
829, 63, 1.722669
829, 64, 2.057648
829, 65, 3.469169
829, 66, 1.750670
829, 67, 2.511020
829, 68, 1.571999
829, 69, 2.720054
829, 70, 2.952889
829, 71, 2.583002
829, 72, 3.797289
829, 73, 3.223638
829, 74, 1.580833
829, 75, 1.934788
829, 76, 1.049166
829, 77, 1.420346
829, 78, 1.805377
829, 79, 2.797782
829, 80, 2.670359
829, 81, 1.710896
829, 82, -0.109054
829, 83, 1.230345
829, 84, 0.939994
829, 85, 3.020049
829, 86, 3.299433
829, 87, 2.334270
829, 88, 1.403196
829, 89, 0.544654
829, 90, 1.203635
829, 91, 1.341111
829, 92, 0.672629
829, 93, 2.658141
829, 94, 1.676687
829, 95, 0.938239
829, 96, 1.629725
829, 97, 4.307314
829, 98, 2.148324
829, 99, 1.083238
829, 100, 0.792004
829, 101, -0.031273
829, 102, 1.865048
829, 103, 0.000000
829, 104, 3.496052
829, 105, 2.847063
829, 106, 1.431670
829, 107, 1.910687
829, 108, -0.090013
829, 109, 0.376557
829, 110, 1.771988
829, 111, 0.808300
829, 112, 1.185186
829, 113, 3.553653
829, 114, 1.041432
829, 115, 2.079327
829, 116, 1.437947
829, 117, 2.384792
829, 118, 1.588474
829, 119, 1.334032
829, 120, 2.301379
829, 121, 3.606958
829, 122, 2.491351
829, 123, 0.346461
829, 124, 2.149926
829, 125, 4.266075
829, 126, 1.219020
829, 127, 0.838413
829, 128, 0.512609
829, 129, 0.068566
829, 130, 1.536905
829, 131, 1.765902
829, 132, 1.469588
829, 133, 0.158527
829, 134, 1.165754
829, 135, 0.744959
829, 136, -0.000010
829, 137, 1.547414
829, 138, 0.987940
829, 139, 0.937750
829, 140, 3.512299
829, 141, 2.345865
829, 142, 3.149747
829, 143, 1.954361
829, 144, 1.508965
829, 145, 1.077613
829, 146, 1.966183
829, 147, 3.902969
829, 148, 2.480981
829, 149, 3.530115
829, 150, 1.562608
829, 151, 1.922349
829, 152, 2.086525
829, 153, 0.000000
829, 154, 1.593774
829, 155, 2.281430
829, 156, -0.010000
829, 157, 3.018681
829, 158, 1.993107
829, 159, 1.077853
829, 160, 2.952942
829, 161, 2.099137
829, 162, 3.454097
829, 163, 2.510499
829, 164, 3.343878
829, 165, 2.985662
829, 166, 3.613898
829, 167, 1.409328
829, 168, 0.324529
829, 169, 1.776158
829, 170, 1.509260
829, 171, 2.818341
829, 172, 2.649066
829, 173, 2.610814
829, 174, 2.183681
829, 175, 1.474262
829, 176, 3.365426
829, 177, 2.490467
829, 178, 0.529260
829, 179, 3.046023
829, 180, 3.518266
829, 181, 0.837788
829, 182, 3.133410
829, 183, -0.040000
829, 184, 0.631502
829, 185, 1.880346
829, 186, 3.371909
829, 187, 0.000000
829, 188, 2.153164
829, 189, 3.021692
829, 190, 2.387929
829, 191, 0.717938
829, 192, 2.076164
829, 193, 2.743296
829, 194, 1.537417
829, 195, -0.281320
829, 196, 3.981191
829, 197, 2.398390
829, 198, 2.276513
829, 199, 1.457750
831, 0, 1.503664
831, 1, 1.547395
831, 2, 2.244878
831, 3, 1.150856
831, 4, -0.339888
831, 5, 2.023612
831, 6, -0.000013
831, 7, 1.283830
831, 8, 3.382309
831, 9, 1.717014
831, 10, 1.799209
831, 11, 2.271102
831, 12, 2.541950
831, 13, 0.000000
831, 14, 2.629195
831, 15, 2.357754
831, 16, 1.129258
831, 17, 3.227266
831, 18, 3.588644
831, 19, 2.589026
831, 20, 4.256395
831, 21, 0.436530
831, 22, 2.161510
831, 23, 1.270559
831, 24, 1.326262
831, 25, 2.046121
831, 26, 1.007388
831, 27, 0.812977
831, 28, 1.979176
831, 29, 1.911809
831, 30, 0.668950
831, 31, 2.590422
831, 32, 0.422124
831, 33, 2.721959
831, 34, 2.389133
831, 35, 2.613996
831, 36, 2.294819
831, 37, 1.692194
831, 38, 0.375477
831, 39, 1.565520
831, 40, 2.690736
831, 41, 1.747447
831, 42, 1.011686
831, 43, 1.442728
831, 44, 0.519650
831, 45, 1.448538
831, 46, 2.347502
831, 47, 1.415481
831, 48, 2.600031
831, 49, -0.160065
831, 50, 2.174345
831, 51, 0.485420
831, 52, 1.514256
831, 53, -0.000015
831, 54, 2.735203
831, 55, 3.170680
831, 56, 2.531698
831, 57, 2.970934
831, 58, 0.829374
831, 59, 1.691667
831, 60, 0.000000
831, 61, 1.402721
831, 62, 2.046886
831, 63, 1.722669
831, 64, 2.057648
831, 65, 3.480307
831, 66, 1.750670
831, 67, 2.511020
831, 68, 1.571999
831, 69, 2.720054
831, 70, 2.953329
831, 71, 2.583018
831, 72, 3.798527
831, 73, 3.221812
831, 74, 1.580833
831, 75, 1.934788
831, 76, 1.049166
831, 77, 1.420346
831, 78, 1.805377
831, 79, 2.797782
831, 80, 2.671571
831, 81, 1.710896
831, 82, -0.107259
831, 83, 1.230143
831, 84, 0.939994
831, 85, 3.020050
831, 86, 3.308020
831, 87, 2.334270
831, 88, 1.403196
831, 89, 0.544654
831, 90, 1.203633
831, 91, 1.327541
831, 92, 0.672629
831, 93, 2.655723
831, 94, 1.677793
831, 95, 0.943740
831, 96, 1.631617
831, 97, 4.284180
831, 98, 2.154477
831, 99, 1.083238
831, 100, 0.792004
831, 101, -0.031273
831, 102, 1.865048
831, 103, 0.000000
831, 104, 3.473241
831, 105, 2.845325
831, 106, 1.431670
831, 107, 1.932364
831, 108, -0.090013
831, 109, 0.376557
831, 110, 1.771988
831, 111, 0.808367
831, 112, 1.185186
831, 113, 3.554730
831, 114, 1.041432
831, 115, 1.985833
831, 116, 1.437947
831, 117, 2.384792
831, 118, 1.580582
831, 119, 1.334032
831, 120, 2.301379
831, 121, 3.668743
831, 122, 2.491351
831, 123, 0.346461
831, 124, 2.149925
831, 125, 4.288973
831, 126, 1.218961
831, 127, 0.838413
831, 128, 0.512609
831, 129, 0.068566
831, 130, 1.536904
831, 131, 1.765901
831, 132, 1.469587
831, 133, 0.158527
831, 134, 1.165754
831, 135, 0.744959
831, 136, -0.000010
831, 137, 1.547312
831, 138, 0.987940
831, 139, 0.937750
831, 140, 3.511510
831, 141, 2.345864
831, 142, 3.155411
831, 143, 1.957016
831, 144, 1.508965
831, 145, 1.077613
831, 146, 1.966183
831, 147, 3.908643
831, 148, 2.480981
831, 149, 3.531213
831, 150, 1.562608
831, 151, 1.920839
831, 152, 2.086525
831, 153, 0.000000
831, 154, 1.593774
831, 155, 2.281430
831, 156, -0.010000
831, 157, 3.007269
831, 158, 1.993107
831, 159, 1.077853
831, 160, 2.914011
831, 161, 2.099137
831, 162, 3.456089
831, 163, 2.510499
831, 164, 3.343879
831, 165, 2.984853
831, 166, 3.618893
831, 167, 1.409328
831, 168, 0.324529
831, 169, 1.776091
831, 170, 1.509260
831, 171, 2.816827
831, 172, 2.651339
831, 173, 2.609684
831, 174, 2.193472
831, 175, 1.474262
831, 176, 3.357478
831, 177, 2.476239
831, 178, 0.529260
831, 179, 3.044237
831, 180, 3.512185
831, 181, 0.837788
831, 182, 3.133410
831, 183, -0.040000
831, 184, 0.631502
831, 185, 1.880346
831, 186, 3.357417
831, 187, 0.000000
831, 188, 2.150020
831, 189, 2.943393
831, 190, 2.387929
831, 191, 0.717938
831, 192, 2.121387
831, 193, 2.738379
831, 194, 1.537414
831, 195, -0.281320
831, 196, 3.982695
831, 197, 2.395456
831, 198, 2.276452
831, 199, 1.457770
833, 0, 1.503664
833, 1, 1.547395
833, 2, 2.215044
833, 3, 1.150858
833, 4, -0.339888
833, 5, 2.025174
833, 6, -0.000013
833, 7, 1.283831
833, 8, 3.391410
833, 9, 1.717014
833, 10, 1.799210
833, 11, 2.271102
833, 12, 2.537901
833, 13, 0.000000
833, 14, 2.629039
833, 15, 2.409528
833, 16, 1.129258
833, 17, 3.225809
833, 18, 3.584056
833, 19, 2.605606
833, 20, 4.293166
833, 21, 0.436530
833, 22, 2.161510
833, 23, 1.270559
833, 24, 1.353044
833, 25, 2.046121
833, 26, 1.007388
833, 27, 0.812977
833, 28, 1.980757
833, 29, 1.908503
833, 30, 0.668950
833, 31, 2.586060
833, 32, 0.422124
833, 33, 2.745349
833, 34, 2.381381
833, 35, 2.613865
833, 36, 2.292440
833, 37, 1.406632
833, 38, 0.375477
833, 39, 1.565520
833, 40, 2.690736
833, 41, 1.747606
833, 42, 1.011686
833, 43, 1.442728
833, 44, 0.519650
833, 45, 1.445442
833, 46, 2.330988
833, 47, 1.415481
833, 48, 2.599830
833, 49, -0.160065
833, 50, 2.174345
833, 51, 0.485420
833, 52, 1.514256
833, 53, -0.000015
833, 54, 2.702487
833, 55, 3.170320
833, 56, 2.524510
833, 57, 2.970951
833, 58, 0.829374
833, 59, 1.691667
833, 60, 0.000000
833, 61, 1.402721
833, 62, 2.046886
833, 63, 1.722669
833, 64, 2.057648
833, 65, 3.495700
833, 66, 1.750670
833, 67, 2.511020
833, 68, 1.571999
833, 69, 2.720062
833, 70, 2.954553
833, 71, 2.583024
833, 72, 3.797957
833, 73, 3.220375
833, 74, 1.580833
833, 75, 1.934788
833, 76, 1.049166
833, 77, 1.420346
833, 78, 1.805377
833, 79, 2.797783
833, 80, 2.672144
833, 81, 1.710896
833, 82, -0.105212
833, 83, 1.229994
833, 84, 0.939994
833, 85, 3.020049
833, 86, 3.310839
833, 87, 2.334270
833, 88, 1.403196
833, 89, 0.544654
833, 90, 1.203635
833, 91, 1.322495
833, 92, 0.672629
833, 93, 2.669741
833, 94, 1.675269
833, 95, 0.936719
833, 96, 1.633777
833, 97, 4.305980
833, 98, 2.156387
833, 99, 1.083238
833, 100, 0.792004
833, 101, -0.031273
833, 102, 1.865048
833, 103, 0.000000
833, 104, 3.453905
833, 105, 2.844773
833, 106, 1.431670
833, 107, 1.923572
833, 108, -0.090013
833, 109, 0.376557
833, 110, 1.771988
833, 111, 0.808707
833, 112, 1.185186
833, 113, 3.551383
833, 114, 1.041432
833, 115, 2.008079
833, 116, 1.437947
833, 117, 2.384792
833, 118, 1.598822
833, 119, 1.334032
833, 120, 2.301379
833, 121, 3.606771
833, 122, 2.491351
833, 123, 0.346461
833, 124, 2.149925
833, 125, 4.267334
833, 126, 1.219147
833, 127, 0.838413
833, 128, 0.512609
833, 129, 0.068566
833, 130, 1.536904
833, 131, 1.765901
833, 132, 1.469588
833, 133, 0.158527
833, 134, 1.165754
833, 135, 0.744959
833, 136, -0.000010
833, 137, 1.547336
833, 138, 0.987940
833, 139, 0.937750
833, 140, 3.515438
833, 141, 2.345865
833, 142, 3.160124
833, 143, 1.963645
833, 144, 1.508965
833, 145, 1.077613
833, 146, 1.966183
833, 147, 3.908946
833, 148, 2.480981
833, 149, 3.530007
833, 150, 1.562608
833, 151, 1.921167
833, 152, 2.086525
833, 153, 0.000000
833, 154, 1.593774
833, 155, 2.281430
833, 156, -0.010000
833, 157, 3.007292
833, 158, 1.993107
833, 159, 1.077853
833, 160, 2.953622
833, 161, 2.099137
833, 162, 3.456251
833, 163, 2.510499
833, 164, 3.343878
833, 165, 2.984539
833, 166, 3.628808
833, 167, 1.409328
833, 168, 0.324529
833, 169, 1.776442
833, 170, 1.509260
833, 171, 2.806714
833, 172, 2.673419
833, 173, 2.612183
833, 174, 2.195191
833, 175, 1.474262
833, 176, 3.360770
833, 177, 2.498442
833, 178, 0.529260
833, 179, 3.050382
833, 180, 3.509827
833, 181, 0.837788
833, 182, 3.133410
833, 183, -0.040000
833, 184, 0.631502
833, 185, 1.880346
833, 186, 3.377764
833, 187, 0.000000
833, 188, 2.146919
833, 189, 2.868962
833, 190, 2.387929
833, 191, 0.717938
833, 192, 2.080316
833, 193, 2.738045
833, 194, 1.537415
833, 195, -0.281320
833, 196, 3.983418
833, 197, 2.398540
833, 198, 2.276400
833, 199, 1.457784
835, 0, 1.503664
835, 1, 1.547395
835, 2, 2.252728
835, 3, 1.150858
835, 4, -0.339888
835, 5, 2.021669
835, 6, -0.000013
835, 7, 1.283833
835, 8, 3.367155
835, 9, 1.717014
835, 10, 1.799210
835, 11, 2.271102
835, 12, 2.528662
835, 13, 0.000000
835, 14, 2.629104
835, 15, 2.345932
835, 16, 1.129258
835, 17, 3.229271
835, 18, 3.587719
835, 19, 2.589026
835, 20, 4.270013
835, 21, 0.436530
835, 22, 2.161510
835, 23, 1.270559
835, 24, 1.349020
835, 25, 2.046121
835, 26, 1.007388
835, 27, 0.812977
835, 28, 1.981743
835, 29, 1.915477
835, 30, 0.668950
835, 31, 2.577087
835, 32, 0.422124
835, 33, 2.710285
835, 34, 2.377393
835, 35, 2.613882
835, 36, 2.287874
835, 37, 1.498185
835, 38, 0.375477
835, 39, 1.565520
835, 40, 2.690736
835, 41, 1.747765
835, 42, 1.011686
835, 43, 1.442728
835, 44, 0.519650
835, 45, 1.451993
835, 46, 2.324187
835, 47, 1.415481
835, 48, 2.598198
835, 49, -0.160065
835, 50, 2.174345
835, 51, 0.485420
835, 52, 1.514256
835, 53, -0.000015
835, 54, 2.726225
835, 55, 3.168666
835, 56, 2.523580
835, 57, 2.971065
835, 58, 0.829374
835, 59, 1.691667
835, 60, 0.000000
835, 61, 1.402721
835, 62, 2.046885
835, 63, 1.722669
835, 64, 2.057648
835, 65, 3.484782
835, 66, 1.750670
835, 67, 2.511020
835, 68, 1.571999
835, 69, 2.720071
835, 70, 2.954001
835, 71, 2.583026
835, 72, 3.796993
835, 73, 3.217555
835, 74, 1.580833
835, 75, 1.934788
835, 76, 1.049166
835, 77, 1.420346
835, 78, 1.805377
835, 79, 2.797782
835, 80, 2.670842
835, 81, 1.710896
835, 82, -0.109468
835, 83, 1.229881
835, 84, 0.939994
835, 85, 3.020050
835, 86, 3.299148
835, 87, 2.334270
835, 88, 1.403196
835, 89, 0.544654
835, 90, 1.203636
835, 91, 1.334335
835, 92, 0.672629
835, 93, 2.672095
835, 94, 1.680205
835, 95, 0.920692
835, 96, 1.672297
835, 97, 4.295423
835, 98, 2.165879
835, 99, 1.083238
835, 100, 0.792004
835, 101, -0.031273
835, 102, 1.865048
835, 103, 0.000000
835, 104, 3.490061
835, 105, 2.845670
835, 106, 1.431670
835, 107, 1.940986
835, 108, -0.090013
835, 109, 0.376557
835, 110, 1.771988
835, 111, 0.809326
835, 112, 1.185186
835, 113, 3.554441
835, 114, 1.041432
835, 115, 1.984255
835, 116, 1.437947
835, 117, 2.384792
835, 118, 1.590107
835, 119, 1.334032
835, 120, 2.301379
835, 121, 3.668088
835, 122, 2.491351
835, 123, 0.346461
835, 124, 2.149925
835, 125, 4.288927
835, 126, 1.219273
835, 127, 0.838413
835, 128, 0.512609
835, 129, 0.068566
835, 130, 1.536904
835, 131, 1.765901
835, 132, 1.469588
835, 133, 0.158527
835, 134, 1.165754
835, 135, 0.744959
835, 136, -0.000010
835, 137, 1.547331
835, 138, 0.987940
835, 139, 0.937750
835, 140, 3.519384
835, 141, 2.345865
835, 142, 3.147194
835, 143, 1.959027
835, 144, 1.508965
835, 145, 1.077613
835, 146, 1.966183
835, 147, 3.910248
835, 148, 2.480981
835, 149, 3.529128
835, 150, 1.562608
835, 151, 1.923106
835, 152, 2.086525
835, 153, 0.000000
835, 154, 1.593774
835, 155, 2.281431
835, 156, -0.010000
835, 157, 3.007328
835, 158, 1.993107
835, 159, 1.077853
835, 160, 2.946469
835, 161, 2.099342
835, 162, 3.456666
835, 163, 2.510499
835, 164, 3.343879
835, 165, 2.987083
835, 166, 3.628230
835, 167, 1.409328
835, 168, 0.324529
835, 169, 1.776464
835, 170, 1.509260
835, 171, 2.814142
835, 172, 2.678594
835, 173, 2.609469
835, 174, 2.211102
835, 175, 1.474262
835, 176, 3.356692
835, 177, 2.494978
835, 178, 0.529260
835, 179, 3.044811
835, 180, 3.512499
835, 181, 0.837788
835, 182, 3.133410
835, 183, -0.040000
835, 184, 0.631502
835, 185, 1.880346
835, 186, 3.368648
835, 187, 0.000000
835, 188, 2.144855
835, 189, 2.920219
835, 190, 2.387929
835, 191, 0.717938
835, 192, 2.085479
835, 193, 2.737836
835, 194, 1.537415
835, 195, -0.281320
835, 196, 3.982651
835, 197, 2.394759
835, 198, 2.276361
835, 199, 1.457793
837, 0, 1.503664
837, 1, 1.547395
837, 2, 2.274556
837, 3, 1.150859
837, 4, -0.339888
837, 5, 2.017603
837, 6, -0.000013
837, 7, 1.283834
837, 8, 3.375765
837, 9, 1.717014
837, 10, 1.799210
837, 11, 2.271102
837, 12, 2.520509
837, 13, 0.000000
837, 14, 2.629092
837, 15, 2.338265
837, 16, 1.129258
837, 17, 3.230032
837, 18, 3.588916
837, 19, 2.591200
837, 20, 4.220845
837, 21, 0.436530
837, 22, 2.161510
837, 23, 1.270559
837, 24, 1.333430
837, 25, 2.046121
837, 26, 1.007388
837, 27, 0.812977
837, 28, 1.982359
837, 29, 1.921920
837, 30, 0.668950
837, 31, 2.569138
837, 32, 0.422124
837, 33, 2.730719
837, 34, 2.385766
837, 35, 2.613848
837, 36, 2.290286
837, 37, 1.639083
837, 38, 0.375477
837, 39, 1.565520
837, 40, 2.690736
837, 41, 1.747910
837, 42, 1.011686
837, 43, 1.442728
837, 44, 0.519650
837, 45, 1.458003
837, 46, 2.300714
837, 47, 1.415481
837, 48, 2.595175
837, 49, -0.160065
837, 50, 2.174345
837, 51, 0.485420
837, 52, 1.514256
837, 53, -0.000015
837, 54, 2.738697
837, 55, 3.159556
837, 56, 2.528759
837, 57, 2.971145
837, 58, 0.829374
837, 59, 1.691667
837, 60, 0.000000
837, 61, 1.402721
837, 62, 2.046885
837, 63, 1.722669
837, 64, 2.057648
837, 65, 3.485652
837, 66, 1.750670
837, 67, 2.511020
837, 68, 1.571999
837, 69, 2.720077
837, 70, 2.955139
837, 71, 2.584253
837, 72, 3.796617
837, 73, 3.214998
837, 74, 1.580833
837, 75, 1.934788
837, 76, 1.049166
837, 77, 1.420346
837, 78, 1.805377
837, 79, 2.797782
837, 80, 2.669587
837, 81, 1.710896
837, 82, -0.113507
837, 83, 1.229801
837, 84, 0.939994
837, 85, 3.020050
837, 86, 3.253391
837, 87, 2.334270
837, 88, 1.403196
837, 89, 0.544654
837, 90, 1.203637
837, 91, 1.400331
837, 92, 0.672629
837, 93, 2.684263
837, 94, 1.677817
837, 95, 0.895985
837, 96, 1.670617
837, 97, 4.263410
837, 98, 2.165989
837, 99, 1.083238
837, 100, 0.792004
837, 101, -0.031273
837, 102, 1.865048
837, 103, 0.000000
837, 104, 3.465385
837, 105, 2.847138
837, 106, 1.431670
837, 107, 1.914565
837, 108, -0.090013
837, 109, 0.376557
837, 110, 1.771988
837, 111, 0.810510
837, 112, 1.185186
837, 113, 3.553129
837, 114, 1.041432
837, 115, 2.007146
837, 116, 1.437947
837, 117, 2.384792
837, 118, 1.605954
837, 119, 1.334032
837, 120, 2.301379
837, 121, 3.706624
837, 122, 2.491351
837, 123, 0.346461
837, 124, 2.149925
837, 125, 4.285646
837, 126, 1.219376
837, 127, 0.838413
837, 128, 0.512609
837, 129, 0.068566
837, 130, 1.536904
837, 131, 1.765901
837, 132, 1.469588
837, 133, 0.158527
837, 134, 1.165754
837, 135, 0.744959
837, 136, -0.000010
837, 137, 1.547315
837, 138, 0.987940
837, 139, 0.937750
837, 140, 3.523921
837, 141, 2.345865
837, 142, 3.132863
837, 143, 1.962814
837, 144, 1.508965
837, 145, 1.077613
837, 146, 1.966183
837, 147, 3.902009
837, 148, 2.480981
837, 149, 3.531075
837, 150, 1.562608
837, 151, 1.922864
837, 152, 2.086525
837, 153, 0.000000
837, 154, 1.593774
837, 155, 2.281431
837, 156, -0.010000
837, 157, 3.007343
837, 158, 1.993107
837, 159, 1.077853
837, 160, 2.928989
837, 161, 2.106673
837, 162, 3.447376
837, 163, 2.510499
837, 164, 3.343879
837, 165, 2.989410
837, 166, 3.623841
837, 167, 1.409328
837, 168, 0.324529
837, 169, 1.776172
837, 170, 1.509260
837, 171, 2.785419
837, 172, 2.662657
837, 173, 2.612099
837, 174, 2.237113
837, 175, 1.474262
837, 176, 3.357960
837, 177, 2.491315
837, 178, 0.529260
837, 179, 3.044143
837, 180, 3.510470
837, 181, 0.837788
837, 182, 3.133410
837, 183, -0.040000
837, 184, 0.631502
837, 185, 1.880346
837, 186, 3.375188
837, 187, 0.000000
837, 188, 2.156697
837, 189, 2.962669
837, 190, 2.387929
837, 191, 0.717938
837, 192, 2.115325
837, 193, 2.741335
837, 194, 1.537416
837, 195, -0.281320
837, 196, 3.981786
837, 197, 2.394759
837, 198, 2.276317
837, 199, 1.457798
839, 0, 1.503664
839, 1, 1.547395
839, 2, 2.319158
839, 3, 1.150859
839, 4, -0.339888
839, 5, 2.015702
839, 6, -0.000013
839, 7, 1.283832
839, 8, 3.356695
839, 9, 1.719065
839, 10, 1.799210
839, 11, 2.271102
839, 12, 2.516899
839, 13, 0.000000
839, 14, 2.629054
839, 15, 2.358103
839, 16, 1.129258
839, 17, 3.229096
839, 18, 3.583532
839, 19, 2.589026
839, 20, 4.289589
839, 21, 0.436530
839, 22, 2.161510
839, 23, 1.270559
839, 24, 1.295543
839, 25, 2.046121
839, 26, 1.007388
839, 27, 0.812977
839, 28, 1.976202
839, 29, 1.921920
839, 30, 0.668950
839, 31, 2.565286
839, 32, 0.422124
839, 33, 2.730002
839, 34, 2.370430
839, 35, 2.613797
839, 36, 2.293835
839, 37, 1.491716
839, 38, 0.375477
839, 39, 1.565520
839, 40, 2.690736
839, 41, 1.748031
839, 42, 1.011686
839, 43, 1.442728
839, 44, 0.519650
839, 45, 1.449720
839, 46, 2.304646
839, 47, 1.415481
839, 48, 2.596472
839, 49, -0.160065
839, 50, 2.174345
839, 51, 0.485420
839, 52, 1.514256
839, 53, -0.000015
839, 54, 2.700509
839, 55, 3.171365
839, 56, 2.521776
839, 57, 2.971208
839, 58, 0.829374
839, 59, 1.691667
839, 60, 0.000000
839, 61, 1.402721
839, 62, 2.046885
839, 63, 1.722669
839, 64, 2.057648
839, 65, 3.450693
839, 66, 1.750670
839, 67, 2.511020
839, 68, 1.571999
839, 69, 2.720077
839, 70, 2.954660
839, 71, 2.595936
839, 72, 3.796827
839, 73, 3.213215
839, 74, 1.580833
839, 75, 1.934788
839, 76, 1.049166
839, 77, 1.420346
839, 78, 1.805377
839, 79, 2.797782
839, 80, 2.668927
839, 81, 1.710896
839, 82, -0.109493
839, 83, 1.229748
839, 84, 0.939994
839, 85, 3.020050
839, 86, 3.280249
839, 87, 2.339611
839, 88, 1.403196
839, 89, 0.544654
839, 90, 1.203635
839, 91, 1.357558
839, 92, 0.672629
839, 93, 2.679342
839, 94, 1.681302
839, 95, 0.883400
839, 96, 1.657631
839, 97, 4.305475
839, 98, 2.164757
839, 99, 1.083238
839, 100, 0.792004
839, 101, -0.031273
839, 102, 1.865048
839, 103, 0.000000
839, 104, 3.462373
839, 105, 2.842180
839, 106, 1.431670
839, 107, 1.913460
839, 108, -0.090013
839, 109, 0.376557
839, 110, 1.771988
839, 111, 0.811960
839, 112, 1.185186
839, 113, 3.551032
839, 114, 1.041432
839, 115, 1.982497
839, 116, 1.437947
839, 117, 2.384793
839, 118, 1.611081
839, 119, 1.334032
839, 120, 2.301379
839, 121, 3.661548
839, 122, 2.491351
839, 123, 0.346461
839, 124, 2.149926
839, 125, 4.281813
839, 126, 1.219481
839, 127, 0.838413
839, 128, 0.512609
839, 129, 0.068566
839, 130, 1.536904
839, 131, 1.765901
839, 132, 1.469588
839, 133, 0.158527
839, 134, 1.165754
839, 135, 0.744959
839, 136, -0.000010
839, 137, 1.547302
839, 138, 0.987940
839, 139, 0.937750
839, 140, 3.523951
839, 141, 2.345865
839, 142, 3.106991
839, 143, 1.965703
839, 144, 1.508965
839, 145, 1.077613
839, 146, 1.966183
839, 147, 3.907439
839, 148, 2.480981
839, 149, 3.529757
839, 150, 1.562608
839, 151, 1.920317
839, 152, 2.086525
839, 153, 0.000000
839, 154, 1.593774
839, 155, 2.281430
839, 156, -0.010000
839, 157, 3.011509
839, 158, 1.993107
839, 159, 1.077853
839, 160, 2.946969
839, 161, 2.099707
839, 162, 3.453423
839, 163, 2.510499
839, 164, 3.343879
839, 165, 2.988744
839, 166, 3.633365
839, 167, 1.409328
839, 168, 0.324529
839, 169, 1.775515
839, 170, 1.509260
839, 171, 2.819169
839, 172, 2.688140
839, 173, 2.609224
839, 174, 2.234359
839, 175, 1.474262
839, 176, 3.361222
839, 177, 2.490649
839, 178, 0.529260
839, 179, 3.042637
839, 180, 3.506145
839, 181, 0.837788
839, 182, 3.133410
839, 183, -0.040000
839, 184, 0.631502
839, 185, 1.880346
839, 186, 3.391654
839, 187, 0.000000
839, 188, 2.161079
839, 189, 2.943950
839, 190, 2.387929
839, 191, 0.717938
839, 192, 2.078124
839, 193, 2.741370
839, 194, 1.537416
839, 195, -0.281320
839, 196, 3.981756
839, 197, 2.395852
839, 198, 2.276272
839, 199, 1.457802
841, 0, 1.503985
841, 1, 1.547395
841, 2, 2.407314
841, 3, 1.150856
841, 4, -0.339888
841, 5, 2.013510
841, 6, -0.000013
841, 7, 1.283828
841, 8, 3.369383
841, 9, 1.717014
841, 10, 1.799209
841, 11, 2.271102
841, 12, 2.509942
841, 13, 0.000000
841, 14, 2.629024
841, 15, 2.395877
841, 16, 1.129258
841, 17, 3.227965
841, 18, 3.587540
841, 19, 2.589026
841, 20, 4.257240
841, 21, 0.436530
841, 22, 2.161510
841, 23, 1.270559
841, 24, 1.217478
841, 25, 2.046121
841, 26, 1.007388
841, 27, 0.812977
841, 28, 1.970908
841, 29, 1.921920
841, 30, 0.668950
841, 31, 2.558453
841, 32, 0.422124
841, 33, 2.728209
841, 34, 2.348238
841, 35, 2.613751
841, 36, 2.298495
841, 37, 1.553046
841, 38, 0.375477
841, 39, 1.565520
841, 40, 2.690736
841, 41, 1.748158
841, 42, 1.011686
841, 43, 1.442728
841, 44, 0.519650
841, 45, 1.452204
841, 46, 2.290981
841, 47, 1.415481
841, 48, 2.594662
841, 49, -0.160065
841, 50, 2.174345
841, 51, 0.485420
841, 52, 1.514256
841, 53, -0.000015
841, 54, 2.724796
841, 55, 3.169578
841, 56, 2.526619
841, 57, 2.971277
841, 58, 0.829374
841, 59, 1.691667
841, 60, 0.000000
841, 61, 1.402721
841, 62, 2.046886
841, 63, 1.722669
841, 64, 2.057648
841, 65, 3.447340
841, 66, 1.750670
841, 67, 2.511020
841, 68, 1.571999
841, 69, 2.720077
841, 70, 2.951725
841, 71, 2.582941
841, 72, 3.797140
841, 73, 3.211973
841, 74, 1.580833
841, 75, 1.934788
841, 76, 1.049166
841, 77, 1.420346
841, 78, 1.805377
841, 79, 2.797782
841, 80, 2.668885
841, 81, 1.710896
841, 82, -0.111098
841, 83, 1.229707
841, 84, 0.939994
841, 85, 3.020050
841, 86, 3.284318
841, 87, 2.334270
841, 88, 1.403196
841, 89, 0.544654
841, 90, 1.203635
841, 91, 1.358394
841, 92, 0.672629
841, 93, 2.628209
841, 94, 1.682926
841, 95, 0.909231
841, 96, 1.650473
841, 97, 4.283340
841, 98, 2.160300
841, 99, 1.083238
841, 100, 0.792004
841, 101, -0.031273
841, 102, 1.865048
841, 103, 0.000000
841, 104, 3.492249
841, 105, 2.842319
841, 106, 1.431670
841, 107, 1.912095
841, 108, -0.090013
841, 109, 0.376557
841, 110, 1.771988
841, 111, 0.813665
841, 112, 1.185186
841, 113, 3.511224
841, 114, 1.041432
841, 115, 1.995848
841, 116, 1.437947
841, 117, 2.384792
841, 118, 1.610231
841, 119, 1.334032
841, 120, 2.301380
841, 121, 3.682657
841, 122, 2.491351
841, 123, 0.346461
841, 124, 2.149925
841, 125, 4.288257
841, 126, 1.219660
841, 127, 0.838413
841, 128, 0.512609
841, 129, 0.068566
841, 130, 1.536905
841, 131, 1.765901
841, 132, 1.469588
841, 133, 0.158527
841, 134, 1.165754
841, 135, 0.744959
841, 136, -0.000010
841, 137, 1.547327
841, 138, 0.987940
841, 139, 0.937750
841, 140, 3.527189
841, 141, 2.345863
841, 142, 3.123795
841, 143, 1.965356
841, 144, 1.508965
841, 145, 1.077613
841, 146, 1.966183
841, 147, 3.904494
841, 148, 2.480981
841, 149, 3.530445
841, 150, 1.562608
841, 151, 1.916134
841, 152, 2.086525
841, 153, 0.000000
841, 154, 1.593774
841, 155, 2.281430
841, 156, -0.010000
841, 157, 3.011565
841, 158, 1.993107
841, 159, 1.077853
841, 160, 2.932392
841, 161, 2.099707
841, 162, 3.456943
841, 163, 2.510499
841, 164, 3.343880
841, 165, 2.988925
841, 166, 3.638535
841, 167, 1.409328
841, 168, 0.324529
841, 169, 1.775391
841, 170, 1.509260
841, 171, 2.809679
841, 172, 2.622317
841, 173, 2.610936
841, 174, 2.094945
841, 175, 1.474262
841, 176, 3.361222
841, 177, 2.476403
841, 178, 0.529260
841, 179, 3.045627
841, 180, 3.421261
841, 181, 0.837788
841, 182, 3.133410
841, 183, -0.040000
841, 184, 0.631502
841, 185, 1.880346
841, 186, 3.383426
841, 187, 0.000000
841, 188, 2.154079
841, 189, 2.870542
841, 190, 2.387929
841, 191, 0.717938
841, 192, 2.106319
841, 193, 2.743047
841, 194, 1.537414
841, 195, -0.281317
841, 196, 3.981363
841, 197, 2.395852
841, 198, 2.276232
841, 199, 1.457803
843, 0, 1.503664
843, 1, 1.547395
843, 2, 2.381890
843, 3, 1.150858
843, 4, -0.339888
843, 5, 2.012557
843, 6, -0.000013
843, 7, 1.283831
843, 8, 3.374404
843, 9, 1.717014
843, 10, 1.799210
843, 11, 2.271102
843, 12, 2.519115
843, 13, 0.000000
843, 14, 2.628993
843, 15, 2.400723
843, 16, 1.129258
843, 17, 3.219999
843, 18, 3.588860
843, 19, 2.589026
843, 20, 4.290463
843, 21, 0.436530
843, 22, 2.161510
843, 23, 1.270559
843, 24, 1.164999
843, 25, 2.046121
843, 26, 1.007388
843, 27, 0.812977
843, 28, 1.974015
843, 29, 1.921920
843, 30, 0.668950
843, 31, 2.566112
843, 32, 0.422124
843, 33, 2.713540
843, 34, 2.333152
843, 35, 2.613706
843, 36, 2.303028
843, 37, 1.586327
843, 38, 0.375477
843, 39, 1.565520
843, 40, 2.690736
843, 41, 1.748289
843, 42, 1.011686
843, 43, 1.442728
843, 44, 0.519650
843, 45, 1.450604
843, 46, 2.291335
843, 47, 1.415481
843, 48, 2.594228
843, 49, -0.160065
843, 50, 2.174345
843, 51, 0.485420
843, 52, 1.514256
843, 53, -0.000015
843, 54, 2.737849
843, 55, 3.170172
843, 56, 2.529539
843, 57, 2.971343
843, 58, 0.829374
843, 59, 1.691667
843, 60, 0.000000
843, 61, 1.402721
843, 62, 2.046886
843, 63, 1.722669
843, 64, 2.057648
843, 65, 3.485041
843, 66, 1.750670
843, 67, 2.511020
843, 68, 1.571999
843, 69, 2.720077
843, 70, 2.950801
843, 71, 2.587041
843, 72, 3.796371
843, 73, 3.214146
843, 74, 1.580833
843, 75, 1.934788
843, 76, 1.049166
843, 77, 1.420346
843, 78, 1.805377
843, 79, 2.797783
843, 80, 2.669366
843, 81, 1.710896
843, 82, -0.109988
843, 83, 1.229682
843, 84, 0.939994
843, 85, 3.020049
843, 86, 3.296868
843, 87, 2.334270
843, 88, 1.403196
843, 89, 0.544654
843, 90, 1.203635
843, 91, 1.342912
843, 92, 0.672629
843, 93, 2.649945
843, 94, 1.679842
843, 95, 0.933322
843, 96, 1.638894
843, 97, 4.307257
843, 98, 2.156697
843, 99, 1.083238
843, 100, 0.792004
843, 101, -0.031273
843, 102, 1.865048
843, 103, 0.000000
843, 104, 3.491975
843, 105, 2.841277
843, 106, 1.431670
843, 107, 1.925680
843, 108, -0.090013
843, 109, 0.376557
843, 110, 1.771988
843, 111, 0.815236
843, 112, 1.185186
843, 113, 3.556551
843, 114, 1.041432
843, 115, 2.077305
843, 116, 1.437947
843, 117, 2.384792
843, 118, 1.596189
843, 119, 1.334032
843, 120, 2.301379
843, 121, 3.651122
843, 122, 2.491351
843, 123, 0.346461
843, 124, 2.149925
843, 125, 4.281483
843, 126, 1.219825
843, 127, 0.838413
843, 128, 0.512609
843, 129, 0.068566
843, 130, 1.536904
843, 131, 1.765901
843, 132, 1.469588
843, 133, 0.158527
843, 134, 1.165754
843, 135, 0.744959
843, 136, -0.000010
843, 137, 1.547345
843, 138, 0.987940
843, 139, 0.937750
843, 140, 3.522588
843, 141, 2.345865
843, 142, 3.132836
843, 143, 1.957839
843, 144, 1.508965
843, 145, 1.077613
843, 146, 1.966183
843, 147, 3.902477
843, 148, 2.480981
843, 149, 3.530877
843, 150, 1.562608
843, 151, 1.913745
843, 152, 2.086525
843, 153, 0.000000
843, 154, 1.593774
843, 155, 2.281430
843, 156, -0.010000
843, 157, 3.016703
843, 158, 1.993107
843, 159, 1.077853
843, 160, 2.907464
843, 161, 2.099707
843, 162, 3.447516
843, 163, 2.510499
843, 164, 3.343880
843, 165, 2.988441
843, 166, 3.617094
843, 167, 1.409328
843, 168, 0.324529
843, 169, 1.775286
843, 170, 1.509260
843, 171, 2.818000
843, 172, 2.634484
843, 173, 2.611141
843, 174, 2.099572
843, 175, 1.474262
843, 176, 3.365154
843, 177, 2.483465
843, 178, 0.529260
843, 179, 3.043807
843, 180, 3.513623
843, 181, 0.837788
843, 182, 3.133410
843, 183, -0.040000
843, 184, 0.631502
843, 185, 1.880346
843, 186, 3.375770
843, 187, 0.000000
843, 188, 2.160716
843, 189, 2.906693
843, 190, 2.387929
843, 191, 0.717938
843, 192, 2.111279
843, 193, 2.743761
843, 194, 1.537415
843, 195, -0.281318
843, 196, 3.982173
843, 197, 2.400774
843, 198, 2.276197
843, 199, 1.457805
845, 0, 1.503664
845, 1, 1.547395
845, 2, 2.388013
845, 3, 1.150858
845, 4, -0.339888
845, 5, 2.013222
845, 6, -0.000013
845, 7, 1.283832
845, 8, 3.378393
845, 9, 1.717014
845, 10, 1.799210
845, 11, 2.271102
845, 12, 2.526890
845, 13, 0.000000
845, 14, 2.628346
845, 15, 2.433804
845, 16, 1.129258
845, 17, 3.220947
845, 18, 3.585659
845, 19, 2.589026
845, 20, 4.279798
845, 21, 0.436530
845, 22, 2.161510
845, 23, 1.270559
845, 24, 1.143302
845, 25, 2.046121
845, 26, 1.010701
845, 27, 0.812977
845, 28, 1.976062
845, 29, 1.917713
845, 30, 0.668950
845, 31, 2.572576
845, 32, 0.422124
845, 33, 2.699594
845, 34, 2.380339
845, 35, 2.613250
845, 36, 2.298824
845, 37, 1.499440
845, 38, 0.375477
845, 39, 1.565520
845, 40, 2.690736
845, 41, 1.748392
845, 42, 1.011686
845, 43, 1.442728
845, 44, 0.519650
845, 45, 1.446490
845, 46, 2.324282
845, 47, 1.415481
845, 48, 2.594468
845, 49, -0.160065
845, 50, 2.174345
845, 51, 0.485420
845, 52, 1.514256
845, 53, -0.000015
845, 54, 2.711651
845, 55, 3.168916
845, 56, 2.523812
845, 57, 2.971138
845, 58, 0.829374
845, 59, 1.691667
845, 60, 0.000000
845, 61, 1.402721
845, 62, 2.046885
845, 63, 1.722669
845, 64, 2.057648
845, 65, 3.480422
845, 66, 1.750670
845, 67, 2.511020
845, 68, 1.571999
845, 69, 2.720077
845, 70, 2.953970
845, 71, 2.582997
845, 72, 3.798356
845, 73, 3.215941
845, 74, 1.580833
845, 75, 1.934788
845, 76, 1.049166
845, 77, 1.420346
845, 78, 1.805377
845, 79, 2.797782
845, 80, 2.670288
845, 81, 1.710896
845, 82, -0.107247
845, 83, 1.229664
845, 84, 0.939994
845, 85, 3.020050
845, 86, 3.302462
845, 87, 2.334270
845, 88, 1.403196
845, 89, 0.544654
845, 90, 1.203635
845, 91, 1.334450
845, 92, 0.672629
845, 93, 2.654202
845, 94, 1.675866
845, 95, 0.940143
845, 96, 1.635860
845, 97, 4.303007
845, 98, 2.161606
845, 99, 1.083238
845, 100, 0.792004
845, 101, -0.031273
845, 102, 1.865048
845, 103, 0.000000
845, 104, 3.491647
845, 105, 2.840271
845, 106, 1.431670
845, 107, 1.926920
845, 108, -0.090013
845, 109, 0.376557
845, 110, 1.771988
845, 111, 0.816265
845, 112, 1.185186
845, 113, 3.544257
845, 114, 1.041432
845, 115, 1.994337
845, 116, 1.437947
845, 117, 2.384793
845, 118, 1.581108
845, 119, 1.334032
845, 120, 2.301379
845, 121, 3.672292
845, 122, 2.491351
845, 123, 0.346461
845, 124, 2.149925
845, 125, 4.289002
845, 126, 1.220343
845, 127, 0.838413
845, 128, 0.512609
845, 129, 0.068566
845, 130, 1.536904
845, 131, 1.765901
845, 132, 1.469588
845, 133, 0.158527
845, 134, 1.165754
845, 135, 0.744959
845, 136, -0.000010
845, 137, 1.547540
845, 138, 0.987940
845, 139, 0.937750
845, 140, 3.513337
845, 141, 2.345864
845, 142, 3.127990
845, 143, 1.954144
845, 144, 1.508965
845, 145, 1.077613
845, 146, 1.966183
845, 147, 3.905334
845, 148, 2.480981
845, 149, 3.530651
845, 150, 1.562608
845, 151, 1.918871
845, 152, 2.086525
845, 153, 0.000000
845, 154, 1.593774
845, 155, 2.281431
845, 156, -0.010000
845, 157, 3.007313
845, 158, 1.993107
845, 159, 1.077853
845, 160, 2.923100
845, 161, 2.099707
845, 162, 3.453112
845, 163, 2.510499
845, 164, 3.344915
845, 165, 2.987084
845, 166, 3.629473
845, 167, 1.409328
845, 168, 0.324529
845, 169, 1.775815
845, 170, 1.509260
845, 171, 2.826551
845, 172, 2.641591
845, 173, 2.610760
845, 174, 2.126286
845, 175, 1.474262
845, 176, 3.359282
845, 177, 2.510899
845, 178, 0.529260
845, 179, 3.042757
845, 180, 3.484627
845, 181, 0.837788
845, 182, 3.133410
845, 183, -0.040000
845, 184, 0.631502
845, 185, 1.880346
845, 186, 3.377102
845, 187, 0.000000
845, 188, 2.166062
845, 189, 2.934622
845, 190, 2.387929
845, 191, 0.717938
845, 192, 2.092622
845, 193, 2.736218
845, 194, 1.537415
845, 195, -0.281319
845, 196, 3.980923
845, 197, 2.393737
845, 198, 2.276191
845, 199, 1.457806
847, 0, 1.503664
847, 1, 1.547396
847, 2, 2.373847
847, 3, 1.150859
847, 4, -0.339888
847, 5, 2.015180
847, 6, -0.000013
847, 7, 1.283834
847, 8, 3.400717
847, 9, 1.717014
847, 10, 1.799210
847, 11, 2.271102
847, 12, 2.537892
847, 13, 0.000000
847, 14, 2.628460
847, 15, 2.475015
847, 16, 1.129258
847, 17, 3.205321
847, 18, 3.581908
847, 19, 2.589026
847, 20, 4.293742
847, 21, 0.436530
847, 22, 2.161510
847, 23, 1.270559
847, 24, 1.130223
847, 25, 2.046121
847, 26, 1.010701
847, 27, 0.812977
847, 28, 1.978814
847, 29, 1.916043
847, 30, 0.668950
847, 31, 2.582018
847, 32, 0.422124
847, 33, 2.749377
847, 34, 2.363688
847, 35, 2.613300
847, 36, 2.297192
847, 37, 1.582716
847, 38, 0.375477
847, 39, 1.565520
847, 40, 2.690736
847, 41, 1.748406
847, 42, 1.011686
847, 43, 1.442728
847, 44, 0.519650
847, 45, 1.444885
847, 46, 2.302131
847, 47, 1.415481
847, 48, 2.596367
847, 49, -0.160065
847, 50, 2.174345
847, 51, 0.485420
847, 52, 1.514256
847, 53, -0.000015
847, 54, 2.737084
847, 55, 3.167709
847, 56, 2.532666
847, 57, 2.971263
847, 58, 0.829374
847, 59, 1.691667
847, 60, 0.000000
847, 61, 1.402721
847, 62, 2.046885
847, 63, 1.722669
847, 64, 2.057648
847, 65, 3.458905
847, 66, 1.750670
847, 67, 2.511020
847, 68, 1.571999
847, 69, 2.720077
847, 70, 2.954399
847, 71, 2.583016
847, 72, 3.798076
847, 73, 3.218615
847, 74, 1.580833
847, 75, 1.934788
847, 76, 1.049166
847, 77, 1.420346
847, 78, 1.805377
847, 79, 2.797782
847, 80, 2.671305
847, 81, 1.710896
847, 82, -0.107202
847, 83, 1.229652
847, 84, 0.939994
847, 85, 3.020049
847, 86, 3.307917
847, 87, 2.334270
847, 88, 1.403196
847, 89, 0.544654
847, 90, 1.203635
847, 91, 1.328979
847, 92, 0.672629
847, 93, 2.663616
847, 94, 1.678765
847, 95, 0.934777
847, 96, 1.642864
847, 97, 4.306501
847, 98, 2.163322
847, 99, 1.083238
847, 100, 0.792004
847, 101, -0.031273
847, 102, 1.865048
847, 103, 0.000000
847, 104, 3.491740
847, 105, 2.839623
847, 106, 1.431670
847, 107, 1.943830
847, 108, -0.090013
847, 109, 0.376557
847, 110, 1.771988
847, 111, 0.816675
847, 112, 1.185186
847, 113, 3.554740
847, 114, 1.041432
847, 115, 2.078325
847, 116, 1.445196
847, 117, 2.384792
847, 118, 1.634716
847, 119, 1.334032
847, 120, 2.301379
847, 121, 3.657851
847, 122, 2.491351
847, 123, 0.346461
847, 124, 2.149925
847, 125, 4.286502
847, 126, 1.221135
847, 127, 0.838413
847, 128, 0.512609
847, 129, 0.068566
847, 130, 1.536904
847, 131, 1.765901
847, 132, 1.469588
847, 133, 0.158527
847, 134, 1.165754
847, 135, 0.744959
847, 136, -0.000010
847, 137, 1.547873
847, 138, 0.987940
847, 139, 0.937750
847, 140, 3.512932
847, 141, 2.345865
847, 142, 3.118173
847, 143, 1.975363
847, 144, 1.508965
847, 145, 1.077613
847, 146, 1.966183
847, 147, 3.875090
847, 148, 2.480981
847, 149, 3.530615
847, 150, 1.562608
847, 151, 1.924382
847, 152, 2.086525
847, 153, 0.000000
847, 154, 1.593774
847, 155, 2.281431
847, 156, -0.010000
847, 157, 3.007366
847, 158, 1.993107
847, 159, 1.077853
847, 160, 2.879180
847, 161, 2.099707
847, 162, 3.456838
847, 163, 2.510499
847, 164, 3.343876
847, 165, 2.986466
847, 166, 3.636580
847, 167, 1.409328
847, 168, 0.324529
847, 169, 1.776353
847, 170, 1.509260
847, 171, 2.796413
847, 172, 2.642230
847, 173, 2.610980
847, 174, 2.109033
847, 175, 1.474262
847, 176, 3.359282
847, 177, 2.501757
847, 178, 0.529260
847, 179, 3.045098
847, 180, 3.518075
847, 181, 0.837788
847, 182, 3.133410
847, 183, -0.040000
847, 184, 0.631502
847, 185, 1.880346
847, 186, 3.377871
847, 187, 0.000000
847, 188, 2.156149
847, 189, 2.810019
847, 190, 2.387929
847, 191, 0.717938
847, 192, 2.092518
847, 193, 2.741464
847, 194, 1.537416
847, 195, -0.281319
847, 196, 3.970842
847, 197, 2.393737
847, 198, 2.276217
847, 199, 1.457807
849, 0, 1.503664
849, 1, 1.547395
849, 2, 2.365889
849, 3, 1.150859
849, 4, -0.339888
849, 5, 2.015998
849, 6, -0.000013
849, 7, 1.283834
849, 8, 3.372058
849, 9, 1.717014
849, 10, 1.799210
849, 11, 2.271102
849, 12, 2.543228
849, 13, 0.000000
849, 14, 2.628775
849, 15, 2.469602
849, 16, 1.129258
849, 17, 3.229515
849, 18, 3.587153
849, 19, 2.589026
849, 20, 4.291667
849, 21, 0.436530
849, 22, 2.161510
849, 23, 1.270559
849, 24, 1.124930
849, 25, 2.046121
849, 26, 1.010701
849, 27, 0.812977
849, 28, 1.980528
849, 29, 1.916051
849, 30, 0.668950
849, 31, 2.586333
849, 32, 0.422124
849, 33, 2.745987
849, 34, 2.378461
849, 35, 2.613486
849, 36, 2.300133
849, 37, 1.498389
849, 38, 0.375477
849, 39, 1.565520
849, 40, 2.690736
849, 41, 1.748439
849, 42, 1.011686
849, 43, 1.442728
849, 44, 0.519650
849, 45, 1.444910
849, 46, 2.289304
849, 47, 1.415481
849, 48, 2.597119
849, 49, -0.160065
849, 50, 2.174345
849, 51, 0.485420
849, 52, 1.514256
849, 53, -0.000015
849, 54, 2.750086
849, 55, 3.170300
849, 56, 2.524807
849, 57, 2.971478
849, 58, 0.829374
849, 59, 1.691667
849, 60, 0.000000
849, 61, 1.402721
849, 62, 2.046885
849, 63, 1.722669
849, 64, 2.057648
849, 65, 3.463084
849, 66, 1.750670
849, 67, 2.511020
849, 68, 1.571999
849, 69, 2.720084
849, 70, 2.954894
849, 71, 2.583023
849, 72, 3.797605
849, 73, 3.219754
849, 74, 1.580833
849, 75, 1.934788
849, 76, 1.049166
849, 77, 1.420346
849, 78, 1.805377
849, 79, 2.797782
849, 80, 2.671889
849, 81, 1.710896
849, 82, -0.106505
849, 83, 1.229644
849, 84, 0.939994
849, 85, 3.020050
849, 86, 3.302796
849, 87, 2.340109
849, 88, 1.403196
849, 89, 0.544654
849, 90, 1.203636
849, 91, 1.331849
849, 92, 0.672629
849, 93, 2.657858
849, 94, 1.674527
849, 95, 0.943233
849, 96, 1.643980
849, 97, 4.306901
849, 98, 2.161023
849, 99, 1.083238
849, 100, 0.792004
849, 101, -0.031273
849, 102, 1.865048
849, 103, 0.000000
849, 104, 3.477182
849, 105, 2.840007
849, 106, 1.431670
849, 107, 1.938808
849, 108, -0.090013
849, 109, 0.376557
849, 110, 1.771988
849, 111, 0.816670
849, 112, 1.185186
849, 113, 3.555873
849, 114, 1.041432
849, 115, 1.992633
849, 116, 1.445196
849, 117, 2.384792
849, 118, 1.606960
849, 119, 1.334032
849, 120, 2.301379
849, 121, 3.700529
849, 122, 2.491351
849, 123, 0.346461
849, 124, 2.149926
849, 125, 4.282881
849, 126, 1.220920
849, 127, 0.838413
849, 128, 0.512609
849, 129, 0.068566
849, 130, 1.536904
849, 131, 1.765901
849, 132, 1.469588
849, 133, 0.158527
849, 134, 1.165754
849, 135, 0.744959
849, 136, -0.000010
849, 137, 1.547706
849, 138, 0.987940
849, 139, 0.937750
849, 140, 3.511473
849, 141, 2.345865
849, 142, 3.129777
849, 143, 1.960403
849, 144, 1.508965
849, 145, 1.077613
849, 146, 1.966183
849, 147, 3.911261
849, 148, 2.480981
849, 149, 3.531246
849, 150, 1.562608
849, 151, 1.920614
849, 152, 2.086525
849, 153, 0.000000
849, 154, 1.593774
849, 155, 2.281430
849, 156, -0.010000
849, 157, 3.007373
849, 158, 1.993107
849, 159, 1.077853
849, 160, 2.953298
849, 161, 2.099707
849, 162, 3.459087
849, 163, 2.510499
849, 164, 3.343880
849, 165, 2.986640
849, 166, 3.628307
849, 167, 1.409328
849, 168, 0.324529
849, 169, 1.776943
849, 170, 1.509260
849, 171, 2.805811
849, 172, 2.630137
849, 173, 2.610556
849, 174, 2.122113
849, 175, 1.474262
849, 176, 3.356693
849, 177, 2.474915
849, 178, 0.529260
849, 179, 3.044424
849, 180, 3.511251
849, 181, 0.837788
849, 182, 3.133410
849, 183, -0.040000
849, 184, 0.631502
849, 185, 1.880346
849, 186, 3.375755
849, 187, 0.000000
849, 188, 2.141414
849, 189, 2.849137
849, 190, 2.387929
849, 191, 0.717938
849, 192, 2.132242
849, 193, 2.743315
849, 194, 1.537416
849, 195, -0.281320
849, 196, 3.982623
849, 197, 2.393737
849, 198, 2.276181
849, 199, 1.457807
851, 0, 1.503664
851, 1, 1.547395
851, 2, 2.321734
851, 3, 1.150856
851, 4, -0.339888
851, 5, 2.015900
851, 6, -0.000013
851, 7, 1.283830
851, 8, 3.386812
851, 9, 1.717014
851, 10, 1.799209
851, 11, 2.271102
851, 12, 2.538750
851, 13, 0.000000
851, 14, 2.628830
851, 15, 2.455730
851, 16, 1.129258
851, 17, 3.231838
851, 18, 3.587545
851, 19, 2.589026
851, 20, 4.283875
851, 21, 0.436530
851, 22, 2.161510
851, 23, 1.270559
851, 24, 1.162243
851, 25, 2.046121
851, 26, 1.010701
851, 27, 0.812977
851, 28, 1.981591
851, 29, 1.916396
851, 30, 0.668950
851, 31, 2.581687
851, 32, 0.422124
851, 33, 2.711286
851, 34, 2.385336
851, 35, 2.613498
851, 36, 2.299684
851, 37, 1.640090
851, 38, 0.375477
851, 39, 1.572457
851, 40, 2.690736
851, 41, 1.748531
851, 42, 1.011686
851, 43, 1.442728
851, 44, 0.519650
851, 45, 1.456383
851, 46, 2.305469
851, 47, 1.415481
851, 48, 2.596390
851, 49, -0.160065
851, 50, 2.174345
851, 51, 0.485420
851, 52, 1.514256
851, 53, -0.000015
851, 54, 2.759534
851, 55, 3.168728
851, 56, 2.525464
851, 57, 2.971577
851, 58, 0.829374
851, 59, 1.691667
851, 60, 0.000000
851, 61, 1.402721
851, 62, 2.046886
851, 63, 1.722669
851, 64, 2.057648
851, 65, 3.458796
851, 66, 1.750670
851, 67, 2.511020
851, 68, 1.571999
851, 69, 2.720091
851, 70, 2.951813
851, 71, 2.583027
851, 72, 3.797860
851, 73, 3.218237
851, 74, 1.580833
851, 75, 1.934788
851, 76, 1.049166
851, 77, 1.420346
851, 78, 1.805377
851, 79, 2.797782
851, 80, 2.671822
851, 81, 1.710896
851, 82, -0.114143
851, 83, 1.229641
851, 84, 0.939994
851, 85, 3.020049
851, 86, 3.247882
851, 87, 2.340109
851, 88, 1.403196
851, 89, 0.544654
851, 90, 1.203635
851, 91, 1.406093
851, 92, 0.672629
851, 93, 2.658345
851, 94, 1.667485
851, 95, 0.944248
851, 96, 1.663896
851, 97, 4.304690
851, 98, 2.177450
851, 99, 1.083238
851, 100, 0.792004
851, 101, -0.031273
851, 102, 1.865048
851, 103, 0.000000
851, 104, 3.474595
851, 105, 2.849181
851, 106, 1.431670
851, 107, 1.895278
851, 108, -0.090013
851, 109, 0.376557
851, 110, 1.771988
851, 111, 0.816712
851, 112, 1.185186
851, 113, 3.556093
851, 114, 1.041432
851, 115, 2.079463
851, 116, 1.445196
851, 117, 2.384793
851, 118, 1.594201
851, 119, 1.334032
851, 120, 2.301379
851, 121, 3.621500
851, 122, 2.491351
851, 123, 0.346461
851, 124, 2.149925
851, 125, 4.255093
851, 126, 1.220783
851, 127, 0.838413
851, 128, 0.512609
851, 129, 0.068566
851, 130, 1.536904
851, 131, 1.765901
851, 132, 1.469588
851, 133, 0.158527
851, 134, 1.165754
851, 135, 0.744959
851, 136, -0.000010
851, 137, 1.547561
851, 138, 0.987940
851, 139, 0.937750
851, 140, 3.517089
851, 141, 2.345865
851, 142, 3.143620
851, 143, 1.954550
851, 144, 1.508965
851, 145, 1.077613
851, 146, 1.966183
851, 147, 3.901111
851, 148, 2.480981
851, 149, 3.711084
851, 150, 1.682628
851, 151, 2.073098
851, 152, 2.227715
851, 153, 0.000000
851, 154, 1.593774
851, 155, 2.281430
851, 156, -0.010000
851, 157, 3.018645
851, 158, 1.993107
851, 159, 1.077853
851, 160, 2.942733
851, 161, 2.099707
851, 162, 3.460402
851, 163, 2.510499
851, 164, 3.343880
851, 165, 2.987633
851, 166, 3.626545
851, 167, 1.409328
851, 168, 0.324529
851, 169, 1.776392
851, 170, 1.509260
851, 171, 2.813316
851, 172, 2.647426
851, 173, 2.610791
851, 174, 2.147014
851, 175, 1.474262
851, 176, 3.357230
851, 177, 2.480516
851, 178, 0.529260
851, 179, 3.043832
851, 180, 3.515336
851, 181, 0.837788
851, 182, 3.133410
851, 183, -0.040000
851, 184, 0.631502
851, 185, 1.880346
851, 186, 3.389090
851, 187, 0.000000
851, 188, 2.132190
851, 189, 2.901932
851, 190, 2.387929
851, 191, 0.717938
851, 192, 2.116975
851, 193, 2.734893
851, 194, 1.537414
851, 195, -0.281317
851, 196, 3.981229
851, 197, 2.393737
851, 198, 2.276124
851, 199, 1.457807
853, 0, 1.503664
853, 1, 1.547395
853, 2, 2.270507
853, 3, 1.150858
853, 4, -0.339888
853, 5, 2.015512
853, 6, -0.000013
853, 7, 1.283832
853, 8, 3.349433
853, 9, 1.717014
853, 10, 1.799210
853, 11, 2.271102
853, 12, 2.535382
853, 13, 0.000000
853, 14, 2.628821
853, 15, 2.502854
853, 16, 1.129258
853, 17, 3.223668
853, 18, 3.587314
853, 19, 2.589026
853, 20, 4.295249
853, 21, 0.436530
853, 22, 2.161510
853, 23, 1.270559
853, 24, 1.199049
853, 25, 2.046121
853, 26, 1.010701
853, 27, 0.812977
853, 28, 1.982259
853, 29, 1.916396
853, 30, 0.668950
853, 31, 2.578081
853, 32, 0.422124
853, 33, 2.701507
853, 34, 2.336436
853, 35, 2.613468
853, 36, 2.296916
853, 37, 1.656401
853, 38, 0.375477
853, 39, 1.572457
853, 40, 2.690736
853, 41, 1.748657
853, 42, 1.011686
853, 43, 1.442728
853, 44, 0.519650
853, 45, 1.454426
853, 46, 2.310182
853, 47, 1.415481
853, 48, 2.595272
853, 49, -0.160065
853, 50, 2.174345
853, 51, 0.485420
853, 52, 1.514256
853, 53, -0.000015
853, 54, 2.762878
853, 55, 3.169480
853, 56, 2.530562
853, 57, 2.971647
853, 58, 0.829374
853, 59, 1.691667
853, 60, 0.000000
853, 61, 1.402721
853, 62, 2.046886
853, 63, 1.722669
853, 64, 2.057648
853, 65, 3.461001
853, 66, 1.750670
853, 67, 2.511020
853, 68, 1.571999
853, 69, 2.720091
853, 70, 2.950609
853, 71, 2.583028
853, 72, 3.798585
853, 73, 3.217021
853, 74, 1.580833
853, 75, 1.934788
853, 76, 1.049166
853, 77, 1.420346
853, 78, 1.805377
853, 79, 2.797783
853, 80, 2.671395
853, 81, 1.710896
853, 82, -0.115934
853, 83, 1.229637
853, 84, 0.939994
853, 85, 3.020049
853, 86, 3.266655
853, 87, 2.334270
853, 88, 1.403196
853, 89, 0.544654
853, 90, 1.203635
853, 91, 1.393376
853, 92, 0.672629
853, 93, 2.650990
853, 94, 1.661987
853, 95, 0.946036
853, 96, 1.643932
853, 97, 4.306176
853, 98, 2.147264
853, 99, 1.083238
853, 100, 0.792004
853, 101, -0.031273
853, 102, 1.865048
853, 103, 0.000000
853, 104, 3.489183
853, 105, 2.847833
853, 106, 1.431670
853, 107, 1.913020
853, 108, -0.090013
853, 109, 0.376557
853, 110, 1.771988
853, 111, 0.816892
853, 112, 1.185186
853, 113, 3.526726
853, 114, 1.041432
853, 115, 1.985582
853, 116, 1.445196
853, 117, 2.384792
853, 118, 1.579833
853, 119, 1.334032
853, 120, 2.301379
853, 121, 3.686332
853, 122, 2.491351
853, 123, 0.346461
853, 124, 2.149925
853, 125, 4.288798
853, 126, 1.220776
853, 127, 0.838413
853, 128, 0.512609
853, 129, 0.068566
853, 130, 1.536904
853, 131, 1.765901
853, 132, 1.469588
853, 133, 0.158527
853, 134, 1.165754
853, 135, 0.744959
853, 136, -0.000010
853, 137, 1.547499
853, 138, 0.987940
853, 139, 0.937750
853, 140, 3.497841
853, 141, 2.345865
853, 142, 3.151632
853, 143, 1.952040
853, 144, 1.508965
853, 145, 1.077613
853, 146, 1.966183
853, 147, 3.911886
853, 148, 2.480981
853, 149, 3.530645
853, 150, 1.562608
853, 151, 1.912026
853, 152, 2.086525
853, 153, 0.000000
853, 154, 1.593774
853, 155, 2.281430
853, 156, -0.010000
853, 157, 3.007373
853, 158, 1.993107
853, 159, 1.077853
853, 160, 2.906419
853, 161, 2.099707
853, 162, 3.460099
853, 163, 2.510499
853, 164, 3.343880
853, 165, 2.987014
853, 166, 3.632105
853, 167, 1.409328
853, 168, 0.324529
853, 169, 1.775442
853, 170, 1.509260
853, 171, 2.820567
853, 172, 2.609427
853, 173, 2.609650
853, 174, 2.148238
853, 175, 1.474262
853, 176, 3.356692
853, 177, 2.482689
853, 178, 0.529260
853, 179, 3.047429
853, 180, 3.469074
853, 181, 0.837788
853, 182, 3.133410
853, 183, -0.040000
853, 184, 0.631502
853, 185, 1.880346
853, 186, 3.365368
853, 187, 0.000000
853, 188, 2.124119
853, 189, 2.794393
853, 190, 2.387929
853, 191, 0.717938
853, 192, 2.103223
853, 193, 2.742580
853, 194, 1.537413
853, 195, -0.281318
853, 196, 3.981746
853, 197, 2.393737
853, 198, 2.276072
853, 199, 1.457808
855, 0, 1.503664
855, 1, 1.547395
855, 2, 2.282639
855, 3, 1.150858
855, 4, -0.339888
855, 5, 2.017542
855, 6, -0.000013
855, 7, 1.283833
855, 8, 3.365915
855, 9, 1.717014
855, 10, 1.799210
855, 11, 2.271102
855, 12, 2.547358
855, 13, 0.000000
855, 14, 2.628794
855, 15, 2.460683
855, 16, 1.129258
855, 17, 3.211102
855, 18, 3.589153
855, 19, 2.589026
855, 20, 4.264364
855, 21, 0.436530
855, 22, 2.161510
855, 23, 1.270559
855, 24, 1.232920
855, 25, 2.046121
855, 26, 1.011238
855, 27, 0.812977
855, 28, 1.982679
855, 29, 1.912762
855, 30, 0.668950
855, 31, 2.588546
855, 32, 0.422124
855, 33, 2.750386
855, 34, 2.394667
855, 35, 2.613428
855, 36, 2.299881
855, 37, 1.744735
855, 38, 0.375477
855, 39, 1.572457
855, 40, 2.690736
855, 41, 1.748787
855, 42, 1.011686
855, 43, 1.442728
855, 44, 0.519650
855, 45, 1.450106
855, 46, 2.329635
855, 47, 1.415481
855, 48, 2.598614
855, 49, -0.160065
855, 50, 2.174345
855, 51, 0.485420
855, 52, 1.514256
855, 53, -0.000015
855, 54, 2.759942
855, 55, 3.167595
855, 56, 2.534621
855, 57, 2.971709
855, 58, 0.829374
855, 59, 1.691667
855, 60, 0.000000
855, 61, 1.402721
855, 62, 2.046885
855, 63, 1.722669
855, 64, 2.057648
855, 65, 3.446680
855, 66, 1.750670
855, 67, 2.511020
855, 68, 1.571999
855, 69, 2.720106
855, 70, 2.954943
855, 71, 2.583028
855, 72, 3.797803
855, 73, 3.220013
855, 74, 1.580833
855, 75, 1.934788
855, 76, 1.049166
855, 77, 1.420346
855, 78, 1.805377
855, 79, 2.797782
855, 80, 2.672220
855, 81, 1.710896
855, 82, -0.112949
855, 83, 1.229634
855, 84, 0.939994
855, 85, 3.020049
855, 86, 3.296288
855, 87, 2.334270
855, 88, 1.403196
855, 89, 0.544654
855, 90, 1.203637
855, 91, 1.356348
855, 92, 0.672629
855, 93, 2.660939
855, 94, 1.659859
855, 95, 0.941248
855, 96, 1.668086
855, 97, 4.287784
855, 98, 2.151028
855, 99, 1.083238
855, 100, 0.792004
855, 101, -0.031273
855, 102, 1.865048
855, 103, 0.000000
855, 104, 3.486664
855, 105, 2.843624
855, 106, 1.431670
855, 107, 1.909794
855, 108, -0.090013
855, 109, 0.376557
855, 110, 1.771988
855, 111, 0.816582
855, 112, 1.185186
855, 113, 3.555568
855, 114, 1.041432
855, 115, 2.007930
855, 116, 1.445196
855, 117, 2.384792
855, 118, 1.613603
855, 119, 1.334032
855, 120, 2.301379
855, 121, 3.684480
855, 122, 2.491351
855, 123, 0.346461
855, 124, 2.149925
855, 125, 4.290059
855, 126, 1.220877
855, 127, 0.838413
855, 128, 0.512609
855, 129, 0.068566
855, 130, 1.536904
855, 131, 1.765901
855, 132, 1.469588
855, 133, 0.158527
855, 134, 1.165754
855, 135, 0.744959
855, 136, -0.000010
855, 137, 1.547482
855, 138, 0.987940
855, 139, 0.937750
855, 140, 3.510856
855, 141, 2.345865
855, 142, 3.155993
855, 143, 1.955140
855, 144, 1.508965
855, 145, 1.077613
855, 146, 1.966183
855, 147, 3.903971
855, 148, 2.480981
855, 149, 3.531280
855, 150, 1.562608
855, 151, 1.918333
855, 152, 2.086525
855, 153, 0.000000
855, 154, 1.593774
855, 155, 2.281431
855, 156, -0.010000
855, 157, 3.007362
855, 158, 1.993107
855, 159, 1.077853
855, 160, 2.863080
855, 161, 2.099707
855, 162, 3.456409
855, 163, 2.510499
855, 164, 3.343881
855, 165, 2.985368
855, 166, 3.624769
855, 167, 1.409328
855, 168, 0.324529
855, 169, 1.775074
855, 170, 1.509260
855, 171, 2.796041
855, 172, 2.618383
855, 173, 2.612170
855, 174, 2.143323
855, 175, 1.474262
855, 176, 3.356692
855, 177, 2.488612
855, 178, 0.529260
855, 179, 3.046766
855, 180, 3.514365
855, 181, 0.837788
855, 182, 3.133410
855, 183, -0.040000
855, 184, 0.631502
855, 185, 1.880345
855, 186, 3.360435
855, 187, 0.000000
855, 188, 2.139199
855, 189, 2.851440
855, 190, 2.387929
855, 191, 0.717938
855, 192, 2.128091
855, 193, 2.742048
855, 194, 1.537412
855, 195, -0.281319
855, 196, 3.982118
855, 197, 2.393737
855, 198, 2.276028
855, 199, 1.457808
857, 0, 1.503664
857, 1, 1.547395
857, 2, 2.269836
857, 3, 1.150859
857, 4, -0.339888
857, 5, 2.016917
857, 6, -0.000013
857, 7, 1.283834
857, 8, 3.361124
857, 9, 1.717014
857, 10, 1.799210
857, 11, 2.271102
857, 12, 2.546905
857, 13, 0.000000
857, 14, 2.628763
857, 15, 2.531310
857, 16, 1.129258
857, 17, 3.227716
857, 18, 3.588482
857, 19, 2.589026
857, 20, 4.295917
857, 21, 0.436530
857, 22, 2.161510
857, 23, 1.270559
857, 24, 1.257434
857, 25, 2.046121
857, 26, 1.012966
857, 27, 0.812977
857, 28, 1.982943
857, 29, 1.912050
857, 30, 0.668950
857, 31, 2.588151
857, 32, 0.422124
857, 33, 2.717817
857, 34, 2.372586
857, 35, 2.613384
857, 36, 2.303840
857, 37, 1.626752
857, 38, 0.375477
857, 39, 1.572457
857, 40, 2.690736
857, 41, 1.748901
857, 42, 1.011686
857, 43, 1.442728
857, 44, 0.519650
857, 45, 1.449440
857, 46, 2.330224
857, 47, 1.415481
857, 48, 2.597093
857, 49, -0.160065
857, 50, 2.174345
857, 51, 0.485420
857, 52, 1.514256
857, 53, -0.000015
857, 54, 2.771142
857, 55, 3.170726
857, 56, 2.530791
857, 57, 2.971767
857, 58, 0.829374
857, 59, 1.691667
857, 60, 0.000000
857, 61, 1.402721
857, 62, 2.046885
857, 63, 1.722669
857, 64, 2.057648
857, 65, 3.450994
857, 66, 1.750670
857, 67, 2.511020
857, 68, 1.571999
857, 69, 2.720112
857, 70, 2.954808
857, 71, 2.583029
857, 72, 3.798662
857, 73, 3.219780
857, 74, 1.580833
857, 75, 1.934788
857, 76, 1.049166
857, 77, 1.420346
857, 78, 1.805377
857, 79, 2.797782
857, 80, 2.672292
857, 81, 1.710896
857, 82, -0.112450
857, 83, 1.229631
857, 84, 0.939994
857, 85, 3.020049
857, 86, 3.280102
857, 87, 2.334270
857, 88, 1.403196
857, 89, 0.544654
857, 90, 1.203637
857, 91, 1.370569
857, 92, 0.672629
857, 93, 2.646219
857, 94, 1.661660
857, 95, 0.945758
857, 96, 1.643566
857, 97, 4.306267
857, 98, 2.152911
857, 99, 1.083238
857, 100, 0.792004
857, 101, -0.031273
857, 102, 1.865048
857, 103, 0.000000
857, 104, 3.483084
857, 105, 2.846440
857, 106, 1.431670
857, 107, 1.926283
857, 108, -0.090013
857, 109, 0.376557
857, 110, 1.771988
857, 111, 0.816149
857, 112, 1.185186
857, 113, 3.544672
857, 114, 1.041432
857, 115, 1.983976
857, 116, 1.445196
857, 117, 2.384792
857, 118, 1.606315
857, 119, 1.334032
857, 120, 2.301379
857, 121, 3.670705
857, 122, 2.491351
857, 123, 0.346461
857, 124, 2.149925
857, 125, 4.287609
857, 126, 1.220990
857, 127, 0.838413
857, 128, 0.512609
857, 129, 0.068566
857, 130, 1.536904
857, 131, 1.765901
857, 132, 1.469588
857, 133, 0.158527
857, 134, 1.165754
857, 135, 0.744959
857, 136, -0.000010
857, 137, 1.547482
857, 138, 0.987940
857, 139, 0.937750
857, 140, 3.512322
857, 141, 2.345865
857, 142, 3.159196
857, 143, 1.951223
857, 144, 1.508965
857, 145, 1.077613
857, 146, 1.966183
857, 147, 3.903923
857, 148, 2.480981
857, 149, 3.530981
857, 150, 1.562608
857, 151, 1.919275
857, 152, 2.086525
857, 153, 0.000000
857, 154, 1.593774
857, 155, 2.281431
857, 156, -0.010000
857, 157, 3.007370
857, 158, 1.993107
857, 159, 1.077853
857, 160, 2.921806
857, 161, 2.099707
857, 162, 3.457829
857, 163, 2.510499
857, 164, 3.343881
857, 165, 2.986689
857, 166, 3.624158
857, 167, 1.409328
857, 168, 0.324529
857, 169, 1.775623
857, 170, 1.509260
857, 171, 2.818041
857, 172, 2.645039
857, 173, 2.609430
857, 174, 2.141074
857, 175, 1.474262
857, 176, 3.360741
857, 177, 2.494225
857, 178, 0.529260
857, 179, 3.048746
857, 180, 3.488275
857, 181, 0.837788
857, 182, 3.133410
857, 183, -0.040000
857, 184, 0.631502
857, 185, 1.880346
857, 186, 3.380599
857, 187, 0.000000
857, 188, 2.138513
857, 189, 2.771587
857, 190, 2.387929
857, 191, 0.717938
857, 192, 2.096289
857, 193, 2.743274
857, 194, 1.537411
857, 195, -0.281319
857, 196, 3.981930
857, 197, 2.393285
857, 198, 2.275987
857, 199, 1.457808
859, 0, 1.503664
859, 1, 1.547395
859, 2, 2.240240
859, 3, 1.150859
859, 4, -0.339888
859, 5, 2.016863
859, 6, -0.000013
859, 7, 1.283834
859, 8, 3.351617
859, 9, 1.717014
859, 10, 1.799210
859, 11, 2.271102
859, 12, 2.541964
859, 13, 0.000000
859, 14, 2.628730
859, 15, 2.548338
859, 16, 1.129258
859, 17, 3.226560
859, 18, 3.576606
859, 19, 2.589026
859, 20, 4.261894
859, 21, 0.436530
859, 22, 2.161510
859, 23, 1.270559
859, 24, 1.287224
859, 25, 2.046121
859, 26, 1.007388
859, 27, 0.812977
859, 28, 1.983108
859, 29, 1.911497
859, 30, 0.668950
859, 31, 2.583108
859, 32, 0.422124
859, 33, 2.716106
859, 34, 2.358538
859, 35, 2.613339
859, 36, 2.305393
859, 37, 1.694294
859, 38, 0.375477
859, 39, 1.572457
859, 40, 2.690736
859, 41, 1.749025
859, 42, 1.011686
859, 43, 1.442728
859, 44, 0.519650
859, 45, 1.449167
859, 46, 2.338133
859, 47, 1.415481
859, 48, 2.594264
859, 49, -0.160065
859, 50, 2.174345
859, 51, 0.485420
859, 52, 1.514256
859, 53, -0.000015
859, 54, 2.740151
859, 55, 3.162509
859, 56, 2.531139
859, 57, 2.971822
859, 58, 0.829374
859, 59, 1.691667
859, 60, 0.000000
859, 61, 1.402721
859, 62, 2.046885
859, 63, 1.722669
859, 64, 2.057648
859, 65, 3.459918
859, 66, 1.750670
859, 67, 2.511020
859, 68, 1.571999
859, 69, 2.720122
859, 70, 2.952844
859, 71, 2.583029
859, 72, 3.798422
859, 73, 3.218101
859, 74, 1.580833
859, 75, 1.934788
859, 76, 1.049166
859, 77, 1.420346
859, 78, 1.805377
859, 79, 2.797782
859, 80, 2.672025
859, 81, 1.710896
859, 82, -0.112217
859, 83, 1.229630
859, 84, 0.939994
859, 85, 3.020050
859, 86, 3.295891
859, 87, 2.334270
859, 88, 1.403196
859, 89, 0.544654
859, 90, 1.203638
859, 91, 1.354347
859, 92, 0.672629
859, 93, 2.650920
859, 94, 1.667164
859, 95, 0.948432
859, 96, 1.664601
859, 97, 4.286841
859, 98, 2.157821
859, 99, 1.083238
859, 100, 0.792004
859, 101, -0.031273
859, 102, 1.865048
859, 103, 0.000000
859, 104, 3.481954
859, 105, 2.844618
859, 106, 1.431670
859, 107, 1.921093
859, 108, -0.090013
859, 109, 0.376557
859, 110, 1.771988
859, 111, 0.815924
859, 112, 1.185186
859, 113, 3.495626
859, 114, 1.041432
859, 115, 2.006981
859, 116, 1.427192
859, 117, 2.384792
859, 118, 1.611080
859, 119, 1.334032
859, 120, 2.301379
859, 121, 3.596471
859, 122, 2.491351
859, 123, 0.346461
859, 124, 2.149926
859, 125, 4.264412
859, 126, 1.221131
859, 127, 0.838413
859, 128, 0.512609
859, 129, 0.068566
859, 130, 1.536904
859, 131, 1.765902
859, 132, 1.469588
859, 133, 0.158527
859, 134, 1.165754
859, 135, 0.744959
859, 136, -0.000010
859, 137, 1.547496
859, 138, 0.987940
859, 139, 0.937750
859, 140, 3.516328
859, 141, 2.345865
859, 142, 3.155344
859, 143, 1.951223
859, 144, 1.508965
859, 145, 1.077613
859, 146, 1.966183
859, 147, 3.906609
859, 148, 2.480981
859, 149, 3.531307
859, 150, 1.562608
859, 151, 1.925775
859, 152, 2.086525
859, 153, 0.000000
859, 154, 1.593774
859, 155, 2.281430
859, 156, -0.010000
859, 157, 3.007381
859, 158, 1.993107
859, 159, 1.077853
859, 160, 2.911376
859, 161, 2.099707
859, 162, 3.460765
859, 163, 2.510499
859, 164, 3.343881
859, 165, 2.986488
859, 166, 3.618174
859, 167, 1.409328
859, 168, 0.324529
859, 169, 1.775807
859, 170, 1.509260
859, 171, 2.797489
859, 172, 2.627312
859, 173, 2.612084
859, 174, 2.154956
859, 175, 1.474262
859, 176, 3.356693
859, 177, 2.480237
859, 178, 0.529260
859, 179, 3.041453
859, 180, 3.437650
859, 181, 0.837788
859, 182, 3.133410
859, 183, -0.040000
859, 184, 0.631502
859, 185, 1.880346
859, 186, 3.365288
859, 187, 0.000000
859, 188, 2.129674
859, 189, 2.800214
859, 190, 2.387929
859, 191, 0.717938
859, 192, 2.125400
859, 193, 2.741773
859, 194, 1.537411
859, 195, -0.281320
859, 196, 3.982654
859, 197, 2.393285
859, 198, 2.275952
859, 199, 1.457808
861, 0, 1.503664
861, 1, 1.547395
861, 2, 2.295809
861, 3, 1.150856
861, 4, -0.339888
861, 5, 2.017875
861, 6, -0.000013
861, 7, 1.283830
861, 8, 3.392853
861, 9, 1.717014
861, 10, 1.799209
861, 11, 2.271102
861, 12, 2.536685
861, 13, 0.000000
861, 14, 2.628701
861, 15, 2.607738
861, 16, 1.129258
861, 17, 3.210596
861, 18, 3.585699
861, 19, 2.604290
861, 20, 4.295161
861, 21, 0.436530
861, 22, 2.161510
861, 23, 1.270559
861, 24, 1.287213
861, 25, 2.046121
861, 26, 1.007388
861, 27, 0.812977
861, 28, 1.983206
861, 29, 1.908267
861, 30, 0.668950
861, 31, 2.577787
861, 32, 0.422124
861, 33, 2.733071
861, 34, 2.386784
861, 35, 2.613299
861, 36, 2.303745
861, 37, 1.736603
861, 38, 0.375477
861, 39, 1.572457
861, 40, 2.690736
861, 41, 1.749132
861, 42, 1.011686
861, 43, 1.442728
861, 44, 0.519650
861, 45, 1.446144
861, 46, 2.328694
861, 47, 1.415481
861, 48, 2.593322
861, 49, -0.160065
861, 50, 2.174345
861, 51, 0.485420
861, 52, 1.514256
861, 53, -0.000015
861, 54, 2.756444
861, 55, 3.167548
861, 56, 2.534810
861, 57, 2.971879
861, 58, 0.829374
861, 59, 1.691667
861, 60, 0.000000
861, 61, 1.402721
861, 62, 2.046886
861, 63, 1.722669
861, 64, 2.057648
861, 65, 3.476748
861, 66, 1.750670
861, 67, 2.511020
861, 68, 1.571999
861, 69, 2.720137
861, 70, 2.955063
861, 71, 2.583029
861, 72, 3.795248
861, 73, 3.215027
861, 74, 1.580833
861, 75, 1.934788
861, 76, 1.049166
861, 77, 1.420346
861, 78, 1.805377
861, 79, 2.797782
861, 80, 2.672327
861, 81, 1.710896
861, 82, -0.108906
861, 83, 1.229629
861, 84, 0.939994
861, 85, 3.020050
861, 86, 3.304422
861, 87, 2.334270
861, 88, 1.403196
861, 89, 0.544654
861, 90, 1.203638
861, 91, 1.336744
861, 92, 0.672629
861, 93, 2.671848
861, 94, 1.666049
861, 95, 0.929638
861, 96, 1.643056
861, 97, 4.305234
861, 98, 2.154461
861, 99, 1.083238
861, 100, 0.792004
861, 101, -0.031273
861, 102, 1.865048
861, 103, 0.000000
861, 104, 3.486236
861, 105, 2.842577
861, 106, 1.431670
861, 107, 1.939967
861, 108, -0.090013
861, 109, 0.376557
861, 110, 1.771988
861, 111, 0.815975
861, 112, 1.185186
861, 113, 3.554019
861, 114, 1.041432
861, 115, 1.982247
861, 116, 1.427192
861, 117, 2.384792
861, 118, 1.616471
861, 119, 1.334032
861, 120, 2.301379
861, 121, 3.664091
861, 122, 2.491351
861, 123, 0.346461
861, 124, 2.149925
861, 125, 4.288082
861, 126, 1.221262
861, 127, 0.838413
861, 128, 0.512609
861, 129, 0.068566
861, 130, 1.536905
861, 131, 1.765901
861, 132, 1.469588
861, 133, 0.158527
861, 134, 1.165754
861, 135, 0.744959
861, 136, -0.000010
861, 137, 1.547509
861, 138, 0.987940
861, 139, 0.937750
861, 140, 3.519217
861, 141, 2.345864
861, 142, 3.144991
861, 143, 1.954323
861, 144, 1.508965
861, 145, 1.077613
861, 146, 1.966183
861, 147, 3.905616
861, 148, 2.480981
861, 149, 3.531220
861, 150, 1.562608
861, 151, 1.920851
861, 152, 2.086525
861, 153, 0.000000
861, 154, 1.593774
861, 155, 2.281430
861, 156, -0.010000
861, 157, 3.007367
861, 158, 1.993107
861, 159, 1.077853
861, 160, 2.863038
861, 161, 2.099707
861, 162, 3.459860
861, 163, 2.510499
861, 164, 3.343881
861, 165, 2.985554
861, 166, 3.629896
861, 167, 1.409328
861, 168, 0.324529
861, 169, 1.776058
861, 170, 1.509260
861, 171, 2.802232
861, 172, 2.630195
861, 173, 2.609189
861, 174, 2.169240
861, 175, 1.474262
861, 176, 3.356692
861, 177, 2.493004
861, 178, 0.529260
861, 179, 3.044744
861, 180, 3.515329
861, 181, 0.837788
861, 182, 3.133410
861, 183, -0.040000
861, 184, 0.631502
861, 185, 1.880346
861, 186, 3.379641
861, 187, 0.000000
861, 188, 2.129218
861, 189, 2.701923
861, 190, 2.387929
861, 191, 0.717938
861, 192, 2.108202
861, 193, 2.740702
861, 194, 1.537410
861, 195, -0.281317
861, 196, 3.981457
861, 197, 2.393553
861, 198, 2.275921
861, 199, 1.457808
863, 0, 1.503664
863, 1, 1.547395
863, 2, 2.304274
863, 3, 1.150858
863, 4, -0.339888
863, 5, 2.020036
863, 6, -0.000013
863, 7, 1.283832
863, 8, 3.393459
863, 9, 1.717014
863, 10, 1.799210
863, 11, 2.271102
863, 12, 2.534106
863, 13, 0.000000
863, 14, 2.628672
863, 15, 2.521923
863, 16, 1.129258
863, 17, 3.228771
863, 18, 3.587606
863, 19, 2.589026
863, 20, 4.224780
863, 21, 0.436530
863, 22, 2.161510
863, 23, 1.270559
863, 24, 1.274180
863, 25, 2.046121
863, 26, 1.013917
863, 27, 0.812977
863, 28, 1.980534
863, 29, 1.906518
863, 30, 0.668950
863, 31, 2.574958
863, 32, 0.422124
863, 33, 2.746509
863, 34, 2.384563
863, 35, 2.613258
863, 36, 2.299629
863, 37, 1.640034
863, 38, 0.375477
863, 39, 1.572457
863, 40, 2.690736
863, 41, 1.749232
863, 42, 1.011686
863, 43, 1.442728
863, 44, 0.519650
863, 45, 1.444528
863, 46, 2.309402
863, 47, 1.415481
863, 48, 2.597706
863, 49, -0.160065
863, 50, 2.174345
863, 51, 0.485420
863, 52, 1.514256
863, 53, -0.000015
863, 54, 2.760815
863, 55, 3.171017
863, 56, 2.530267
863, 57, 2.971936
863, 58, 0.829374
863, 59, 1.691667
863, 60, 0.000000
863, 61, 1.402721
863, 62, 2.046886
863, 63, 1.722669
863, 64, 2.057648
863, 65, 3.477050
863, 66, 1.750670
863, 67, 2.511020
863, 68, 1.571999
863, 69, 2.720153
863, 70, 2.954458
863, 71, 2.586450
863, 72, 3.796489
863, 73, 3.214080
863, 74, 1.580833
863, 75, 1.934788
863, 76, 1.049166
863, 77, 1.420346
863, 78, 1.805377
863, 79, 2.797783
863, 80, 2.672895
863, 81, 1.710896
863, 82, -0.107803
863, 83, 1.229628
863, 84, 0.939994
863, 85, 3.020050
863, 86, 3.316653
863, 87, 2.334270
863, 88, 1.403196
863, 89, 0.544654
863, 90, 1.203639
863, 91, 1.321546
863, 92, 0.672629
863, 93, 2.639003
863, 94, 1.661525
863, 95, 0.938077
863, 96, 1.669538
863, 97, 4.300147
863, 98, 2.158834
863, 99, 1.083238
863, 100, 0.792004
863, 101, -0.031273
863, 102, 1.865048
863, 103, 0.000000
863, 104, 3.492122
863, 105, 2.840771
863, 106, 1.431670
863, 107, 1.901476
863, 108, -0.090013
863, 109, 0.376557
863, 110, 1.771988
863, 111, 0.816390
863, 112, 1.185186
863, 113, 3.554668
863, 114, 1.041432
863, 115, 2.005960
863, 116, 1.427192
863, 117, 2.384792
863, 118, 1.610567
863, 119, 1.334032
863, 120, 2.301379
863, 121, 3.703116
863, 122, 2.491351
863, 123, 0.346461
863, 124, 2.149925
863, 125, 4.279752
863, 126, 1.221392
863, 127, 0.838413
863, 128, 0.512609
863, 129, 0.068566
863, 130, 1.536904
863, 131, 1.765901
863, 132, 1.469588
863, 133, 0.158527
863, 134, 1.165754
863, 135, 0.744959
863, 136, -0.000010
863, 137, 1.547520
863, 138, 0.987940
863, 139, 0.937750
863, 140, 3.518544
863, 141, 2.345864
863, 142, 3.150878
863, 143, 1.951175
863, 144, 1.508965
863, 145, 1.077613
863, 146, 1.966183
863, 147, 3.908251
863, 148, 2.480981
863, 149, 3.530346
863, 150, 1.562608
863, 151, 1.921118
863, 152, 2.086525
863, 153, 0.000000
863, 154, 1.593774
863, 155, 2.281430
863, 156, -0.010000
863, 157, 3.007353
863, 158, 1.993107
863, 159, 1.077853
863, 160, 2.923927
863, 161, 2.099707
863, 162, 3.460883
863, 163, 2.510499
863, 164, 3.343881
863, 165, 2.984921
863, 166, 3.633837
863, 167, 1.409328
863, 168, 0.324529
863, 169, 1.776534
863, 170, 1.509260
863, 171, 2.810258
863, 172, 2.643057
863, 173, 2.611990
863, 174, 2.111916
863, 175, 1.474262
863, 176, 3.356692
863, 177, 2.491054
863, 178, 0.529260
863, 179, 3.043452
863, 180, 3.517369
863, 181, 0.837788
863, 182, 3.133410
863, 183, -0.040000
863, 184, 0.631502
863, 185, 1.880346
863, 186, 3.379684
863, 187, 0.000000
863, 188, 2.121803
863, 189, 2.796366
863, 190, 2.387929
863, 191, 0.717938
863, 192, 2.075692
863, 193, 2.738480
863, 194, 1.537410
863, 195, -0.281318
863, 196, 3.982350
863, 197, 2.393553
863, 198, 2.275891
863, 199, 1.457808
865, 0, 1.503664
865, 1, 1.547395
865, 2, 2.308702
865, 3, 1.150858
865, 4, -0.339888
865, 5, 2.022113
865, 6, -0.000013
865, 7, 1.283833
865, 8, 3.399320
865, 9, 1.729049
865, 10, 1.799210
865, 11, 2.271102
865, 12, 2.527064
865, 13, 0.000000
865, 14, 2.628636
865, 15, 2.483893
865, 16, 1.129258
865, 17, 3.229744
865, 18, 3.588875
865, 19, 2.602398
865, 20, 4.267813
865, 21, 0.436530
865, 22, 2.161510
865, 23, 1.270559
865, 24, 1.257635
865, 25, 2.046121
865, 26, 1.023844
865, 27, 0.812977
865, 28, 1.978762
865, 29, 1.906192
865, 30, 0.668950
865, 31, 2.568065
865, 32, 0.422124
865, 33, 2.765506
865, 34, 2.395576
865, 35, 2.613213
865, 36, 2.299135
865, 37, 1.504616
865, 38, 0.375477
865, 39, 1.572457
865, 40, 2.690736
865, 41, 1.749315
865, 42, 1.011686
865, 43, 1.442728
865, 44, 0.519650
865, 45, 1.442933
865, 46, 2.301350
865, 47, 1.415481
865, 48, 2.595153
865, 49, -0.160065
865, 50, 2.174345
865, 51, 0.485420
865, 52, 1.514256
865, 53, -0.000015
865, 54, 2.766345
865, 55, 3.170497
865, 56, 2.522441
865, 57, 2.971986
865, 58, 0.829374
865, 59, 1.691667
865, 60, 0.000000
865, 61, 1.402721
865, 62, 2.046885
865, 63, 1.722669
865, 64, 2.057648
865, 65, 3.463310
865, 66, 1.750670
865, 67, 2.511020
865, 68, 1.571999
865, 69, 2.720163
865, 70, 2.954496
865, 71, 2.586456
865, 72, 3.795501
865, 73, 3.211893
865, 74, 1.580833
865, 75, 1.934788
865, 76, 1.049166
865, 77, 1.420346
865, 78, 1.805377
865, 79, 2.797782
865, 80, 2.673308
865, 81, 1.710896
865, 82, -0.106718
865, 83, 1.229627
865, 84, 0.939994
865, 85, 3.020049
865, 86, 3.318991
865, 87, 2.334270
865, 88, 1.403196
865, 89, 0.544654
865, 90, 1.203640
865, 91, 1.316068
865, 92, 0.672629
865, 93, 2.670514
865, 94, 1.658227
865, 95, 0.928262
865, 96, 1.637168
865, 97, 4.306662
865, 98, 2.165229
865, 99, 1.083238
865, 100, 0.792004
865, 101, -0.031273
865, 102, 1.865048
865, 103, 0.000000
865, 104, 3.492050
865, 105, 2.840126
865, 106, 1.431670
865, 107, 1.878255
865, 108, -0.090013
865, 109, 0.376557
865, 110, 1.771988
865, 111, 0.816978
865, 112, 1.185186
865, 113, 3.554145
865, 114, 1.041432
865, 115, 1.980247
865, 116, 1.427192
865, 117, 2.384792
865, 118, 1.600865
865, 119, 1.334032
865, 120, 2.301379
865, 121, 3.592294
865, 122, 2.491351
865, 123, 0.346461
865, 124, 2.149925
865, 125, 4.257116
865, 126, 1.221527
865, 127, 0.838413
865, 128, 0.512609
865, 129, 0.068566
865, 130, 1.536904
865, 131, 1.765902
865, 132, 1.469588
865, 133, 0.158527
865, 134, 1.165754
865, 135, 0.744959
865, 136, -0.000010
865, 137, 1.547534
865, 138, 0.987940
865, 139, 0.937750
865, 140, 3.523590
865, 141, 2.345865
865, 142, 3.148006
865, 143, 1.951320
865, 144, 1.508965
865, 145, 1.077613
865, 146, 1.966183
865, 147, 3.904783
865, 148, 2.480981
865, 149, 3.531194
865, 150, 1.562608
865, 151, 1.925843
865, 152, 2.086525
865, 153, 0.000000
865, 154, 1.593774
865, 155, 2.281431
865, 156, -0.010000
865, 157, 3.007321
865, 158, 1.993107
865, 159, 1.077853
865, 160, 2.947841
865, 161, 2.099707
865, 162, 3.452570
865, 163, 2.510499
865, 164, 3.343881
865, 165, 2.984508
865, 166, 3.633750
865, 167, 1.409328
865, 168, 0.324529
865, 169, 1.777134
865, 170, 1.509260
865, 171, 2.820028
865, 172, 2.605489
865, 173, 2.608902
865, 174, 2.125493
865, 175, 1.474262
865, 176, 3.367048
865, 177, 2.490581
865, 178, 0.529260
865, 179, 3.040614
865, 180, 3.512065
865, 181, 0.837788
865, 182, 3.133410
865, 183, -0.040000
865, 184, 0.631502
865, 185, 1.880346
865, 186, 3.385563
865, 187, 0.000000
865, 188, 2.146637
865, 189, 2.825138
865, 190, 2.387929
865, 191, 0.717938
865, 192, 2.133483
865, 193, 2.738790
865, 194, 1.537411
865, 195, -0.281319
865, 196, 3.982297
865, 197, 2.394242
865, 198, 2.275859
865, 199, 1.457808
867, 0, 1.503664
867, 1, 1.547395
867, 2, 2.327487
867, 3, 1.150859
867, 4, -0.339888
867, 5, 2.025004
867, 6, -0.000013
867, 7, 1.283832
867, 8, 3.392043
867, 9, 1.717014
867, 10, 1.799210
867, 11, 2.271102
867, 12, 2.529593
867, 13, 0.000000
867, 14, 2.628612
867, 15, 2.523561
867, 16, 1.129258
867, 17, 3.228692
867, 18, 3.587189
867, 19, 2.609282
867, 20, 4.204307
867, 21, 0.436530
867, 22, 2.161510
867, 23, 1.270559
867, 24, 1.240714
867, 25, 2.046121
867, 26, 1.034758
867, 27, 0.812977
867, 28, 1.978786
867, 29, 1.903369
867, 30, 0.668950
867, 31, 2.569930
867, 32, 0.422124
867, 33, 2.781029
867, 34, 2.383087
867, 35, 2.613176
867, 36, 2.298711
867, 37, 1.590908
867, 38, 0.375477
867, 39, 1.572457
867, 40, 2.690736
867, 41, 1.749411
867, 42, 1.011686
867, 43, 1.442728
867, 44, 0.519650
867, 45, 1.440338
867, 46, 2.284504
867, 47, 1.415481
867, 48, 2.601125
867, 49, -0.160065
867, 50, 2.174345
867, 51, 0.485420
867, 52, 1.514256
867, 53, -0.000015
867, 54, 2.781285
867, 55, 3.169408
867, 56, 2.529468
867, 57, 2.972042
867, 58, 0.829374
867, 59, 1.691667
867, 60, 0.000000
867, 61, 1.402721
867, 62, 2.046885
867, 63, 1.722669
867, 64, 2.057648
867, 65, 3.503593
867, 66, 1.750670
867, 67, 2.511020
867, 68, 1.571999
867, 69, 2.720163
867, 70, 2.954660
867, 71, 2.583998
867, 72, 3.794380
867, 73, 3.212391
867, 74, 1.580833
867, 75, 1.934788
867, 76, 1.049166
867, 77, 1.420346
867, 78, 1.805377
867, 79, 2.797782
867, 80, 2.673830
867, 81, 1.710896
867, 82, -0.105006
867, 83, 1.229627
867, 84, 0.939994
867, 85, 3.020049
867, 86, 3.325943
867, 87, 2.334270
867, 88, 1.403196
867, 89, 0.544654
867, 90, 1.203638
867, 91, 1.306719
867, 92, 0.672629
867, 93, 2.677644
867, 94, 1.655130
867, 95, 0.907386
867, 96, 1.643817
867, 97, 4.256202
867, 98, 2.168672
867, 99, 1.083238
867, 100, 0.792004
867, 101, -0.031273
867, 102, 1.865048
867, 103, 0.000000
867, 104, 3.502632
867, 105, 2.839626
867, 106, 1.431670
867, 107, 1.893552
867, 108, -0.090013
867, 109, 0.376557
867, 110, 1.771988
867, 111, 0.817647
867, 112, 1.185186
867, 113, 3.553933
867, 114, 1.041432
867, 115, 2.004779
867, 116, 1.427192
867, 117, 2.384793
867, 118, 1.608752
867, 119, 1.334032
867, 120, 2.301379
867, 121, 3.660379
867, 122, 2.491351
867, 123, 0.346461
867, 124, 2.149925
867, 125, 4.285104
867, 126, 1.221671
867, 127, 0.838413
867, 128, 0.512609
867, 129, 0.068566
867, 130, 1.536905
867, 131, 1.765902
867, 132, 1.469588
867, 133, 0.158527
867, 134, 1.165754
867, 135, 0.744959
867, 136, -0.000010
867, 137, 1.547554
867, 138, 0.987940
867, 139, 0.937750
867, 140, 3.521314
867, 141, 2.345865
867, 142, 3.136625
867, 143, 1.958352
867, 144, 1.508965
867, 145, 1.077613
867, 146, 1.966183
867, 147, 3.904896
867, 148, 2.480981
867, 149, 3.530343
867, 150, 1.562608
867, 151, 1.926510
867, 152, 2.086525
867, 153, 0.000000
867, 154, 1.593774
867, 155, 2.281431
867, 156, -0.010000
867, 157, 3.007370
867, 158, 1.993107
867, 159, 1.077853
867, 160, 2.929410
867, 161, 2.099707
867, 162, 3.456884
867, 163, 2.510499
867, 164, 3.343881
867, 165, 2.983485
867, 166, 3.620336
867, 167, 1.409328
867, 168, 0.324529
867, 169, 1.777505
867, 170, 1.509260
867, 171, 2.815250
867, 172, 2.611213
867, 173, 2.611878
867, 174, 2.142902
867, 175, 1.474262
867, 176, 3.362880
867, 177, 2.499565
867, 178, 0.529260
867, 179, 3.043130
867, 180, 3.512968
867, 181, 0.837788
867, 182, 3.133410
867, 183, -0.040000
867, 184, 0.631502
867, 185, 1.880346
867, 186, 3.369385
867, 187, 0.000000
867, 188, 2.146486
867, 189, 2.757596
867, 190, 2.387929
867, 191, 0.717938
867, 192, 2.091403
867, 193, 2.738850
867, 194, 1.537411
867, 195, -0.281319
867, 196, 3.981254
867, 197, 2.396249
867, 198, 2.275833
867, 199, 1.457808
869, 0, 1.503664
869, 1, 1.547395
869, 2, 2.327744
869, 3, 1.150859
869, 4, -0.339888
869, 5, 2.027040
869, 6, -0.000013
869, 7, 1.283833
869, 8, 3.384456
869, 9, 1.717014
869, 10, 1.799210
869, 11, 2.271102
869, 12, 2.528285
869, 13, 0.000000
869, 14, 2.628583
869, 15, 2.547573
869, 16, 1.129258
869, 17, 3.226698
869, 18, 3.586497
869, 19, 2.589026
869, 20, 4.275909
869, 21, 0.436530
869, 22, 2.161510
869, 23, 1.270559
869, 24, 1.230628
869, 25, 2.046121
869, 26, 1.024467
869, 27, 0.812977
869, 28, 1.980509
869, 29, 1.902838
869, 30, 0.668950
869, 31, 2.568300
869, 32, 0.422124
869, 33, 2.785240
869, 34, 2.320043
869, 35, 2.613137
869, 36, 2.292198
869, 37, 1.569326
869, 38, 0.375477
869, 39, 1.572457
869, 40, 2.690736
869, 41, 1.749499
869, 42, 1.011686
869, 43, 1.442728
869, 44, 0.519650
869, 45, 1.439878
869, 46, 2.314559
869, 47, 1.415481
869, 48, 2.603938
869, 49, -0.160065
869, 50, 2.174345
869, 51, 0.485420
869, 52, 1.514256
869, 53, -0.000015
869, 54, 2.722290
869, 55, 3.169408
869, 56, 2.529984
869, 57, 2.972096
869, 58, 0.829374
869, 59, 1.691667
869, 60, 0.000000
869, 61, 1.402721
869, 62, 2.046885
869, 63, 1.722669
869, 64, 2.057648
869, 65, 3.466953
869, 66, 1.750670
869, 67, 2.511020
869, 68, 1.571999
869, 69, 2.720163
869, 70, 2.950079
869, 71, 2.583024
869, 72, 3.795244
869, 73, 3.211933
869, 74, 1.580833
869, 75, 1.934788
869, 76, 1.049166
869, 77, 1.420346
869, 78, 1.805377
869, 79, 2.797782
869, 80, 2.673970
869, 81, 1.710896
869, 82, -0.104355
869, 83, 1.229626
869, 84, 0.939994
869, 85, 3.020049
869, 86, 3.319976
869, 87, 2.334270
869, 88, 1.403196
869, 89, 0.544654
869, 90, 1.203637
869, 91, 1.310540
869, 92, 0.672629
869, 93, 2.637186
869, 94, 1.657542
869, 95, 0.921669
869, 96, 1.647998
869, 97, 4.306445
869, 98, 2.167790
869, 99, 1.083238
869, 100, 0.792004
869, 101, -0.031273
869, 102, 1.865048
869, 103, 0.000000
869, 104, 3.478622
869, 105, 2.840118
869, 106, 1.431670
869, 107, 1.906892
869, 108, -0.090013
869, 109, 0.376557
869, 110, 1.771988
869, 111, 0.818255
869, 112, 1.185186
869, 113, 3.548036
869, 114, 1.041432
869, 115, 1.977989
869, 116, 1.427192
869, 117, 2.384792
869, 118, 1.604525
869, 119, 1.334032
869, 120, 2.301379
869, 121, 3.678070
869, 122, 2.491351
869, 123, 0.346461
869, 124, 2.149926
869, 125, 4.288895
869, 126, 1.221825
869, 127, 0.838413
869, 128, 0.512609
869, 129, 0.068566
869, 130, 1.536905
869, 131, 1.765902
869, 132, 1.469588
869, 133, 0.158527
869, 134, 1.165754
869, 135, 0.744959
869, 136, -0.000010
869, 137, 1.547579
869, 138, 0.987940
869, 139, 0.937750
869, 140, 3.522735
869, 141, 2.345865
869, 142, 3.153026
869, 143, 1.956130
869, 144, 1.508965
869, 145, 1.077613
869, 146, 1.966183
869, 147, 3.908949
869, 148, 2.480981
869, 149, 3.531173
869, 150, 1.562608
869, 151, 1.922848
869, 152, 2.086525
869, 153, 0.000000
869, 154, 1.593774
869, 155, 2.281430
869, 156, -0.010000
869, 157, 3.007390
869, 158, 1.993107
869, 159, 1.077853
869, 160, 2.926395
869, 161, 2.099707
869, 162, 3.457248
869, 163, 2.510499
869, 164, 3.343881
869, 165, 2.983714
869, 166, 3.628106
869, 167, 1.409328
869, 168, 0.324529
869, 169, 1.778199
869, 170, 1.509260
869, 171, 2.811193
869, 172, 2.621430
869, 173, 2.608569
869, 174, 2.116409
869, 175, 1.474262
869, 176, 3.356692
869, 177, 2.502063
869, 178, 0.529260
869, 179, 3.041421
869, 180, 3.488243
869, 181, 0.837788
869, 182, 3.133410
869, 183, -0.040000
869, 184, 0.631502
869, 185, 1.880346
869, 186, 3.388042
869, 187, 0.000000
869, 188, 2.142037
869, 189, 2.814957
869, 190, 2.387929
869, 191, 0.717938
869, 192, 2.125258
869, 193, 2.742079
869, 194, 1.537411
869, 195, -0.281320
869, 196, 3.982778
869, 197, 2.393665
869, 198, 2.275805
869, 199, 1.457808
871, 0, 1.503664
871, 1, 1.547395
871, 2, 2.350520
871, 3, 1.150856
871, 4, -0.339888
871, 5, 2.025057
871, 6, -0.000013
871, 7, 1.283832
871, 8, 3.393031
871, 9, 1.717014
871, 10, 1.799209
871, 11, 2.271102
871, 12, 2.523319
871, 13, 0.000000
871, 14, 2.628556
871, 15, 2.459898
871, 16, 1.129258
871, 17, 3.227108
871, 18, 3.587317
871, 19, 2.589026
871, 20, 4.275858
871, 21, 0.436530
871, 22, 2.161510
871, 23, 1.270559
871, 24, 1.214408
871, 25, 2.046121
871, 26, 1.024467
871, 27, 0.812977
871, 28, 1.981584
871, 29, 1.907007
871, 30, 0.668950
871, 31, 2.563330
871, 32, 0.422124
871, 33, 2.705903
871, 34, 2.382977
871, 35, 2.613096
871, 36, 2.294114
871, 37, 1.648179
871, 38, 0.375477
871, 39, 1.572457
871, 40, 2.690736
871, 41, 1.749582
871, 42, 1.011686
871, 43, 1.442728
871, 44, 0.519650
871, 45, 1.443705
871, 46, 2.307759
871, 47, 1.415481
871, 48, 2.601310
871, 49, -0.160065
871, 50, 2.174345
871, 51, 0.485420
871, 52, 1.514256
871, 53, -0.000015
871, 54, 2.777281
871, 55, 3.168797
871, 56, 2.529681
871, 57, 2.972148
871, 58, 0.829374
871, 59, 1.691667
871, 60, 0.000000
871, 61, 1.402721
871, 62, 2.046886
871, 63, 1.722669
871, 64, 2.057648
871, 65, 3.479559
871, 66, 1.750670
871, 67, 2.511020
871, 68, 1.571999
871, 69, 2.720173
871, 70, 2.955111
871, 71, 2.583026
871, 72, 3.797560
871, 73, 3.210294
871, 74, 1.580833
871, 75, 1.934788
871, 76, 1.049166
871, 77, 1.420346
871, 78, 1.805377
871, 79, 2.797782
871, 80, 2.672693
871, 81, 1.710896
871, 82, -0.106790
871, 83, 1.229626
871, 84, 0.939994
871, 85, 3.020050
871, 86, 3.262193
871, 87, 2.334270
871, 88, 1.403196
871, 89, 0.544654
871, 90, 1.203637
871, 91, 1.364981
871, 92, 0.672629
871, 93, 2.651327
871, 94, 1.656893
871, 95, 0.938060
871, 96, 1.647079
871, 97, 4.307431
871, 98, 2.141719
871, 99, 1.083238
871, 100, 0.792004
871, 101, -0.031273
871, 102, 1.865048
871, 103, 0.000000
871, 104, 3.461189
871, 105, 2.846555
871, 106, 1.431670
871, 107, 1.875504
871, 108, -0.090013
871, 109, 0.376557
871, 110, 1.771988
871, 111, 0.819114
871, 112, 1.185186
871, 113, 3.551332
871, 114, 1.041432
871, 115, 2.003444
871, 116, 1.427192
871, 117, 2.384792
871, 118, 1.596631
871, 119, 1.334032
871, 120, 2.301379
871, 121, 3.702302
871, 122, 2.491351
871, 123, 0.346461
871, 124, 2.149925
871, 125, 4.281785
871, 126, 1.221963
871, 127, 0.838413
871, 128, 0.512609
871, 129, 0.068566
871, 130, 1.536905
871, 131, 1.765901
871, 132, 1.469587
871, 133, 0.158527
871, 134, 1.165754
871, 135, 0.744959
871, 136, -0.000010
871, 137, 1.547596
871, 138, 0.987940
871, 139, 0.937750
871, 140, 3.514850
871, 141, 2.345864
871, 142, 3.139857
871, 143, 1.958980
871, 144, 1.508965
871, 145, 1.077613
871, 146, 1.966183
871, 147, 3.903327
871, 148, 2.480981
871, 149, 3.530473
871, 150, 1.562608
871, 151, 1.921768
871, 152, 2.086525
871, 153, 0.000000
871, 154, 1.593774
871, 155, 2.281430
871, 156, -0.010000
871, 157, 3.007385
871, 158, 1.993107
871, 159, 1.077853
871, 160, 2.917457
871, 161, 2.095658
871, 162, 3.452834
871, 163, 2.510499
871, 164, 3.343881
871, 165, 2.985211
871, 166, 3.633232
871, 167, 1.409328
871, 168, 0.324529
871, 169, 1.778422
871, 170, 1.509260
871, 171, 2.816546
871, 172, 2.665948
871, 173, 2.611748
871, 174, 2.128669
871, 175, 1.474262
871, 176, 3.356692
871, 177, 2.489053
871, 178, 0.529260
871, 179, 3.041943
871, 180, 3.498449
871, 181, 0.837788
871, 182, 3.133410
871, 183, -0.040000
871, 184, 0.631502
871, 185, 1.880346
871, 186, 3.374286
871, 187, 0.000000
871, 188, 2.155735
871, 189, 2.874565
871, 190, 2.387929
871, 191, 0.717938
871, 192, 2.097024
871, 193, 2.743134
871, 194, 1.537409
871, 195, -0.281317
871, 196, 3.981371
871, 197, 2.393665
871, 198, 2.275777
871, 199, 1.457808
873, 0, 1.503664
873, 1, 1.547395
873, 2, 2.365029
873, 3, 1.150858
873, 4, -0.339888
873, 5, 2.023099
873, 6, -0.000013
873, 7, 1.283833
873, 8, 3.413436
873, 9, 1.717014
873, 10, 1.799210
873, 11, 2.271102
873, 12, 2.531524
873, 13, 0.000000
873, 14, 2.628528
873, 15, 2.445561
873, 16, 1.129258
873, 17, 3.210613
873, 18, 3.586906
873, 19, 2.599311
873, 20, 4.292557
873, 21, 0.436530
873, 22, 2.161510
873, 23, 1.270559
873, 24, 1.192663
873, 25, 2.046121
873, 26, 1.024467
873, 27, 0.812977
873, 28, 1.982260
873, 29, 1.917816
873, 30, 0.668950
873, 31, 2.570443
873, 32, 0.422124
873, 33, 2.729392
873, 34, 2.389393
873, 35, 2.613058
873, 36, 2.295544
873, 37, 1.704303
873, 38, 0.375477
873, 39, 1.573899
873, 40, 2.690736
873, 41, 1.749664
873, 42, 1.011686
873, 43, 1.442728
873, 44, 0.519650
873, 45, 1.453599
873, 46, 2.296715
873, 47, 1.415481
873, 48, 2.596364
873, 49, -0.160065
873, 50, 2.174345
873, 51, 0.485420
873, 52, 1.514256
873, 53, -0.000015
873, 54, 2.713078
873, 55, 3.155896
873, 56, 2.534343
873, 57, 2.972200
873, 58, 0.829374
873, 59, 1.691667
873, 60, 0.000000
873, 61, 1.402721
873, 62, 2.046886
873, 63, 1.722669
873, 64, 2.057648
873, 65, 3.470599
873, 66, 1.750670
873, 67, 2.511020
873, 68, 1.571999
873, 69, 2.720173
873, 70, 2.955211
873, 71, 2.583027
873, 72, 3.791760
873, 73, 3.212435
873, 74, 1.580833
873, 75, 1.934788
873, 76, 1.049166
873, 77, 1.420346
873, 78, 1.805377
873, 79, 2.797783
873, 80, 2.671734
873, 81, 1.710896
873, 82, -0.113389
873, 83, 1.229683
873, 84, 0.939994
873, 85, 3.020050
873, 86, 3.276604
873, 87, 2.334270
873, 88, 1.403196
873, 89, 0.544654
873, 90, 1.203636
873, 91, 1.374597
873, 92, 0.672629
873, 93, 2.668681
873, 94, 1.671092
873, 95, 0.932047
873, 96, 1.650049
873, 97, 4.307490
873, 98, 2.126271
873, 99, 1.083238
873, 100, 0.792004
873, 101, -0.031273
873, 102, 1.865048
873, 103, 0.000000
873, 104, 3.460786
873, 105, 2.847673
873, 106, 1.431670
873, 107, 1.867904
873, 108, -0.090013
873, 109, 0.376557
873, 110, 1.771988
873, 111, 0.819498
873, 112, 1.185186
873, 113, 3.551493
873, 114, 1.041432
873, 115, 1.975416
873, 116, 1.435960
873, 117, 2.385409
873, 118, 1.611071
873, 119, 1.334032
873, 120, 2.301379
873, 121, 3.650144
873, 122, 2.491351
873, 123, 0.346461
873, 124, 2.149925
873, 125, 4.281192
873, 126, 1.222114
873, 127, 0.838413
873, 128, 0.512609
873, 129, 0.068566
873, 130, 1.536904
873, 131, 1.765901
873, 132, 1.469587
873, 133, 0.158527
873, 134, 1.165754
873, 135, 0.744959
873, 136, -0.000010
873, 137, 1.547622
873, 138, 0.987940
873, 139, 0.937750
873, 140, 3.521880
873, 141, 2.345866
873, 142, 3.116120
873, 143, 1.962869
873, 144, 1.508965
873, 145, 1.077613
873, 146, 1.966183
873, 147, 3.892637
873, 148, 2.480981
873, 149, 3.531104
873, 150, 1.562608
873, 151, 1.930646
873, 152, 2.086525
873, 153, 0.000000
873, 154, 1.593774
873, 155, 2.281430
873, 156, -0.010000
873, 157, 3.007396
873, 158, 1.993107
873, 159, 1.077853
873, 160, 2.867977
873, 161, 2.095658
873, 162, 3.456466
873, 163, 2.510499
873, 164, 3.343882
873, 165, 2.986370
873, 166, 3.636403
873, 167, 1.409328
873, 168, 0.324529
873, 169, 1.777717
873, 170, 1.509260
873, 171, 2.779840
873, 172, 2.668170
873, 173, 2.608179
873, 174, 2.145890
873, 175, 1.474262
873, 176, 3.358673
873, 177, 2.480798
873, 178, 0.529260
873, 179, 3.039491
873, 180, 3.505283
873, 181, 0.837788
873, 182, 3.133410
873, 183, -0.040000
873, 184, 0.631502
873, 185, 1.880346
873, 186, 3.367174
873, 187, 0.000000
873, 188, 2.153017
873, 189, 2.883596
873, 190, 2.387929
873, 191, 0.717938
873, 192, 2.127999
873, 193, 2.743010
873, 194, 1.537412
873, 195, -0.281318
873, 196, 3.976717
873, 197, 2.393691
873, 198, 2.275752
873, 199, 1.457748
875, 0, 1.503664
875, 1, 1.547395
875, 2, 2.373047
875, 3, 1.150858
875, 4, -0.339888
875, 5, 2.023916
875, 6, -0.000013
875, 7, 1.283834
875, 8, 3.413518
875, 9, 1.717014
875, 10, 1.799210
875, 11, 2.271102
875, 12, 2.539905
875, 13, 0.000000
875, 14, 2.628500
875, 15, 2.394989
875, 16, 1.129258
875, 17, 3.229623
875, 18, 3.588763
875, 19, 2.594891
875, 20, 4.260839
875, 21, 0.436530
875, 22, 2.161510
875, 23, 1.270559
875, 24, 1.167567
875, 25, 2.046121
875, 26, 1.024467
875, 27, 0.812977
875, 28, 1.982681
875, 29, 1.914999
875, 30, 0.668950
875, 31, 2.577773
875, 32, 0.422124
875, 33, 2.724878
875, 34, 2.328749
875, 35, 2.613020
875, 36, 2.295097
875, 37, 1.643141
875, 38, 0.375477
875, 39, 1.573899
875, 40, 2.690736
875, 41, 1.749738
875, 42, 1.011686
875, 43, 1.442728
875, 44, 0.519650
875, 45, 1.451000
875, 46, 2.280317
875, 47, 1.415481
875, 48, 2.599042
875, 49, -0.160065
875, 50, 2.174345
875, 51, 0.485420
875, 52, 1.514256
875, 53, -0.000015
875, 54, 2.729874
875, 55, 3.168189
875, 56, 2.530093
875, 57, 2.972251
875, 58, 0.829374
875, 59, 1.691667
875, 60, 0.000000
875, 61, 1.402721
875, 62, 2.046885
875, 63, 1.722669
875, 64, 2.057648
875, 65, 3.460206
875, 66, 1.750670
875, 67, 2.511020
875, 68, 1.571999
875, 69, 2.720173
875, 70, 2.949511
875, 71, 2.583028
875, 72, 3.796227
875, 73, 3.214628
875, 74, 1.580833
875, 75, 1.934788
875, 76, 1.049166
875, 77, 1.420346
875, 78, 1.805377
875, 79, 2.797782
875, 80, 2.672094
875, 81, 1.710896
875, 82, -0.111527
875, 83, 1.229949
875, 84, 0.939994
875, 85, 3.020050
875, 86, 3.293235
875, 87, 2.334270
875, 88, 1.403196
875, 89, 0.544654
875, 90, 1.203636
875, 91, 1.357120
875, 92, 0.672629
875, 93, 2.644408
875, 94, 1.674680
875, 95, 0.935728
875, 96, 1.651917
875, 97, 4.284413
875, 98, 2.130278
875, 99, 1.083238
875, 100, 0.792004
875, 101, -0.031273
875, 102, 1.865048
875, 103, 0.000000
875, 104, 3.468072
875, 105, 2.845746
875, 106, 1.431670
875, 107, 1.892136
875, 108, -0.090013
875, 109, 0.376557
875, 110, 1.771988
875, 111, 0.819682
875, 112, 1.185186
875, 113, 3.509305
875, 114, 1.041432
875, 115, 1.997949
875, 116, 1.435960
875, 117, 2.385641
875, 118, 1.609211
875, 119, 1.334032
875, 120, 2.301379
875, 121, 3.698992
875, 122, 2.491351
875, 123, 0.346461
875, 124, 2.149925
875, 125, 4.286764
875, 126, 1.222237
875, 127, 0.838413
875, 128, 0.512609
875, 129, 0.068566
875, 130, 1.536904
875, 131, 1.765901
875, 132, 1.469588
875, 133, 0.158527
875, 134, 1.165754
875, 135, 0.744959
875, 136, -0.000010
875, 137, 1.547634
875, 138, 0.987940
875, 139, 0.937750
875, 140, 3.512163
875, 141, 2.345867
875, 142, 3.111843
875, 143, 1.962644
875, 144, 1.508965
875, 145, 1.077613
875, 146, 1.966183
875, 147, 3.909620
875, 148, 2.480981
875, 149, 3.529426
875, 150, 1.562608
875, 151, 1.929849
875, 152, 2.086525
875, 153, 0.000000
875, 154, 1.593774
875, 155, 2.281431
875, 156, -0.010000
875, 157, 3.007401
875, 158, 1.993107
875, 159, 1.077853
875, 160, 2.926867
875, 161, 2.095658
875, 162, 3.456995
875, 163, 2.510499
875, 164, 3.343882
875, 165, 2.984314
875, 166, 3.640428
875, 167, 1.409328
875, 168, 0.324529
875, 169, 1.776633
875, 170, 1.509260
875, 171, 2.807338
875, 172, 2.684687
875, 173, 2.611173
875, 174, 2.135067
875, 175, 1.474262
875, 176, 3.358673
875, 177, 2.480546
875, 178, 0.529260
875, 179, 3.044453
875, 180, 3.442499
875, 181, 0.837788
875, 182, 3.133410
875, 183, -0.040000
875, 184, 0.631502
875, 185, 1.880346
875, 186, 3.384649
875, 187, 0.000000
875, 188, 2.145416
875, 189, 2.904050
875, 190, 2.387929
875, 191, 0.717938
875, 192, 2.062133
875, 193, 2.743373
875, 194, 1.537414
875, 195, -0.281319
875, 196, 3.983382
875, 197, 2.393695
875, 198, 2.275723
875, 199, 1.457548
877, 0, 1.503664
877, 1, 1.547396
877, 2, 2.331346
877, 3, 1.150859
877, 4, -0.339888
877, 5, 2.023370
877, 6, -0.000013
877, 7, 1.283834
877, 8, 3.407982
877, 9, 1.724105
877, 10, 1.799210
877, 11, 2.271102
877, 12, 2.541875
877, 13, 0.000000
877, 14, 2.628470
877, 15, 2.473584
877, 16, 1.129258
877, 17, 3.229375
877, 18, 3.573290
877, 19, 2.610147
877, 20, 4.296829
877, 21, 0.436530
877, 22, 2.161510
877, 23, 1.270559
877, 24, 1.166888
877, 25, 2.046121
877, 26, 1.024467
877, 27, 0.812977
877, 28, 1.982944
877, 29, 1.918452
877, 30, 0.668950
877, 31, 2.579781
877, 32, 0.422124
877, 33, 2.733410
877, 34, 2.390049
877, 35, 2.612979
877, 36, 2.297316
877, 37, 1.487697
877, 38, 0.375477
877, 39, 1.569139
877, 40, 2.690736
877, 41, 1.749807
877, 42, 1.011686
877, 43, 1.442728
877, 44, 0.519650
877, 45, 1.454837
877, 46, 2.286723
877, 47, 1.415481
877, 48, 2.596053
877, 49, -0.160065
877, 50, 2.174345
877, 51, 0.485420
877, 52, 1.514256
877, 53, -0.000015
877, 54, 2.786643
877, 55, 3.170410
877, 56, 2.524985
877, 57, 2.972300
877, 58, 0.829374
877, 59, 1.691667
877, 60, 0.000000
877, 61, 1.402721
877, 62, 2.046885
877, 63, 1.722669
877, 64, 2.057648
877, 65, 3.478525
877, 66, 1.750670
877, 67, 2.511020
877, 68, 1.571999
877, 69, 2.720173
877, 70, 2.955040
877, 71, 2.583029
877, 72, 3.795879
877, 73, 3.215187
877, 74, 1.580833
877, 75, 1.934788
877, 76, 1.049166
877, 77, 1.420346
877, 78, 1.805377
877, 79, 2.797782
877, 80, 2.671585
877, 81, 1.710896
877, 82, -0.114078
877, 83, 1.230348
877, 84, 0.939994
877, 85, 3.020050
877, 86, 3.255068
877, 87, 2.334270
877, 88, 1.403196
877, 89, 0.544654
877, 90, 1.203635
877, 91, 1.401100
877, 92, 0.672629
877, 93, 2.666811
877, 94, 1.659392
877, 95, 0.928165
877, 96, 1.652633
877, 97, 4.306861
877, 98, 2.132406
877, 99, 1.083238
877, 100, 0.792004
877, 101, -0.031273
877, 102, 1.865048
877, 103, 0.000000
877, 104, 3.437833
877, 105, 2.850631
877, 106, 1.431670
877, 107, 1.882508
877, 108, -0.090013
877, 109, 0.376557
877, 110, 1.771988
877, 111, 0.819292
877, 112, 1.185186
877, 113, 3.552076
877, 114, 1.041432
877, 115, 2.075870
877, 116, 1.435960
877, 117, 2.385697
877, 118, 1.603725
877, 119, 1.334032
877, 120, 2.301379
877, 121, 3.601335
877, 122, 2.491351
877, 123, 0.346461
877, 124, 2.149925
877, 125, 4.257057
877, 126, 1.222383
877, 127, 0.838413
877, 128, 0.512609
877, 129, 0.068566
877, 130, 1.536904
877, 131, 1.765902
877, 132, 1.469588
877, 133, 0.158527
877, 134, 1.165754
877, 135, 0.744959
877, 136, -0.000010
877, 137, 1.547659
877, 138, 0.987940
877, 139, 0.937750
877, 140, 3.518232
877, 141, 2.345867
877, 142, 3.105906
877, 143, 1.959754
877, 144, 1.508965
877, 145, 1.077613
877, 146, 1.966183
877, 147, 3.899084
877, 148, 2.480981
877, 149, 3.531053
877, 150, 1.562608
877, 151, 1.927420
877, 152, 2.086525
877, 153, 0.000000
877, 154, 1.593774
877, 155, 2.281431
877, 156, -0.010000
877, 157, 3.018711
877, 158, 1.993107
877, 159, 1.077853
877, 160, 2.951066
877, 161, 2.095658
877, 162, 3.460813
877, 163, 2.513392
877, 164, 3.343882
877, 165, 2.986681
877, 166, 3.633837
877, 167, 1.409328
877, 168, 0.324529
877, 169, 1.776064
877, 170, 1.509260
877, 171, 2.811143
877, 172, 2.682826
877, 173, 2.611360
877, 174, 2.155470
877, 175, 1.474262
877, 176, 3.367556
877, 177, 2.470073
877, 178, 0.529260
877, 179, 3.044210
877, 180, 3.517759
877, 181, 0.837788
877, 182, 3.133410
877, 183, -0.040000
877, 184, 0.631502
877, 185, 1.880346
877, 186, 3.372445
877, 187, 0.000000
877, 188, 2.016700
877, 189, 2.826899
877, 190, 2.387929
877, 191, 0.717938
877, 192, 2.123438
877, 193, 2.743670
877, 194, 1.537413
877, 195, -0.281319
877, 196, 3.983143
877, 197, 2.399172
877, 198, 2.275692
877, 199, 1.457378
879, 0, 1.503664
879, 1, 1.547395
879, 2, 2.327535
879, 3, 1.150859
879, 4, -0.339888
879, 5, 2.021023
879, 6, -0.000013
879, 7, 1.283832
879, 8, 3.417588
879, 9, 1.717014
879, 10, 1.799210
879, 11, 2.271102
879, 12, 2.539559
879, 13, 0.000000
879, 14, 2.628443
879, 15, 2.488673
879, 16, 1.129258
879, 17, 3.205132
879, 18, 3.583771
879, 19, 2.606335
879, 20, 4.296731
879, 21, 0.436530
879, 22, 2.161510
879, 23, 1.270559
879, 24, 1.179137
879, 25, 2.046121
879, 26, 1.024467
879, 27, 0.812977
879, 28, 1.977455
879, 29, 1.916668
879, 30, 0.668950
879, 31, 2.580493
879, 32, 0.422124
879, 33, 2.746818
879, 34, 2.363084
879, 35, 2.612941
879, 36, 2.294808
879, 37, 1.603123
879, 38, 0.375477
879, 39, 1.569139
879, 40, 2.690736
879, 41, 1.749883
879, 42, 1.011686
879, 43, 1.442728
879, 44, 0.519650
879, 45, 1.455173
879, 46, 2.285441
879, 47, 1.415481
879, 48, 2.598640
879, 49, -0.160065
879, 50, 2.174345
879, 51, 0.485420
879, 52, 1.514256
879, 53, -0.000015
879, 54, 2.787682
879, 55, 3.168453
879, 56, 2.525138
879, 57, 2.972348
879, 58, 0.829374
879, 59, 1.691667
879, 60, 0.000000
879, 61, 1.402721
879, 62, 2.046885
879, 63, 1.722669
879, 64, 2.057648
879, 65, 3.468904
879, 66, 1.750670
879, 67, 2.511020
879, 68, 1.571999
879, 69, 2.720173
879, 70, 2.953674
879, 71, 2.586815
879, 72, 3.796598
879, 73, 3.214128
879, 74, 1.580833
879, 75, 1.934788
879, 76, 1.049166
879, 77, 1.420346
879, 78, 1.805377
879, 79, 2.797782
879, 80, 2.670880
879, 81, 1.710896
879, 82, -0.114243
879, 83, 1.230745
879, 84, 0.939994
879, 85, 3.020049
879, 86, 3.260152
879, 87, 2.334270
879, 88, 1.403196
879, 89, 0.544654
879, 90, 1.203633
879, 91, 1.389505
879, 92, 0.672629
879, 93, 2.653086
879, 94, 1.647179
879, 95, 0.942055
879, 96, 1.639617
879, 97, 4.306908
879, 98, 2.134314
879, 99, 1.083238
879, 100, 0.792004
879, 101, -0.031273
879, 102, 1.865048
879, 103, 0.000000
879, 104, 3.437151
879, 105, 2.849442
879, 106, 1.431670
879, 107, 1.908842
879, 108, -0.090013
879, 109, 0.386839
879, 110, 1.771988
879, 111, 0.819070
879, 112, 1.185186
879, 113, 3.552285
879, 114, 1.041432
879, 115, 1.996686
879, 116, 1.435960
879, 117, 2.384912
879, 118, 1.578188
879, 119, 1.334032
879, 120, 2.301379
879, 121, 3.671944
879, 122, 2.492165
879, 123, 0.346461
879, 124, 2.149926
879, 125, 4.285773
879, 126, 1.222514
879, 127, 0.838413
879, 128, 0.512609
879, 129, 0.068566
879, 130, 1.536905
879, 131, 1.765901
879, 132, 1.469588
879, 133, 0.158527
879, 134, 1.165754
879, 135, 0.744959
879, 136, -0.000010
879, 137, 1.547677
879, 138, 0.987940
879, 139, 0.937750
879, 140, 3.518976
879, 141, 2.345867
879, 142, 3.127005
879, 143, 1.951495
879, 144, 1.508965
879, 145, 1.077613
879, 146, 1.966183
879, 147, 3.890575
879, 148, 2.480981
879, 149, 3.529527
879, 150, 1.562608
879, 151, 1.925663
879, 152, 2.086525
879, 153, 0.000000
879, 154, 1.593774
879, 155, 2.281430
879, 156, -0.010000
879, 157, 3.011211
879, 158, 1.993107
879, 159, 1.077853
879, 160, 2.871735
879, 161, 2.095658
879, 162, 3.465184
879, 163, 2.513392
879, 164, 3.343882
879, 165, 2.987378
879, 166, 3.629866
879, 167, 1.409328
879, 168, 0.324529
879, 169, 1.775645
879, 170, 1.509260
879, 171, 2.799254
879, 172, 2.714949
879, 173, 2.611032
879, 174, 2.129807
879, 175, 1.474262
879, 176, 3.361618
879, 177, 2.473732
879, 178, 0.529260
879, 179, 3.042234
879, 180, 3.518448
879, 181, 0.837788
879, 182, 3.133410
879, 183, -0.040000
879, 184, 0.631502
879, 185, 1.880346
879, 186, 3.393299
879, 187, 0.000000
879, 188, 2.042060
879, 189, 2.823537
879, 190, 2.387929
879, 191, 0.717938
879, 192, 2.075358
879, 193, 2.743698
879, 194, 1.537414
879, 195, -0.281320
879, 196, 3.977346
879, 197, 2.393417
879, 198, 2.275664
879, 199, 1.457484
881, 0, 1.503664
881, 1, 1.547395
881, 2, 2.320529
881, 3, 1.150859
881, 4, -0.339888
881, 5, 2.016850
881, 6, -0.000013
881, 7, 1.283834
881, 8, 3.375585
881, 9, 1.717014
881, 10, 1.799209
881, 11, 2.271102
881, 12, 2.536080
881, 13, 0.000000
881, 14, 2.628416
881, 15, 2.520887
881, 16, 1.129258
881, 17, 3.229248
881, 18, 3.583918
881, 19, 2.603013
881, 20, 4.272044
881, 21, 0.436530
881, 22, 2.161510
881, 23, 1.270559
881, 24, 1.184403
881, 25, 2.046121
881, 26, 1.024467
881, 27, 0.812977
881, 28, 1.979679
881, 29, 1.915437
881, 30, 0.668950
881, 31, 2.577019
881, 32, 0.422124
881, 33, 2.724581
881, 34, 2.384538
881, 35, 2.612903
881, 36, 2.295507
881, 37, 1.644778
881, 38, 0.375477
881, 39, 1.569139
881, 40, 2.690736
881, 41, 1.749964
881, 42, 1.011686
881, 43, 1.442728
881, 44, 0.519650
881, 45, 1.454019
881, 46, 2.308346
881, 47, 1.415481
881, 48, 2.597555
881, 49, -0.160065
881, 50, 2.174345
881, 51, 0.485420
881, 52, 1.514256
881, 53, -0.000015
881, 54, 2.779335
881, 55, 3.171086
881, 56, 2.529318
881, 57, 2.972397
881, 58, 0.829374
881, 59, 1.691667
881, 60, 0.000000
881, 61, 1.402721
881, 62, 2.046886
881, 63, 1.722669
881, 64, 2.057648
881, 65, 3.457545
881, 66, 1.750670
881, 67, 2.511020
881, 68, 1.571999
881, 69, 2.720173
881, 70, 2.954793
881, 71, 2.583020
881, 72, 3.796294
881, 73, 3.213029
881, 74, 1.580833
881, 75, 1.934788
881, 76, 1.049166
881, 77, 1.420346
881, 78, 1.805377
881, 79, 2.797782
881, 80, 2.669760
881, 81, 1.710896
881, 82, -0.113394
881, 83, 1.230821
881, 84, 0.939994
881, 85, 3.020050
881, 86, 3.260489
881, 87, 2.334270
881, 88, 1.403196
881, 89, 0.544654
881, 90, 1.203630
881, 91, 1.386958
881, 92, 0.672629
881, 93, 2.671121
881, 94, 1.642199
881, 95, 0.934684
881, 96, 1.639806
881, 97, 4.295254
881, 98, 2.136137
881, 99, 1.083238
881, 100, 0.792004
881, 101, -0.031273
881, 102, 1.865048
881, 103, 0.000000
881, 104, 3.464586
881, 105, 2.851995
881, 106, 1.431670
881, 107, 1.907226
881, 108, -0.090013
881, 109, 0.376557
881, 110, 1.771988
881, 111, 0.819072
881, 112, 1.185186
881, 113, 3.554470
881, 114, 1.041432
881, 115, 2.076738
881, 116, 1.435960
881, 117, 2.385506
881, 118, 1.579349
881, 119, 1.334032
881, 120, 2.301379
881, 121, 3.610329
881, 122, 2.492165
881, 123, 0.346461
881, 124, 2.149925
881, 125, 4.264076
881, 126, 1.222628
881, 127, 0.838413
881, 128, 0.512609
881, 129, 0.068566
881, 130, 1.536905
881, 131, 1.765901
881, 132, 1.469588
881, 133, 0.158527
881, 134, 1.165754
881, 135, 0.744959
881, 136, -0.000010
881, 137, 1.547687
881, 138, 0.987940
881, 139, 0.937750
881, 140, 3.519593
881, 141, 2.345865
881, 142, 3.138641
881, 143, 1.952191
881, 144, 1.508965
881, 145, 1.077613
881, 146, 1.966183
881, 147, 3.909194
881, 148, 2.480981
881, 149, 3.530018
881, 150, 1.562608
881, 151, 1.924409
881, 152, 2.086526
881, 153, 0.000000
881, 154, 1.593774
881, 155, 2.281430
881, 156, -0.010000
881, 157, 3.016950
881, 158, 1.993107
881, 159, 1.077853
881, 160, 2.952221
881, 161, 2.095658
881, 162, 3.464074
881, 163, 2.512490
881, 164, 3.343882
881, 165, 2.988666
881, 166, 3.630282
881, 167, 1.409328
881, 168, 0.324529
881, 169, 1.775124
881, 170, 1.509260
881, 171, 2.822805
881, 172, 2.689607
881, 173, 2.611229
881, 174, 2.142662
881, 175, 1.474262
881, 176, 3.366017
881, 177, 2.482013
881, 178, 0.529260
881, 179, 3.037007
881, 180, 3.512883
881, 181, 0.837788
881, 182, 3.133410
881, 183, -0.040000
881, 184, 0.631502
881, 185, 1.880346
881, 186, 3.385249
881, 187, 0.000000
881, 188, 2.055635
881, 189, 2.863858
881, 190, 2.387929
881, 191, 0.717938
881, 192, 2.078795
881, 193, 2.740291
881, 194, 1.537413
881, 195, -0.281318
881, 196, 3.983073
881, 197, 2.397166
881, 198, 2.275639
881, 199, 1.457423
883, 0, 1.503664
883, 1, 1.547395
883, 2, 2.296702
883, 3, 1.150859
883, 4, -0.339888
883, 5, 2.015685
883, 6, -0.000013
883, 7, 1.283834
883, 8, 3.397393
883, 9, 1.717014
883, 10, 1.799210
883, 11, 2.271102
883, 12, 2.527991
883, 13, 0.000000
883, 14, 2.628393
883, 15, 2.556787
883, 16, 1.129258
883, 17, 3.228792
883, 18, 3.585632
883, 19, 2.589026
883, 20, 4.296492
883, 21, 0.436530
883, 22, 2.161510
883, 23, 1.270559
883, 24, 1.214972
883, 25, 2.046121
883, 26, 1.014795
883, 27, 0.812977
883, 28, 1.981070
883, 29, 1.912792
883, 30, 0.668950
883, 31, 2.569142
883, 32, 0.422124
883, 33, 2.710437
883, 34, 2.398118
883, 35, 2.612869
883, 36, 2.296751
883, 37, 1.692598
883, 38, 0.375477
883, 39, 1.569139
883, 40, 2.690736
883, 41, 1.750051
883, 42, 1.011686
883, 43, 1.442728
883, 44, 0.519650
883, 45, 1.451513
883, 46, 2.292346
883, 47, 1.415481
883, 48, 2.598485
883, 49, -0.160065
883, 50, 2.174345
883, 51, 0.485420
883, 52, 1.514256
883, 53, -0.000015
883, 54, 2.740540
883, 55, 3.169741
883, 56, 2.530897
883, 57, 2.972447
883, 58, 0.829374
883, 59, 1.691667
883, 60, 0.000000
883, 61, 1.402721
883, 62, 2.046886
883, 63, 1.722669
883, 64, 2.057648
883, 65, 3.482390
883, 66, 1.750670
883, 67, 2.511020
883, 68, 1.571999
883, 69, 2.720173
883, 70, 2.953086
883, 71, 2.583025
883, 72, 3.795712
883, 73, 3.210571
883, 74, 1.580833
883, 75, 1.934788
883, 76, 1.049166
883, 77, 1.420346
883, 78, 1.805377
883, 79, 2.797783
883, 80, 2.669237
883, 81, 1.710896
883, 82, -0.114685
883, 83, 1.230991
883, 84, 0.939994
883, 85, 3.020050
883, 86, 3.275146
883, 87, 2.334270
883, 88, 1.403196
883, 89, 0.544654
883, 90, 1.203630
883, 91, 1.379916
883, 92, 0.672629
883, 93, 2.641906
883, 94, 1.639905
883, 95, 0.939264
883, 96, 1.634799
883, 97, 4.306170
883, 98, 2.144006
883, 99, 1.083238
883, 100, 0.792004
883, 101, -0.031273
883, 102, 1.865048
883, 103, 0.000000
883, 104, 3.473145
883, 105, 2.851313
883, 106, 1.431670
883, 107, 1.928195
883, 108, -0.090013
883, 109, 0.376557
883, 110, 1.771988
883, 111, 0.819345
883, 112, 1.185186
883, 113, 3.552935
883, 114, 1.041432
883, 115, 1.995271
883, 116, 1.435960
883, 117, 2.385402
883, 118, 1.571261
883, 119, 1.334032
883, 120, 2.301379
883, 121, 3.672871
883, 122, 2.492165
883, 123, 0.346461
883, 124, 2.149925
883, 125, 4.287990
883, 126, 1.222737
883, 127, 0.838413
883, 128, 0.512609
883, 129, 0.068566
883, 130, 1.536904
883, 131, 1.765901
883, 132, 1.469588
883, 133, 0.158527
883, 134, 1.165754
883, 135, 0.744959
883, 136, -0.000010
883, 137, 1.547695
883, 138, 0.987940
883, 139, 0.937750
883, 140, 3.524010
883, 141, 2.345865
883, 142, 3.146610
883, 143, 1.953153
883, 144, 1.508965
883, 145, 1.077613
883, 146, 1.966183
883, 147, 3.874784
883, 148, 2.480981
883, 149, 3.531131
883, 150, 1.562608
883, 151, 1.927562
883, 152, 2.086525
883, 153, 0.000000
883, 154, 1.593774
883, 155, 2.281430
883, 156, -0.010000
883, 157, 3.007298
883, 158, 1.993107
883, 159, 1.077853
883, 160, 2.919986
883, 161, 2.095658
883, 162, 3.441805
883, 163, 2.512490
883, 164, 3.343883
883, 165, 2.987723
883, 166, 3.637661
883, 167, 1.409328
883, 168, 0.324529
883, 169, 1.774896
883, 170, 1.509260
883, 171, 2.818294
883, 172, 2.636539
883, 173, 2.610869
883, 174, 2.165886
883, 175, 1.474262
883, 176, 3.359306
883, 177, 2.502560
883, 178, 0.529260
883, 179, 3.043468
883, 180, 3.501998
883, 181, 0.837788
883, 182, 3.133410
883, 183, -0.040000
883, 184, 0.631502
883, 185, 1.880346
883, 186, 3.364723
883, 187, 0.000000
883, 188, 2.097601
883, 189, 2.750723
883, 190, 2.387929
883, 191, 0.717938
883, 192, 2.123307
883, 193, 2.731577
883, 194, 1.537414
883, 195, -0.281319
883, 196, 3.973293
883, 197, 2.393826
883, 198, 2.275617
883, 199, 1.457414
885, 0, 1.503664
885, 1, 1.547395
885, 2, 2.297606
885, 3, 1.150859
885, 4, -0.339888
885, 5, 2.016082
885, 6, -0.000013
885, 7, 1.283834
885, 8, 3.360284
885, 9, 1.717014
885, 10, 1.799210
885, 11, 2.271102
885, 12, 2.522346
885, 13, 0.000000
885, 14, 2.628366
885, 15, 2.554742
885, 16, 1.129258
885, 17, 3.229186
885, 18, 3.588588
885, 19, 2.589026
885, 20, 4.282640
885, 21, 0.436530
885, 22, 2.161510
885, 23, 1.270559
885, 24, 1.242105
885, 25, 2.046121
885, 26, 1.014795
885, 27, 0.812977
885, 28, 1.981939
885, 29, 1.911384
885, 30, 0.668950
885, 31, 2.563528
885, 32, 0.422124
885, 33, 2.688810
885, 34, 2.383287
885, 35, 2.612833
885, 36, 2.295718
885, 37, 1.483752
885, 38, 0.375477
885, 39, 1.569139
885, 40, 2.690736
885, 41, 1.750131
885, 42, 1.011686
885, 43, 1.442728
885, 44, 0.519650
885, 45, 1.450186
885, 46, 2.280601
885, 47, 1.415481
885, 48, 2.598014
885, 49, -0.160065
885, 50, 2.174345
885, 51, 0.485420
885, 52, 1.514256
885, 53, -0.000015
885, 54, 2.751970
885, 55, 3.168278
885, 56, 2.524872
885, 57, 2.972492
885, 58, 0.829374
885, 59, 1.691667
885, 60, 0.000000
885, 61, 1.402721
885, 62, 2.046886
885, 63, 1.722669
885, 64, 2.057648
885, 65, 3.505785
885, 66, 1.750670
885, 67, 2.511020
885, 68, 1.571999
885, 69, 2.720179
885, 70, 2.955127
885, 71, 2.583027
885, 72, 3.795921
885, 73, 3.208722
885, 74, 1.580833
885, 75, 1.934788
885, 76, 1.049166
885, 77, 1.420346
885, 78, 1.805377
885, 79, 2.797782
885, 80, 2.670005
885, 81, 1.710896
885, 82, -0.112920
885, 83, 1.231192
885, 84, 0.939994
885, 85, 3.020049
885, 86, 3.280667
885, 87, 2.334270
885, 88, 1.403196
885, 89, 0.544654
885, 90, 1.203631
885, 91, 1.369601
885, 92, 0.672629
885, 93, 2.655751
885, 94, 1.647865
885, 95, 0.944460
885, 96, 1.636693
885, 97, 4.302563
885, 98, 2.147814
885, 99, 1.083238
885, 100, 0.792004
885, 101, -0.031273
885, 102, 1.865048
885, 103, 0.000000
885, 104, 3.476182
885, 105, 2.850274
885, 106, 1.431670
885, 107, 1.918447
885, 108, -0.090013
885, 109, 0.376557
885, 110, 1.771988
885, 111, 0.820102
885, 112, 1.185186
885, 113, 3.543552
885, 114, 1.041432
885, 115, 2.077696
885, 116, 1.435960
885, 117, 2.385615
885, 118, 1.563242
885, 119, 1.334032
885, 120, 2.301379
885, 121, 3.609329
885, 122, 2.492165
885, 123, 0.346461
885, 124, 2.149925
885, 125, 4.263671
885, 126, 1.222868
885, 127, 0.838413
885, 128, 0.512609
885, 129, 0.068566
885, 130, 1.536904
885, 131, 1.765901
885, 132, 1.469588
885, 133, 0.158527
885, 134, 1.165754
885, 135, 0.744959
885, 136, -0.000010
885, 137, 1.547715
885, 138, 0.987940
885, 139, 0.937750
885, 140, 3.528037
885, 141, 2.345865
885, 142, 3.152470
885, 143, 1.951257
885, 144, 1.508965
885, 145, 1.077613
885, 146, 1.966183
885, 147, 3.908260
885, 148, 2.480981
885, 149, 3.531024
885, 150, 1.562608
885, 151, 1.926587
885, 152, 2.086525
885, 153, 0.000000
885, 154, 1.593774
885, 155, 2.281431
885, 156, -0.010000
885, 157, 3.007316
885, 158, 1.993107
885, 159, 1.077853
885, 160, 2.950187
885, 161, 2.095658
885, 162, 3.453402
885, 163, 2.510499
885, 164, 3.343882
885, 165, 2.987198
885, 166, 3.623575
885, 167, 1.409328
885, 168, 0.324529
885, 169, 1.775155
885, 170, 1.509260
885, 171, 2.823111
885, 172, 2.651391
885, 173, 2.611081
885, 174, 2.174736
885, 175, 1.474262
885, 176, 3.363285
885, 177, 2.488980
885, 178, 0.529260
885, 179, 3.046980
885, 180, 3.484443
885, 181, 0.837788
885, 182, 3.133410
885, 183, -0.040000
885, 184, 0.631502
885, 185, 1.880346
885, 186, 3.372155
885, 187, 0.000000
885, 188, 2.129070
885, 189, 2.788798
885, 190, 2.387929
885, 191, 0.717938
885, 192, 2.100622
885, 193, 2.743029
885, 194, 1.537415
885, 195, -0.281319
885, 196, 3.980753
885, 197, 2.393829
885, 198, 2.275593
885, 199, 1.457342
887, 0, 1.503664
887, 1, 1.547396
887, 2, 2.275712
887, 3, 1.150860
887, 4, -0.339888
887, 5, 2.017403
887, 6, -0.000013
887, 7, 1.283834
887, 8, 3.404142
887, 9, 1.717014
887, 10, 1.799210
887, 11, 2.271102
887, 12, 2.546630
887, 13, 0.000000
887, 14, 2.628344
887, 15, 2.466602
887, 16, 1.129258
887, 17, 3.228966
887, 18, 3.589432
887, 19, 2.589026
887, 20, 4.293096
887, 21, 0.436530
887, 22, 2.161510
887, 23, 1.270559
887, 24, 1.265228
887, 25, 2.046121
887, 26, 1.010668
887, 27, 0.812977
887, 28, 1.977069
887, 29, 1.908844
887, 30, 0.668950
887, 31, 2.594338
887, 32, 0.422124
887, 33, 2.762729
887, 34, 2.378541
887, 35, 2.612799
887, 36, 2.289818
887, 37, 1.585916
887, 38, 0.375477
887, 39, 1.569139
887, 40, 2.690736
887, 41, 1.750203
887, 42, 1.011686
887, 43, 1.442728
887, 44, 0.519650
887, 45, 1.447809
887, 46, 2.343305
887, 47, 1.415481
887, 48, 2.597029
887, 49, -0.160065
887, 50, 2.174345
887, 51, 0.485420
887, 52, 1.514256
887, 53, -0.000015
887, 54, 2.748900
887, 55, 3.161300
887, 56, 2.531027
887, 57, 2.972538
887, 58, 0.829374
887, 59, 1.691667
887, 60, 0.000000
887, 61, 1.402721
887, 62, 2.046885
887, 63, 1.722669
887, 64, 2.057648
887, 65, 3.486983
887, 66, 1.750670
887, 67, 2.511020
887, 68, 1.571999
887, 69, 2.720179
887, 70, 2.954579
887, 71, 2.583005
887, 72, 3.796157
887, 73, 3.211291
887, 74, 1.580833
887, 75, 1.934788
887, 76, 1.049166
887, 77, 1.420346
887, 78, 1.805377
887, 79, 2.797782
887, 80, 2.670800
887, 81, 1.710896
887, 82, -0.111668
887, 83, 1.231447
887, 84, 0.939994
887, 85, 3.020049
887, 86, 3.292282
887, 87, 2.334270
887, 88, 1.403196
887, 89, 0.544654
887, 90, 1.203632
887, 91, 1.354784
887, 92, 0.672629
887, 93, 2.666600
887, 94, 1.652982
887, 95, 0.932544
887, 96, 1.643535
887, 97, 4.307391
887, 98, 2.154882
887, 99, 1.083238
887, 100, 0.792004
887, 101, -0.031273
887, 102, 1.865048
887, 103, 0.000000
887, 104, 3.483631
887, 105, 2.848726
887, 106, 1.431670
887, 107, 1.936910
887, 108, -0.090013
887, 109, 0.376557
887, 110, 1.771988
887, 111, 0.820281
887, 112, 1.185186
887, 113, 3.555428
887, 114, 1.041432
887, 115, 1.993688
887, 116, 1.435960
887, 117, 2.385696
887, 118, 1.585708
887, 119, 1.334032
887, 120, 2.301379
887, 121, 3.673296
887, 122, 2.492165
887, 123, 0.346461
887, 124, 2.149925
887, 125, 4.289021
887, 126, 1.222999
887, 127, 0.838413
887, 128, 0.512609
887, 129, 0.068566
887, 130, 1.536904
887, 131, 1.765901
887, 132, 1.469588
887, 133, 0.158527
887, 134, 1.165754
887, 135, 0.744959
887, 136, -0.000010
887, 137, 1.547736
887, 138, 0.987940
887, 139, 0.937750
887, 140, 3.508194
887, 141, 2.345867
887, 142, 3.156551
887, 143, 1.962908
887, 144, 1.508965
887, 145, 1.077613
887, 146, 1.966183
887, 147, 3.899507
887, 148, 2.480981
887, 149, 3.530873
887, 150, 1.562608
887, 151, 1.928700
887, 152, 2.086525
887, 153, 0.000000
887, 154, 1.593774
887, 155, 2.281431
887, 156, -0.010000
887, 157, 3.007368
887, 158, 1.993107
887, 159, 1.077853
887, 160, 2.930797
887, 161, 2.095658
887, 162, 3.456273
887, 163, 2.510499
887, 164, 3.343882
887, 165, 2.986426
887, 166, 3.607060
887, 167, 1.409328
887, 168, 0.324529
887, 169, 1.775577
887, 170, 1.509260
887, 171, 2.772887
887, 172, 2.651457
887, 173, 2.610683
887, 174, 2.152219
887, 175, 1.474262
887, 176, 3.359521
887, 177, 2.490076
887, 178, 0.529260
887, 179, 3.042020
887, 180, 3.514543
887, 181, 0.837788
887, 182, 3.133410
887, 183, -0.040000
887, 184, 0.631502
887, 185, 1.880346
887, 186, 3.378353
887, 187, 0.000000
887, 188, 2.141720
887, 189, 2.873325
887, 190, 2.387929
887, 191, 0.717938
887, 192, 2.106755
887, 193, 2.739710
887, 194, 1.537415
887, 195, -0.281320
887, 196, 3.980904
887, 197, 2.393830
887, 198, 2.275571
887, 199, 1.457257
889, 0, 1.503664
889, 1, 1.547395
889, 2, 2.262461
889, 3, 1.150860
889, 4, -0.339888
889, 5, 2.019022
889, 6, -0.000013
889, 7, 1.283835
889, 8, 3.375812
889, 9, 1.717014
889, 10, 1.799210
889, 11, 2.271102
889, 12, 2.547734
889, 13, 0.000000
889, 14, 2.627915
889, 15, 2.483304
889, 16, 1.129258
889, 17, 3.214736
889, 18, 3.589126
889, 19, 2.589026
889, 20, 4.271635
889, 21, 0.436530
889, 22, 2.161510
889, 23, 1.270559
889, 24, 1.288718
889, 25, 2.046121
889, 26, 1.010668
889, 27, 0.812977
889, 28, 1.979442
889, 29, 1.907762
889, 30, 0.668950
889, 31, 2.598335
889, 32, 0.422124
889, 33, 2.777302
889, 34, 2.359519
889, 35, 2.612494
889, 36, 2.287763
889, 37, 1.656827
889, 38, 0.375477
889, 39, 1.569139
889, 40, 2.690736
889, 41, 1.750268
889, 42, 1.011686
889, 43, 1.442728
889, 44, 0.519650
889, 45, 1.446812
889, 46, 2.338293
889, 47, 1.415481
889, 48, 2.600953
889, 49, -0.160065
889, 50, 2.174345
889, 51, 0.485420
889, 52, 1.514256
889, 53, -0.000015
889, 54, 2.740223
889, 55, 3.170025
889, 56, 2.533217
889, 57, 2.972407
889, 58, 0.829374
889, 59, 1.691667
889, 60, 0.000000
889, 61, 1.402721
889, 62, 2.046885
889, 63, 1.722669
889, 64, 2.057648
889, 65, 3.485802
889, 66, 1.750670
889, 67, 2.511020
889, 68, 1.571999
889, 69, 2.720179
889, 70, 2.952577
889, 71, 2.587772
889, 72, 3.798990
889, 73, 3.212852
889, 74, 1.580833
889, 75, 1.934788
889, 76, 1.049166
889, 77, 1.420346
889, 78, 1.805377
889, 79, 2.797782
889, 80, 2.671582
889, 81, 1.710896
889, 82, -0.110953
889, 83, 1.231731
889, 84, 0.939994
889, 85, 3.020050
889, 86, 3.306103
889, 87, 2.334270
889, 88, 1.403196
889, 89, 0.544654
889, 90, 1.203635
889, 91, 1.344339
889, 92, 0.672629
889, 93, 2.642833
889, 94, 1.653502
889, 95, 0.939805
889, 96, 1.644620
889, 97, 4.298026
889, 98, 2.124445
889, 99, 1.083238
889, 100, 0.792004
889, 101, -0.031273
889, 102, 1.865048
889, 103, 0.000000
889, 104, 3.471089
889, 105, 2.847619
889, 106, 1.431670
889, 107, 1.925069
889, 108, -0.090013
889, 109, 0.376557
889, 110, 1.771988
889, 111, 0.819662
889, 112, 1.185186
889, 113, 3.546872
889, 114, 1.041432
889, 115, 2.078758
889, 116, 1.435960
889, 117, 2.385725
889, 118, 1.599846
889, 119, 1.334032
889, 120, 2.301380
889, 121, 3.609784
889, 122, 2.492165
889, 123, 0.346461
889, 124, 2.149926
889, 125, 4.269779
889, 126, 1.223118
889, 127, 0.838413
889, 128, 0.512609
889, 129, 0.068566
889, 130, 1.536904
889, 131, 1.765902
889, 132, 1.469588
889, 133, 0.158527
889, 134, 1.165754
889, 135, 0.744959
889, 136, -0.000010
889, 137, 1.547752
889, 138, 0.987940
889, 139, 0.937750
889, 140, 3.513994
889, 141, 2.345867
889, 142, 3.159105
889, 143, 1.970534
889, 144, 1.508965
889, 145, 1.077613
889, 146, 1.966183
889, 147, 3.904430
889, 148, 2.480981
889, 149, 3.531211
889, 150, 1.562608
889, 151, 1.927281
889, 152, 2.086525
889, 153, 0.000000
889, 154, 1.593774
889, 155, 2.281430
889, 156, -0.010000
889, 157, 3.007374
889, 158, 1.993107
889, 159, 1.077853
889, 160, 2.884782
889, 161, 2.095658
889, 162, 3.448475
889, 163, 2.510499
889, 164, 3.344564
889, 165, 2.985890
889, 166, 3.628054
889, 167, 1.409328
889, 168, 0.324529
889, 169, 1.776055
889, 170, 1.509260
889, 171, 2.813657
889, 172, 2.652752
889, 173, 2.610909
889, 174, 2.153194
889, 175, 1.474262
889, 176, 3.361532
889, 177, 2.476950
889, 178, 0.529260
889, 179, 3.045457
889, 180, 3.491277
889, 181, 0.837788
889, 182, 3.133410
889, 183, -0.040000
889, 184, 0.631502
889, 185, 1.880346
889, 186, 3.363781
889, 187, 0.000000
889, 188, 2.153112
889, 189, 2.924244
889, 190, 2.387929
889, 191, 0.717938
889, 192, 2.125591
889, 193, 2.741061
889, 194, 1.537416
889, 195, -0.281320
889, 196, 3.982887
889, 197, 2.396869
889, 198, 2.275546
889, 199, 1.457187
891, 0, 1.503664
891, 1, 1.547395
891, 2, 2.292644
891, 3, 1.150857
891, 4, -0.339888
891, 5, 2.021303
891, 6, -0.000013
891, 7, 1.283830
891, 8, 3.369727
891, 9, 1.717014
891, 10, 1.799209
891, 11, 2.271102
891, 12, 2.543420
891, 13, 0.000000
891, 14, 2.627987
891, 15, 2.494481
891, 16, 1.129258
891, 17, 3.227742
891, 18, 3.587342
891, 19, 2.589026
891, 20, 4.291866
891, 21, 0.436530
891, 22, 2.161510
891, 23, 1.270559
891, 24, 1.290803
891, 25, 2.046121
891, 26, 1.010668
891, 27, 0.812977
891, 28, 1.979178
891, 29, 1.905172
891, 30, 0.668950
891, 31, 2.593577
891, 32, 0.422124
891, 33, 2.771698
891, 34, 2.399390
891, 35, 2.612525
891, 36, 2.289723
891, 37, 1.446375
891, 38, 0.375477
891, 39, 1.569139
891, 40, 2.690736
891, 41, 1.750277
891, 42, 1.011686
891, 43, 1.442728
891, 44, 0.519650
891, 45, 1.444423
891, 46, 2.314858
891, 47, 1.415481
891, 48, 2.601151
891, 49, -0.160065
891, 50, 2.174345
891, 51, 0.485420
891, 52, 1.514256
891, 53, -0.000015
891, 54, 2.719166
891, 55, 3.170945
891, 56, 2.524662
891, 57, 2.972493
891, 58, 0.829374
891, 59, 1.691667
891, 60, 0.000000
891, 61, 1.402721
891, 62, 2.046885
891, 63, 1.722669
891, 64, 2.057648
891, 65, 3.470244
891, 66, 1.750670
891, 67, 2.511020
891, 68, 1.571999
891, 69, 2.720179
891, 70, 2.954841
891, 71, 2.583018
891, 72, 3.799131
891, 73, 3.211344
891, 74, 1.580833
891, 75, 1.934788
891, 76, 1.049166
891, 77, 1.420346
891, 78, 1.805377
891, 79, 2.797782
891, 80, 2.672435
891, 81, 1.710896
891, 82, -0.108077
891, 83, 1.231954
891, 84, 0.939994
891, 85, 3.020050
891, 86, 3.311349
891, 87, 2.334270
891, 88, 1.403196
891, 89, 0.544654
891, 90, 1.203633
891, 91, 1.331113
891, 92, 0.672629
891, 93, 2.654879
891, 94, 1.649323
891, 95, 0.945695
891, 96, 1.645560
891, 97, 4.307100
891, 98, 2.129953
891, 99, 1.083238
891, 100, 0.792004
891, 101, -0.031273
891, 102, 1.865048
891, 103, 0.000000
891, 104, 3.471133
891, 105, 2.846176
891, 106, 1.431670
891, 107, 1.938817
891, 108, -0.090013
891, 109, 0.376557
891, 110, 1.771988
891, 111, 0.819162
891, 112, 1.185186
891, 113, 3.555227
891, 114, 1.041432
891, 115, 1.991867
891, 116, 1.435960
891, 117, 2.384626
891, 118, 1.604611
891, 119, 1.334032
891, 120, 2.301380
891, 121, 3.664960
891, 122, 2.492165
891, 123, 0.346461
891, 124, 2.149925
891, 125, 4.286883
891, 126, 1.223790
891, 127, 0.838413
891, 128, 0.512609
891, 129, 0.068566
891, 130, 1.536905
891, 131, 1.765901
891, 132, 1.469587
891, 133, 0.158527
891, 134, 1.165754
891, 135, 0.744959
891, 136, -0.000010
891, 137, 1.548041
891, 138, 0.987940
891, 139, 0.937750
891, 140, 3.517015
891, 141, 2.345867
891, 142, 3.156053
891, 143, 1.971710
891, 144, 1.508965
891, 145, 1.077613
891, 146, 1.966183
891, 147, 3.899749
891, 148, 2.480981
891, 149, 3.530879
891, 150, 1.562608
891, 151, 1.929041
891, 152, 2.086525
891, 153, 0.000000
891, 154, 1.593774
891, 155, 2.281430
891, 156, -0.010000
891, 157, 3.008928
891, 158, 1.993107
891, 159, 1.077853
891, 160, 2.952570
891, 161, 2.095658
891, 162, 3.453864
891, 163, 2.510499
891, 164, 3.343881
891, 165, 2.984955
891, 166, 3.633039
891, 167, 1.409328
891, 168, 0.324529
891, 169, 1.776554
891, 170, 1.509260
891, 171, 2.811936
891, 172, 2.670525
891, 173, 2.610462
891, 174, 2.146902
891, 175, 1.474262
891, 176, 3.362695
891, 177, 2.477322
891, 178, 0.529260
891, 179, 3.049716
891, 180, 3.514196
891, 181, 0.837788
891, 182, 3.133410
891, 183, -0.040000
891, 184, 0.631502
891, 185, 1.880346
891, 186, 3.359738
891, 187, 0.000000
891, 188, 2.159132
891, 189, 2.882589
891, 190, 2.387929
891, 191, 0.717938
891, 192, 2.100926
891, 193, 2.741403
891, 194, 1.537414
891, 195, -0.281317
891, 196, 3.980965
891, 197, 2.394733
891, 198, 2.275569
891, 199, 1.457337
893, 0, 1.503664
893, 1, 1.547395
893, 2, 2.277763
893, 3, 1.150858
893, 4, -0.339888
893, 5, 2.021509
893, 6, -0.000013
893, 7, 1.283832
893, 8, 3.344782
893, 9, 1.717014
893, 10, 1.799210
893, 11, 2.271102
893, 12, 2.543094
893, 13, 0.000000
893, 14, 2.628012
893, 15, 2.489144
893, 16, 1.129258
893, 17, 3.231615
893, 18, 3.566135
893, 19, 2.592857
893, 20, 4.286740
893, 21, 0.436530
893, 22, 2.161510
893, 23, 1.270559
893, 24, 1.297294
893, 25, 2.046121
893, 26, 1.010668
893, 27, 0.812977
893, 28, 1.980758
893, 29, 1.905950
893, 30, 0.668950
893, 31, 2.592500
893, 32, 0.422124
893, 33, 2.741373
893, 34, 2.354665
893, 35, 2.612522
893, 36, 2.292508
893, 37, 1.590361
893, 38, 0.375477
893, 39, 1.569139
893, 40, 2.690736
893, 41, 1.750309
893, 42, 1.011686
893, 43, 1.442728
893, 44, 0.519650
893, 45, 1.445155
893, 46, 2.303645
893, 47, 1.415481
893, 48, 2.596146
893, 49, -0.160065
893, 50, 2.174345
893, 51, 0.485420
893, 52, 1.514256
893, 53, -0.000015
893, 54, 2.735776
893, 55, 3.165111
893, 56, 2.524343
893, 57, 2.972558
893, 58, 0.829374
893, 59, 1.691667
893, 60, 0.000000
893, 61, 1.402721
893, 62, 2.046885
893, 63, 1.722669
893, 64, 2.057648
893, 65, 3.452544
893, 66, 1.750670
893, 67, 2.511020
893, 68, 1.571999
893, 69, 2.720179
893, 70, 2.953764
893, 71, 2.583024
893, 72, 3.798794
893, 73, 3.211224
893, 74, 1.580833
893, 75, 1.934788
893, 76, 1.049166
893, 77, 1.420346
893, 78, 1.805377
893, 79, 2.797783
893, 80, 2.672277
893, 81, 1.710896
893, 82, -0.108506
893, 83, 1.231602
893, 84, 0.939994
893, 85, 3.020050
893, 86, 3.304648
893, 87, 2.334270
893, 88, 1.403196
893, 89, 0.544654
893, 90, 1.203634
893, 91, 1.342796
893, 92, 0.672629
893, 93, 2.666537
893, 94, 1.659207
893, 95, 0.937791
893, 96, 1.648143
893, 97, 4.305459
893, 98, 2.128226
893, 99, 1.083238
893, 100, 0.792004
893, 101, -0.031273
893, 102, 1.865048
893, 103, 0.000000
893, 104, 3.450670
893, 105, 2.847504
893, 106, 1.431670
893, 107, 1.930249
893, 108, -0.090013
893, 109, 0.376557
893, 110, 1.771988
893, 111, 0.818942
893, 112, 1.185186
893, 113, 3.553940
893, 114, 1.041432
893, 115, 2.079964
893, 116, 1.427192
893, 117, 2.385143
893, 118, 1.606833
893, 119, 1.334032
893, 120, 2.301379
893, 121, 3.604464
893, 122, 2.492165
893, 123, 0.346461
893, 124, 2.149925
893, 125, 4.265862
893, 126, 1.223786
893, 127, 0.838413
893, 128, 0.512609
893, 129, 0.068566
893, 130, 1.536904
893, 131, 1.765901
893, 132, 1.469587
893, 133, 0.158527
893, 134, 1.165754
893, 135, 0.744959
893, 136, -0.000010
893, 137, 1.547997
893, 138, 0.987940
893, 139, 0.937750
893, 140, 3.506332
893, 141, 2.345868
893, 142, 3.149230
893, 143, 1.972981
893, 144, 1.508965
893, 145, 1.077613
893, 146, 1.966183
893, 147, 3.902661
893, 148, 2.480981
893, 149, 3.530839
893, 150, 1.562608
893, 151, 1.926110
893, 152, 2.086525
893, 153, 0.000000
893, 154, 1.593774
893, 155, 2.281430
893, 156, -0.010000
893, 157, 3.011252
893, 158, 1.993107
893, 159, 1.077853
893, 160, 2.943911
893, 161, 2.095658
893, 162, 3.455431
893, 163, 2.510499
893, 164, 3.344190
893, 165, 2.985883
893, 166, 3.634041
893, 167, 1.409328
893, 168, 0.324529
893, 169, 1.777088
893, 170, 1.509260
893, 171, 2.793926
893, 172, 2.670599
893, 173, 2.610706
893, 174, 2.169777
893, 175, 1.474262
893, 176, 3.362695
893, 177, 2.488276
893, 178, 0.529260
893, 179, 3.053306
893, 180, 3.510122
893, 181, 0.837788
893, 182, 3.133410
893, 183, -0.040000
893, 184, 0.631502
893, 185, 1.880346
893, 186, 3.363858
893, 187, 0.000000
893, 188, 2.154357
893, 189, 2.916381
893, 190, 2.387929
893, 191, 0.717938
893, 192, 2.123724
893, 193, 2.744458
893, 194, 1.537415
893, 195, -0.281318
893, 196, 3.982612
893, 197, 2.394749
893, 198, 2.275548
893, 199, 1.457502
895, 0, 1.503664
895, 1, 1.547395
895, 2, 2.301652
895, 3, 1.150858
895, 4, -0.339888
895, 5, 2.018337
895, 6, -0.000013
895, 7, 1.283833
895, 8, 3.319717
895, 9, 1.717014
895, 10, 1.799210
895, 11, 2.271102
895, 12, 2.545588
895, 13, 0.000000
895, 14, 2.628091
895, 15, 2.524554
895, 16, 1.129258
895, 17, 3.229078
895, 18, 3.582521
895, 19, 2.599067
895, 20, 4.284634
895, 21, 0.436530
895, 22, 2.161510
895, 23, 1.270559
895, 24, 1.288182
895, 25, 2.046121
895, 26, 1.010668
895, 27, 0.812977
895, 28, 1.981744
895, 29, 1.910293
895, 30, 0.668950
895, 31, 2.594009
895, 32, 0.422124
895, 33, 2.727570
895, 34, 2.395959
895, 35, 2.612557
895, 36, 2.298140
895, 37, 1.658959
895, 38, 0.375477
895, 39, 1.569139
895, 40, 2.690736
895, 41, 1.750352
895, 42, 1.011686
895, 43, 1.442728
895, 44, 0.519650
895, 45, 1.449167
895, 46, 2.316505
895, 47, 1.415481
895, 48, 2.595282
895, 49, -0.160065
895, 50, 2.174345
895, 51, 0.485420
895, 52, 1.514256
895, 53, -0.000015
895, 54, 2.758234
895, 55, 3.171337
895, 56, 2.530309
895, 57, 2.972646
895, 58, 0.829374
895, 59, 1.691667
895, 60, 0.000000
895, 61, 1.402721
895, 62, 2.046886
895, 63, 1.722669
895, 64, 2.057648
895, 65, 3.456564
895, 66, 1.750670
895, 67, 2.511020
895, 68, 1.571999
895, 69, 2.720179
895, 70, 2.954746
895, 71, 2.583027
895, 72, 3.799310
895, 73, 3.212436
895, 74, 1.580833
895, 75, 1.934788
895, 76, 1.049166
895, 77, 1.420346
895, 78, 1.805377
895, 79, 2.797782
895, 80, 2.670904
895, 81, 1.710896
895, 82, -0.111220
895, 83, 1.231343
895, 84, 0.939994
895, 85, 3.020050
895, 86, 3.298379
895, 87, 2.334270
895, 88, 1.403196
895, 89, 0.544654
895, 90, 1.203635
895, 91, 1.344830
895, 92, 0.672629
895, 93, 2.667871
895, 94, 1.660366
895, 95, 0.926696
895, 96, 1.640641
895, 97, 4.306133
895, 98, 2.136593
895, 99, 1.083238
895, 100, 0.792004
895, 101, -0.031273
895, 102, 1.865048
895, 103, 0.000000
895, 104, 3.476013
895, 105, 2.847757
895, 106, 1.431670
895, 107, 1.945236
895, 108, -0.090013
895, 109, 0.376557
895, 110, 1.771988
895, 111, 0.818545
895, 112, 1.185186
895, 113, 3.529007
895, 114, 1.041432
895, 115, 1.984496
895, 116, 1.427192
895, 117, 2.384718
895, 118, 1.597604
895, 119, 1.334032
895, 120, 2.301379
895, 121, 3.664141
895, 122, 2.492165
895, 123, 0.346461
895, 124, 2.149925
895, 125, 4.283513
895, 126, 1.223933
895, 127, 0.838413
895, 128, 0.512609
895, 129, 0.068566
895, 130, 1.536904
895, 131, 1.765902
895, 132, 1.469588
895, 133, 0.158527
895, 134, 1.165754
895, 135, 0.744959
895, 136, -0.000010
895, 137, 1.548011
895, 138, 0.987940
895, 139, 0.937750
895, 140, 3.514217
895, 141, 2.345868
895, 142, 3.132445
895, 143, 1.976704
895, 144, 1.508965
895, 145, 1.077613
895, 146, 1.966183
895, 147, 3.911221
895, 148, 2.480981
895, 149, 3.528891
895, 150, 1.562608
895, 151, 1.925020
895, 152, 2.086525
895, 153, 0.000000
895, 154, 1.593774
895, 155, 2.281431
895, 156, -0.010000
895, 157, 3.014319
895, 158, 1.993107
895, 159, 1.077853
895, 160, 2.923339
895, 161, 2.095658
895, 162, 3.460683
895, 163, 2.510499
895, 164, 3.343882
895, 165, 2.987438
895, 166, 3.629508
895, 167, 1.409328
895, 168, 0.324529
895, 169, 1.777014
895, 170, 1.509260
895, 171, 2.819788
895, 172, 2.680520
895, 173, 2.609502
895, 174, 2.182864
895, 175, 1.474262
895, 176, 3.365012
895, 177, 2.471555
895, 178, 0.529260
895, 179, 3.051770
895, 180, 3.475437
895, 181, 0.837788
895, 182, 3.133410
895, 183, -0.040000
895, 184, 0.631502
895, 185, 1.880346
895, 186, 3.365424
895, 187, 0.000000
895, 188, 2.135791
895, 189, 2.802411
895, 190, 2.387929
895, 191, 0.717938
895, 192, 2.074943
895, 193, 2.744695
895, 194, 1.537415
895, 195, -0.281319
895, 196, 3.982054
895, 197, 2.393205
895, 198, 2.275532
895, 199, 1.457580
897, 0, 1.503664
897, 1, 1.547396
897, 2, 2.294242
897, 3, 1.150859
897, 4, -0.339888
897, 5, 2.017149
897, 6, -0.000013
897, 7, 1.283834
897, 8, 3.348191
897, 9, 1.717014
897, 10, 1.799210
897, 11, 2.271102
897, 12, 2.538435
897, 13, 0.000000
897, 14, 2.628187
897, 15, 2.502027
897, 16, 1.129258
897, 17, 3.230464
897, 18, 3.586533
897, 19, 2.589026
897, 20, 4.281092
897, 21, 0.436530
897, 22, 2.161510
897, 23, 1.270559
897, 24, 1.277902
897, 25, 2.046121
897, 26, 1.010668
897, 27, 0.812977
897, 28, 1.982359
897, 29, 1.909445
897, 30, 0.668950
897, 31, 2.586757
897, 32, 0.422124
897, 33, 2.758343
897, 34, 2.369512
897, 35, 2.612603
897, 36, 2.300901
897, 37, 1.540468
897, 38, 0.375477
897, 39, 1.569139
897, 40, 2.690736
897, 41, 1.750413
897, 42, 1.011686
897, 43, 1.442728
897, 44, 0.519650
897, 45, 1.448384
897, 46, 2.330480
897, 47, 1.415481
897, 48, 2.595531
897, 49, -0.160065
897, 50, 2.174345
897, 51, 0.485420
897, 52, 1.514256
897, 53, -0.000015
897, 54, 2.764704
897, 55, 3.170936
897, 56, 2.522669
897, 57, 2.972740
897, 58, 0.829374
897, 59, 1.691667
897, 60, 0.000000
897, 61, 1.402721
897, 62, 2.046885
897, 63, 1.722669
897, 64, 2.057648
897, 65, 3.460268
897, 66, 1.750670
897, 67, 2.511020
897, 68, 1.571999
897, 69, 2.720179
897, 70, 2.954327
897, 71, 2.586759
897, 72, 3.798932
897, 73, 3.210304
897, 74, 1.580833
897, 75, 1.934788
897, 76, 1.049166
897, 77, 1.420346
897, 78, 1.805377
897, 79, 2.797782
897, 80, 2.670757
897, 81, 1.710896
897, 82, -0.110647
897, 83, 1.231037
897, 84, 0.939994
897, 85, 3.020050
897, 86, 3.310667
897, 87, 2.334270
897, 88, 1.403196
897, 89, 0.544654
897, 90, 1.203635
897, 91, 1.335865
897, 92, 0.672629
897, 93, 2.672183
897, 94, 1.656946
897, 95, 0.914163
897, 96, 1.642829
897, 97, 4.306290
897, 98, 2.143913
897, 99, 1.083238
897, 100, 0.792004
897, 101, -0.031273
897, 102, 1.865048
897, 103, 0.000000
897, 104, 3.466161
897, 105, 2.846796
897, 106, 1.431670
897, 107, 1.935876
897, 108, -0.090013
897, 109, 0.376557
897, 110, 1.771988
897, 111, 0.818146
897, 112, 1.185186
897, 113, 3.554929
897, 114, 1.041432
897, 115, 2.002944
897, 116, 1.427192
897, 117, 2.385473
897, 118, 1.615135
897, 119, 1.334032
897, 120, 2.301379
897, 121, 3.605117
897, 122, 2.492165
897, 123, 0.346461
897, 124, 2.149925
897, 125, 4.266671
897, 126, 1.223849
897, 127, 0.838413
897, 128, 0.512609
897, 129, 0.068566
897, 130, 1.536904
897, 131, 1.765901
897, 132, 1.469586
897, 133, 0.158527
897, 134, 1.165754
897, 135, 0.744959
897, 136, -0.000010
897, 137, 1.547929
897, 138, 0.987940
897, 139, 0.937750
897, 140, 3.520648
897, 141, 2.345869
897, 142, 3.136353
897, 143, 1.986023
897, 144, 1.508965
897, 145, 1.077613
897, 146, 1.966183
897, 147, 3.906918
897, 148, 2.480981
897, 149, 3.529544
897, 150, 1.562608
897, 151, 1.903034
897, 152, 2.101766
897, 153, 0.000000
897, 154, 1.593774
897, 155, 2.281431
897, 156, -0.010000
897, 157, 3.012275
897, 158, 1.993107
897, 159, 1.077853
897, 160, 2.952770
897, 161, 2.095658
897, 162, 3.460081
897, 163, 2.510499
897, 164, 3.343882
897, 165, 2.987141
897, 166, 3.620110
897, 167, 1.409328
897, 168, 0.324529
897, 169, 1.776717
897, 170, 1.509260
897, 171, 2.806326
897, 172, 2.702004
897, 173, 2.616297
897, 174, 2.174699
897, 175, 1.474262
897, 176, 3.367146
897, 177, 2.490246
897, 178, 0.529260
897, 179, 3.048735
897, 180, 3.517245
897, 181, 0.837788
897, 182, 3.133410
897, 183, -0.040000
897, 184, 0.631502
897, 185, 1.880346
897, 186, 3.367850
897, 187, 0.000000
897, 188, 2.129760
897, 189, 2.854603
897, 190, 2.387929
897, 191, 0.717938
897, 192, 2.080168
897, 193, 2.744596
897, 194, 1.537414
897, 195, -0.281319
897, 196, 3.982050
897, 197, 2.396286
897, 198, 2.275499
897, 199, 1.457563
899, 0, 1.503664
899, 1, 1.547395
899, 2, 2.295897
899, 3, 1.150859
899, 4, -0.339888
899, 5, 2.018506
899, 6, -0.000013
899, 7, 1.283834
899, 8, 3.332618
899, 9, 1.717014
899, 10, 1.799210
899, 11, 2.271102
899, 12, 2.528097
899, 13, 0.000000
899, 14, 2.627418
899, 15, 2.543482
899, 16, 1.129258
899, 17, 3.228970
899, 18, 3.588385
899, 19, 2.589026
899, 20, 4.269439
899, 21, 0.436530
899, 22, 2.161510
899, 23, 1.270559
899, 24, 1.274333
899, 25, 2.046121
899, 26, 1.010668
899, 27, 0.812977
899, 28, 1.981372
899, 29, 1.903746
899, 30, 0.668950
899, 31, 2.576694
899, 32, 0.422124
899, 33, 2.775906
899, 34, 2.395584
899, 35, 2.612073
899, 36, 2.302646
899, 37, 1.508199
899, 38, 0.375477
899, 39, 1.569139
899, 40, 2.690736
899, 41, 1.750474
899, 42, 1.011686
899, 43, 1.442728
899, 44, 0.519650
899, 45, 1.444301
899, 46, 2.328758
899, 47, 1.415481
899, 48, 2.593720
899, 49, -0.160065
899, 50, 2.174345
899, 51, 0.485420
899, 52, 1.514256
899, 53, -0.000015
899, 54, 2.765506
899, 55, 3.170828
899, 56, 2.527981
899, 57, 2.972794
899, 58, 0.829374
899, 59, 1.691667
899, 60, 0.000000
899, 61, 1.402721
899, 62, 2.046885
899, 63, 1.722669
899, 64, 2.057648
899, 65, 3.454917
899, 66, 1.750670
899, 67, 2.511020
899, 68, 1.571999
899, 69, 2.720179
899, 70, 2.953908
899, 71, 2.583026
899, 72, 3.799022
899, 73, 3.206733
899, 74, 1.580833
899, 75, 1.934788
899, 76, 1.049166
899, 77, 1.420346
899, 78, 1.805377
899, 79, 2.797782
899, 80, 2.671155
899, 81, 1.710896
899, 82, -0.107910
899, 83, 1.230930
899, 84, 0.939994
899, 85, 3.020049
899, 86, 3.322125
899, 87, 2.334270
899, 88, 1.403196
899, 89, 0.544654
899, 90, 1.203635
899, 91, 1.321972
899, 92, 0.672629
899, 93, 2.652355
899, 94, 1.653922
899, 95, 0.935262
899, 96, 1.640302
899, 97, 4.299687
899, 98, 2.164634
899, 99, 1.083238
899, 100, 0.792004
899, 101, -0.031273
899, 102, 1.865048
899, 103, 0.000000
899, 104, 3.446971
899, 105, 2.845258
899, 106, 1.431670
899, 107, 1.952686
899, 108, -0.090013
899, 109, 0.376557
899, 110, 1.771988
899, 111, 0.818398
899, 112, 1.185186
899, 113, 3.555738
899, 114, 1.041432
899, 115, 1.997383
899, 116, 1.427192
899, 117, 2.385562
899, 118, 1.607991
899, 119, 1.334032
899, 120, 2.301379
899, 121, 3.663784
899, 122, 2.491351
899, 123, 0.346461
899, 124, 2.149926
899, 125, 4.285962
899, 126, 1.223826
899, 127, 0.838413
899, 128, 0.512609
899, 129, 0.068566
899, 130, 1.536904
899, 131, 1.765901
899, 132, 1.469586
899, 133, 0.158527
899, 134, 1.165754
899, 135, 0.744959
899, 136, -0.000010
899, 137, 1.547878
899, 138, 0.987940
899, 139, 0.937750
899, 140, 3.525600
899, 141, 2.345868
899, 142, 3.141257
899, 143, 1.982367
899, 144, 1.508965
899, 145, 1.077613
899, 146, 1.966183
899, 147, 3.902294
899, 148, 2.480981
899, 149, 3.531084
899, 150, 1.562608
899, 151, 1.924232
899, 152, 2.117943
899, 153, 0.000000
899, 154, 1.593774
899, 155, 2.281430
899, 156, -0.010000
899, 157, 3.012281
899, 158, 1.993107
899, 159, 1.077853
899, 160, 2.954581
899, 161, 2.095658
899, 162, 3.456691
899, 163, 2.510499
899, 164, 3.345171
899, 165, 2.985451
899, 166, 3.632458
899, 167, 1.409328
899, 168, 0.324529
899, 169, 1.777067
899, 170, 1.509260
899, 171, 2.809289
899, 172, 2.672997
899, 173, 2.621449
899, 174, 2.185092
899, 175, 1.474262
899, 176, 3.361545
899, 177, 2.499414
899, 178, 0.529260
899, 179, 3.049942
899, 180, 3.513282
899, 181, 0.837788
899, 182, 3.133410
899, 183, -0.040000
899, 184, 0.631502
899, 185, 1.880346
899, 186, 3.352966
899, 187, 0.000000
899, 188, 2.139982
899, 189, 2.814929
899, 190, 2.387929
899, 191, 0.717938
899, 192, 2.124428
899, 193, 2.736062
899, 194, 1.537413
899, 195, -0.281320
899, 196, 3.980423
899, 197, 2.392654
899, 198, 2.275457
899, 199, 1.457466
901, 0, 1.503664
901, 1, 1.547395
901, 2, 2.293785
901, 3, 1.150856
901, 4, -0.339888
901, 5, 2.023313
901, 6, -0.000013
901, 7, 1.283832
901, 8, 3.297514
901, 9, 1.717014
901, 10, 1.799209
901, 11, 2.271102
901, 12, 2.518254
901, 13, 0.000000
901, 14, 2.627446
901, 15, 2.552064
901, 16, 1.129258
901, 17, 3.231137
901, 18, 3.587958
901, 19, 2.599622
901, 20, 4.288626
901, 21, 0.436530
901, 22, 2.161510
901, 23, 1.270559
901, 24, 1.278850
901, 25, 2.046121
901, 26, 1.010668
901, 27, 0.812977
901, 28, 1.982123
901, 29, 1.898395
901, 30, 0.668950
901, 31, 2.567153
901, 32, 0.422124
901, 33, 2.735321
901, 34, 2.374363
901, 35, 2.612075
901, 36, 2.304806
901, 37, 1.577987
901, 38, 0.375477
901, 39, 1.569139
901, 40, 2.690736
901, 41, 1.750557
901, 42, 1.011686
901, 43, 1.442728
901, 44, 0.519650
901, 45, 1.439456
901, 46, 2.311505
901, 47, 1.415481
901, 48, 2.594449
901, 49, -0.160065
901, 50, 2.174345
901, 51, 0.485420
901, 52, 1.514256
901, 53, -0.000015
901, 54, 2.758424
901, 55, 3.171463
901, 56, 2.527815
901, 57, 2.972849
901, 58, 0.829374
901, 59, 1.691667
901, 60, 0.000000
901, 61, 1.402721
901, 62, 2.046886
901, 63, 1.722669
901, 64, 2.057648
901, 65, 3.473024
901, 66, 1.750670
901, 67, 2.511020
901, 68, 1.571999
901, 69, 2.720179
901, 70, 2.953676
901, 71, 2.583027
901, 72, 3.799464
901, 73, 3.203704
901, 74, 1.580833
901, 75, 1.934788
901, 76, 1.049166
901, 77, 1.420346
901, 78, 1.805377
901, 79, 2.797782
901, 80, 2.672912
901, 81, 1.710896
901, 82, -0.104737
901, 83, 1.231164
901, 84, 0.939994
901, 85, 3.020050
901, 86, 3.318834
901, 87, 2.334270
901, 88, 1.403196
901, 89, 0.544654
901, 90, 1.203635
901, 91, 1.319587
901, 92, 0.672629
901, 93, 2.671076
901, 94, 1.654558
901, 95, 0.930151
901, 96, 1.642672
901, 97, 4.304336
901, 98, 2.170614
901, 99, 1.083238
901, 100, 0.792004
901, 101, -0.031273
901, 102, 1.865048
901, 103, 0.000000
901, 104, 3.446996
901, 105, 2.845010
901, 106, 1.431670
901, 107, 1.941972
901, 108, -0.090013
901, 109, 0.376557
901, 110, 1.771988
901, 111, 0.819423
901, 112, 1.185186
901, 113, 3.551672
901, 114, 1.041432
901, 115, 1.997383
901, 116, 1.427192
901, 117, 2.385903
901, 118, 1.582447
901, 119, 1.334032
901, 120, 2.301379
901, 121, 3.677726
901, 122, 2.491351
901, 123, 0.346461
901, 124, 2.149925
901, 125, 4.289910
901, 126, 1.224737
901, 127, 0.838413
901, 128, 0.512609
901, 129, 0.068566
901, 130, 1.536904
901, 131, 1.765901
901, 132, 1.469586
901, 133, 0.158527
901, 134, 1.165754
901, 135, 0.744959
901, 136, -0.000010
901, 137, 1.548293
901, 138, 0.987940
901, 139, 0.937750
901, 140, 3.527304
901, 141, 2.345867
901, 142, 3.151610
901, 143, 1.968986
901, 144, 1.508965
901, 145, 1.077613
901, 146, 1.966183
901, 147, 3.911934
901, 148, 2.480981
901, 149, 3.529827
901, 150, 1.562608
901, 151, 1.928613
901, 152, 2.131679
901, 153, 0.000000
901, 154, 1.593774
901, 155, 2.281430
901, 156, -0.010000
901, 157, 3.007362
901, 158, 1.993107
901, 159, 1.077853
901, 160, 2.941541
901, 161, 2.095658
901, 162, 3.452027
901, 163, 2.510499
901, 164, 3.343878
901, 165, 2.984246
901, 166, 3.625736
901, 167, 1.409328
901, 168, 0.324529
901, 169, 1.777729
901, 170, 1.509260
901, 171, 2.816843
901, 172, 2.694257
901, 173, 2.625465
901, 174, 2.176722
901, 175, 1.474262
901, 176, 3.356692
901, 177, 2.513602
901, 178, 0.529260
901, 179, 3.053060
901, 180, 3.505767
901, 181, 0.837788
901, 182, 3.133410
901, 183, -0.040000
901, 184, 0.631502
901, 185, 1.880346
901, 186, 3.358209
901, 187, 0.000000
901, 188, 2.146369
901, 189, 2.731471
901, 190, 2.387929
901, 191, 0.717938
901, 192, 2.068514
901, 193, 2.740030
901, 194, 1.537410
901, 195, -0.281317
901, 196, 3.980657
901, 197, 2.392662
901, 198, 2.275452
901, 199, 1.457332
903, 0, 1.503664
903, 1, 1.547395
903, 2, 2.337103
903, 3, 1.150858
903, 4, -0.339888
903, 5, 2.021860
903, 6, -0.000013
903, 7, 1.283834
903, 8, 3.318644
903, 9, 1.717014
903, 10, 1.799210
903, 11, 2.271102
903, 12, 2.519403
903, 13, 0.000000
903, 14, 2.625849
903, 15, 2.613928
903, 16, 1.129258
903, 17, 3.228606
903, 18, 3.585572
903, 19, 2.599622
903, 20, 4.282420
903, 21, 0.436530
903, 22, 2.161510
903, 23, 1.270559
903, 24, 1.259690
903, 25, 2.046121
903, 26, 1.010668
903, 27, 0.812977
903, 28, 1.982596
903, 29, 1.901297
903, 30, 0.668950
903, 31, 2.566004
903, 32, 0.422124
903, 33, 2.738122
903, 34, 2.391163
903, 35, 2.611694
903, 36, 2.301848
903, 37, 1.552416
903, 38, 0.375477
903, 39, 1.569139
903, 40, 2.690736
903, 41, 1.750653
903, 42, 1.011686
903, 43, 1.442728
903, 44, 0.519650
903, 45, 1.442096
903, 46, 2.321905
903, 47, 1.415481
903, 48, 2.599278
903, 49, -0.160065
903, 50, 2.174345
903, 51, 0.485420
903, 52, 1.514256
903, 53, -0.000015
903, 54, 2.763212
903, 55, 3.169090
903, 56, 2.528138
903, 57, 2.972655
903, 58, 0.829374
903, 59, 1.691667
903, 60, 0.000000
903, 61, 1.402721
903, 62, 2.046886
903, 63, 1.722669
903, 64, 2.057648
903, 65, 3.473019
903, 66, 1.750670
903, 67, 2.511020
903, 68, 1.571999
903, 69, 2.720188
903, 70, 2.955008
903, 71, 2.587506
903, 72, 3.799415
903, 73, 3.203424
903, 74, 1.580833
903, 75, 1.934788
903, 76, 1.049166
903, 77, 1.420346
903, 78, 1.805377
903, 79, 2.797783
903, 80, 2.672533
903, 81, 1.710896
903, 82, -0.106388
903, 83, 1.231532
903, 84, 0.939994
903, 85, 3.020050
903, 86, 3.308929
903, 87, 2.334270
903, 88, 1.403196
903, 89, 0.544654
903, 90, 1.203636
903, 91, 1.334093
903, 92, 0.672629
903, 93, 2.636688
903, 94, 1.653647
903, 95, 0.938216
903, 96, 1.643848
903, 97, 4.301489
903, 98, 2.166389
903, 99, 1.083238
903, 100, 0.792004
903, 101, -0.031273
903, 102, 1.865048
903, 103, 0.000000
903, 104, 3.432777
903, 105, 2.846672
903, 106, 1.431670
903, 107, 1.949920
903, 108, -0.090013
903, 109, 0.383702
903, 110, 1.771988
903, 111, 0.820533
903, 112, 1.185186
903, 113, 3.508177
903, 114, 1.041432
903, 115, 1.997383
903, 116, 1.427192
903, 117, 2.385384
903, 118, 1.582711
903, 119, 1.334032
903, 120, 2.301379
903, 121, 3.657360
903, 122, 2.491919
903, 123, 0.346461
903, 124, 2.149925
903, 125, 4.284461
903, 126, 1.225150
903, 127, 0.838413
903, 128, 0.512609
903, 129, 0.068566
903, 130, 1.536904
903, 131, 1.765901
903, 132, 1.469586
903, 133, 0.158527
903, 134, 1.165754
903, 135, 0.744959
903, 136, -0.000010
903, 137, 1.548461
903, 138, 0.987940
903, 139, 0.937750
903, 140, 3.510945
903, 141, 2.345868
903, 142, 3.142190
903, 143, 1.969188
903, 144, 1.508965
903, 145, 1.077613
903, 146, 1.966183
903, 147, 3.912621
903, 148, 2.480981
903, 149, 3.531090
903, 150, 1.562608
903, 151, 1.921919
903, 152, 2.137082
903, 153, 0.000000
903, 154, 1.593774
903, 155, 2.281430
903, 156, -0.010000
903, 157, 3.007369
903, 158, 1.993107
903, 159, 1.077853
903, 160, 2.934534
903, 161, 2.095658
903, 162, 3.456227
903, 163, 2.510499
903, 164, 3.345853
903, 165, 2.986021
903, 166, 3.625541
903, 167, 1.409328
903, 168, 0.324529
903, 169, 1.778342
903, 170, 1.509260
903, 171, 2.805823
903, 172, 2.680584
903, 173, 2.628047
903, 174, 2.132048
903, 175, 1.474262
903, 176, 3.366783
903, 177, 2.491245
903, 178, 0.529260
903, 179, 3.053442
903, 180, 3.425837
903, 181, 0.837788
903, 182, 3.133410
903, 183, -0.040000
903, 184, 0.631502
903, 185, 1.880346
903, 186, 3.361983
903, 187, 0.000000
903, 188, 2.146267
903, 189, 2.793399
903, 190, 2.387929
903, 191, 0.717938
903, 192, 2.124687
903, 193, 2.741896
903, 194, 1.537410
903, 195, -0.281318
903, 196, 3.979860
903, 197, 2.397933
903, 198, 2.275382
903, 199, 1.457155
905, 0, 1.503664
905, 1, 1.547395
905, 2, 2.338748
905, 3, 1.150858
905, 4, -0.339888
905, 5, 2.018884
905, 6, -0.000013
905, 7, 1.283834
905, 8, 3.342912
905, 9, 1.717014
905, 10, 1.799210
905, 11, 2.271102
905, 12, 2.527070
905, 13, 0.000000
905, 14, 2.626962
905, 15, 2.515858
905, 16, 1.129258
905, 17, 3.219438
905, 18, 3.589506
905, 19, 2.589026
905, 20, 4.291678
905, 21, 0.436530
905, 22, 2.161510
905, 23, 1.270559
905, 24, 1.234174
905, 25, 2.046121
905, 26, 1.010668
905, 27, 0.812977
905, 28, 1.982891
905, 29, 1.906005
905, 30, 0.668950
905, 31, 2.572418
905, 32, 0.422124
905, 33, 2.724262
905, 34, 2.331919
905, 35, 2.612399
905, 36, 2.297910
905, 37, 1.590604
905, 38, 0.375477
905, 39, 1.569139
905, 40, 2.690736
905, 41, 1.750720
905, 42, 1.011686
905, 43, 1.442728
905, 44, 0.519650
905, 45, 1.446361
905, 46, 2.323152
905, 47, 1.415481
905, 48, 2.598915
905, 49, -0.160065
905, 50, 2.174345
905, 51, 0.485420
905, 52, 1.514256
905, 53, -0.000015
905, 54, 2.739579
905, 55, 3.170832
905, 56, 2.532656
905, 57, 2.973173
905, 58, 0.829374
905, 59, 1.691667
905, 60, 0.000000
905, 61, 1.402721
905, 62, 2.046885
905, 63, 1.722669
905, 64, 2.057648
905, 65, 3.468117
905, 66, 1.750670
905, 67, 2.511020
905, 68, 1.571999
905, 69, 2.720188
905, 70, 2.950709
905, 71, 2.583028
905, 72, 3.798285
905, 73, 3.210650
905, 74, 1.580833
905, 75, 1.934788
905, 76, 1.049166
905, 77, 1.420346
905, 78, 1.805377
905, 79, 2.797782
905, 80, 2.671583
905, 81, 1.710896
905, 82, -0.106781
905, 83, 1.231796
905, 84, 0.939994
905, 85, 3.020050
905, 86, 3.298329
905, 87, 2.334270
905, 88, 1.403196
905, 89, 0.544654
905, 90, 1.203635
905, 91, 1.339600
905, 92, 0.672629
905, 93, 2.664927
905, 94, 1.656649
905, 95, 0.933129
905, 96, 1.648061
905, 97, 4.306943
905, 98, 2.130563
905, 99, 1.083238
905, 100, 0.792004
905, 101, -0.031273
905, 102, 1.865048
905, 103, 0.000000
905, 104, 3.441518
905, 105, 2.847310
905, 106, 1.431670
905, 107, 1.940568
905, 108, -0.090013
905, 109, 0.379766
905, 110, 1.771988
905, 111, 0.821349
905, 112, 1.185186
905, 113, 3.556333
905, 114, 1.041432
905, 115, 1.997383
905, 116, 1.427192
905, 117, 2.385414
905, 118, 1.578504
905, 119, 1.334032
905, 120, 2.301379
905, 121, 3.675573
905, 122, 2.491351
905, 123, 0.346461
905, 124, 2.149925
905, 125, 4.289920
905, 126, 1.225059
905, 127, 0.838413
905, 128, 0.512609
905, 129, 0.068566
905, 130, 1.536904
905, 131, 1.765901
905, 132, 1.469586
905, 133, 0.158527
905, 134, 1.165754
905, 135, 0.744959
905, 136, -0.000010
905, 137, 1.548380
905, 138, 0.987940
905, 139, 0.937750
905, 140, 3.523483
905, 141, 2.345868
905, 142, 3.133873
905, 143, 1.967031
905, 144, 1.508965
905, 145, 1.077613
905, 146, 1.966183
905, 147, 3.897425
905, 148, 2.480981
905, 149, 3.530381
905, 150, 1.562608
905, 151, 1.922768
905, 152, 2.130369
905, 153, 0.000000
905, 154, 1.593774
905, 155, 2.281431
905, 156, -0.010000
905, 157, 3.007389
905, 158, 1.993107
905, 159, 1.077853
905, 160, 2.905727
905, 161, 2.095658
905, 162, 3.454449
905, 163, 2.510499
905, 164, 3.343881
905, 165, 2.987438
905, 166, 3.609560
905, 167, 1.409328
905, 168, 0.324529
905, 169, 1.778179
905, 170, 1.509260
905, 171, 2.823829
905, 172, 2.710528
905, 173, 2.626328
905, 174, 2.143344
905, 175, 1.474262
905, 176, 3.356693
905, 177, 2.482546
905, 178, 0.529260
905, 179, 3.050133
905, 180, 3.514702
905, 181, 0.837788
905, 182, 3.133410
905, 183, -0.040000
905, 184, 0.631502
905, 185, 1.880346
905, 186, 3.385063
905, 187, 0.000000
905, 188, 2.154140
905, 189, 2.826213
905, 190, 2.387929
905, 191, 0.717938
905, 192, 2.100544
905, 193, 2.744177
905, 194, 1.537411
905, 195, -0.281319
905, 196, 3.979239
905, 197, 2.392648
905, 198, 2.275354
905, 199, 1.457264
907, 0, 1.503664
907, 1, 1.547395
907, 2, 2.326622
907, 3, 1.150859
907, 4, -0.339888
907, 5, 2.015565
907, 6, -0.000013
907, 7, 1.283834
907, 8, 3.310620
907, 9, 1.717014
907, 10, 1.799210
907, 11, 2.271102
907, 12, 2.520420
907, 13, 0.000000
907, 14, 2.627240
907, 15, 2.419886
907, 16, 1.129258
907, 17, 3.228365
907, 18, 3.589448
907, 19, 2.589026
907, 20, 4.263990
907, 21, 0.436530
907, 22, 2.161510
907, 23, 1.270559
907, 24, 1.228168
907, 25, 2.046121
907, 26, 1.010668
907, 27, 0.812977
907, 28, 1.983076
907, 29, 1.908111
907, 30, 0.668950
907, 31, 2.565806
907, 32, 0.422124
907, 33, 2.731727
907, 34, 2.379045
907, 35, 2.612554
907, 36, 2.300147
907, 37, 1.476950
907, 38, 0.375477
907, 39, 1.569139
907, 40, 2.690736
907, 41, 1.750897
907, 42, 1.011686
907, 43, 1.442728
907, 44, 0.519650
907, 45, 1.448293
907, 46, 2.353921
907, 47, 1.415481
907, 48, 2.598290
907, 49, -0.160065
907, 50, 2.174345
907, 51, 0.485420
907, 52, 1.514256
907, 53, -0.000015
907, 54, 2.750928
907, 55, 3.168801
907, 56, 2.523098
907, 57, 2.973330
907, 58, 0.829374
907, 59, 1.691667
907, 60, 0.000000
907, 61, 1.402721
907, 62, 2.046885
907, 63, 1.722669
907, 64, 2.057648
907, 65, 3.461385
907, 66, 1.750670
907, 67, 2.511020
907, 68, 1.571999
907, 69, 2.720196
907, 70, 2.953324
907, 71, 2.586340
907, 72, 3.796766
907, 73, 3.208536
907, 74, 1.580833
907, 75, 1.934788
907, 76, 1.049166
907, 77, 1.420346
907, 78, 1.805377
907, 79, 2.797782
907, 80, 2.670507
907, 81, 1.710896
907, 82, -0.108014
907, 83, 1.231886
907, 84, 0.939994
907, 85, 3.020050
907, 86, 3.299114
907, 87, 2.334270
907, 88, 1.403196
907, 89, 0.544654
907, 90, 1.203636
907, 91, 1.342443
907, 92, 0.672629
907, 93, 2.656137
907, 94, 1.657993
907, 95, 0.943720
907, 96, 1.661254
907, 97, 4.285883
907, 98, 2.141174
907, 99, 1.083238
907, 100, 0.792004
907, 101, -0.031273
907, 102, 1.865048
907, 103, 0.000000
907, 104, 3.434882
907, 105, 2.847652
907, 106, 1.431670
907, 107, 1.951930
907, 108, -0.090013
907, 109, 0.388739
907, 110, 1.771988
907, 111, 0.822161
907, 112, 1.185186
907, 113, 3.554700
907, 114, 1.041432
907, 115, 1.997383
907, 116, 1.427192
907, 117, 2.385464
907, 118, 1.585812
907, 119, 1.334032
907, 120, 2.301379
907, 121, 3.655027
907, 122, 2.492063
907, 123, 0.346461
907, 124, 2.149925
907, 125, 4.285037
907, 126, 1.224569
907, 127, 0.838413
907, 128, 0.512609
907, 129, 0.068566
907, 130, 1.536904
907, 131, 1.765901
907, 132, 1.469586
907, 133, 0.158527
907, 134, 1.165754
907, 135, 0.744959
907, 136, -0.000010
907, 137, 1.548057
907, 138, 0.987940
907, 139, 0.937750
907, 140, 3.526531
907, 141, 2.345868
907, 142, 3.146433
907, 143, 1.957138
907, 144, 1.508965
907, 145, 1.077613
907, 146, 1.966183
907, 147, 3.909585
907, 148, 2.480981
907, 149, 3.530853
907, 150, 1.562608
907, 151, 1.922704
907, 152, 2.131339
907, 153, 0.000000
907, 154, 1.593774
907, 155, 2.281431
907, 156, -0.010000
907, 157, 3.007395
907, 158, 1.993107
907, 159, 1.077853
907, 160, 2.955440
907, 161, 2.095658
907, 162, 3.455322
907, 163, 2.510499
907, 164, 3.343884
907, 165, 2.988201
907, 166, 3.610965
907, 167, 1.409328
907, 168, 0.324529
907, 169, 1.777773
907, 170, 1.509260
907, 171, 2.807014
907, 172, 2.702552
907, 173, 2.626584
907, 174, 2.141651
907, 175, 1.474262
907, 176, 3.360102
907, 177, 2.483089
907, 178, 0.529260
907, 179, 3.044097
907, 180, 3.507540
907, 181, 0.837788
907, 182, 3.133410
907, 183, -0.040000
907, 184, 0.631502
907, 185, 1.880346
907, 186, 3.367933
907, 187, 0.000000
907, 188, 2.151510
907, 189, 2.880789
907, 190, 2.387929
907, 191, 0.717938
907, 192, 2.118698
907, 193, 2.737339
907, 194, 1.537411
907, 195, -0.281319
907, 196, 3.981610
907, 197, 2.395834
907, 198, 2.275280
907, 199, 1.457238
909, 0, 1.503664
909, 1, 1.547395
909, 2, 2.334595
909, 3, 1.150859
909, 4, -0.339888
909, 5, 2.015697
909, 6, -0.000013
909, 7, 1.283834
909, 8, 3.321903
909, 9, 1.717014
909, 10, 1.799210
909, 11, 2.271102
909, 12, 2.514927
909, 13, 0.000000
909, 14, 2.627304
909, 15, 2.420045
909, 16, 1.129258
909, 17, 3.228509
909, 18, 3.589366
909, 19, 2.600214
909, 20, 4.296028
909, 21, 0.436530
909, 22, 2.161510
909, 23, 1.270559
909, 24, 1.223008
909, 25, 2.046121
909, 26, 1.010668
909, 27, 0.812977
909, 28, 1.981975
909, 29, 1.904341
909, 30, 0.668950
909, 31, 2.560275
909, 32, 0.422124
909, 33, 2.716123
909, 34, 2.364362
909, 35, 2.612570
909, 36, 2.301697
909, 37, 1.543912
909, 38, 0.375477
909, 39, 1.569139
909, 40, 2.690736
909, 41, 1.751089
909, 42, 1.011686
909, 43, 1.442728
909, 44, 0.519650
909, 45, 1.444851
909, 46, 2.354533
909, 47, 1.415481
909, 48, 2.599260
909, 49, -0.160065
909, 50, 2.174345
909, 51, 0.485420
909, 52, 1.514256
909, 53, -0.000015
909, 54, 2.746642
909, 55, 3.170393
909, 56, 2.525645
909, 57, 2.973396
909, 58, 0.829374
909, 59, 1.691667
909, 60, 0.000000
909, 61, 1.402721
909, 62, 2.046885
909, 63, 1.722669
909, 64, 2.057648
909, 65, 3.445558
909, 66, 1.750670
909, 67, 2.511020
909, 68, 1.571999
909, 69, 2.720196
909, 70, 2.954383
909, 71, 2.583027
909, 72, 3.798828
909, 73, 3.206738
909, 74, 1.580833
909, 75, 1.934788
909, 76, 1.049166
909, 77, 1.420346
909, 78, 1.805377
909, 79, 2.797782
909, 80, 2.670898
909, 81, 1.710896
909, 82, -0.105714
909, 83, 1.231931
909, 84, 0.939994
909, 85, 3.020050
909, 86, 3.292312
909, 87, 2.334270
909, 88, 1.403196
909, 89, 0.544654
909, 90, 1.203636
909, 91, 1.346165
909, 92, 0.672629
909, 93, 2.670953
909, 94, 1.659266
909, 95, 0.932509
909, 96, 1.659010
909, 97, 4.306718
909, 98, 2.144344
909, 99, 1.083238
909, 100, 0.792004
909, 101, -0.031273
909, 102, 1.865048
909, 103, 0.000000
909, 104, 3.456441
909, 105, 2.848089
909, 106, 1.431670
909, 107, 1.942626
909, 108, -0.090013
909, 109, 0.388739
909, 110, 1.771988
909, 111, 0.823294
909, 112, 1.185186
909, 113, 3.551534
909, 114, 1.041432
909, 115, 1.997383
909, 116, 1.427192
909, 117, 2.385241
909, 118, 1.581077
909, 119, 1.334032
909, 120, 2.301379
909, 121, 3.673736
909, 122, 2.492063
909, 123, 0.346461
909, 124, 2.149926
909, 125, 4.289540
909, 126, 1.224278
909, 127, 0.838413
909, 128, 0.512609
909, 129, 0.068566
909, 130, 1.536904
909, 131, 1.765901
909, 132, 1.469586
909, 133, 0.158527
909, 134, 1.165754
909, 135, 0.744959
909, 136, -0.000010
909, 137, 1.547877
909, 138, 0.987940
909, 139, 0.937750
909, 140, 3.528213
909, 141, 2.345869
909, 142, 3.132292
909, 143, 1.954653
909, 144, 1.508965
909, 145, 1.077613
909, 146, 1.966183
909, 147, 3.904159
909, 148, 2.480981
909, 149, 3.530671
909, 150, 1.562608
909, 151, 1.928190
909, 152, 2.134106
909, 153, 0.000000
909, 154, 1.593774
909, 155, 2.281430
909, 156, -0.010000
909, 157, 3.007400
909, 158, 1.993107
909, 159, 1.077853
909, 160, 2.955969
909, 161, 2.095658
909, 162, 3.451267
909, 163, 2.510499
909, 164, 3.343884
909, 165, 2.987657
909, 166, 3.622766
909, 167, 1.409328
909, 168, 0.324529
909, 169, 1.777571
909, 170, 1.509260
909, 171, 2.825306
909, 172, 2.686783
909, 173, 2.627299
909, 174, 2.148799
909, 175, 1.474262
909, 176, 3.356692
909, 177, 2.488887
909, 178, 0.529260
909, 179, 3.045154
909, 180, 3.505551
909, 181, 0.837788
909, 182, 3.133410
909, 183, -0.040000
909, 184, 0.631502
909, 185, 1.880346
909, 186, 3.380903
909, 187, 0.000000
909, 188, 2.168043
909, 189, 2.916425
909, 190, 2.387929
909, 191, 0.717938
909, 192, 2.091721
909, 193, 2.742066
909, 194, 1.537411
909, 195, -0.281320
909, 196, 3.980825
909, 197, 2.395837
909, 198, 2.275210
909, 199, 1.457272
911, 0, 1.503664
911, 1, 1.547395
911, 2, 2.329400
911, 3, 1.150856
911, 4, -0.339888
911, 5, 2.013899
911, 6, -0.000013
911, 7, 1.283831
911, 8, 3.307419
911, 9, 1.717014
911, 10, 1.799209
911, 11, 2.271102
911, 12, 2.511281
911, 13, 0.000000
911, 14, 2.627314
911, 15, 2.492948
911, 16, 1.129258
911, 17, 3.228354
911, 18, 3.569758
911, 19, 2.589026
911, 20, 4.286420
911, 21, 0.436530
911, 22, 2.161510
911, 23, 1.270559
911, 24, 1.214097
911, 25, 2.046121
911, 26, 1.010668
911, 27, 0.812977
911, 28, 1.982499
911, 29, 1.905194
911, 30, 0.668950
911, 31, 2.556454
911, 32, 0.422124
911, 33, 2.697707
911, 34, 2.367852
911, 35, 2.612548
911, 36, 2.301729
911, 37, 1.637529
911, 38, 0.375477
911, 39, 1.569139
911, 40, 2.690736
911, 41, 1.751268
911, 42, 1.011686
911, 43, 1.442728
911, 44, 0.519650
911, 45, 1.445628
911, 46, 2.338915
911, 47, 1.415481
911, 48, 2.600239
911, 49, -0.160065
911, 50, 2.174345
911, 51, 0.485420
911, 52, 1.514256
911, 53, -0.000015
911, 54, 2.737472
911, 55, 3.168106
911, 56, 2.532224
911, 57, 2.973436
911, 58, 0.829374
911, 59, 1.691667
911, 60, 0.000000
911, 61, 1.402721
911, 62, 2.046886
911, 63, 1.722669
911, 64, 2.057648
911, 65, 3.473366
911, 66, 1.750670
911, 67, 2.511020
911, 68, 1.571999
911, 69, 2.720204
911, 70, 2.954433
911, 71, 2.583028
911, 72, 3.799162
911, 73, 3.205474
911, 74, 1.580833
911, 75, 1.934788
911, 76, 1.049166
911, 77, 1.420346
911, 78, 1.805377
911, 79, 2.797782
911, 80, 2.670536
911, 81, 1.710896
911, 82, -0.106184
911, 83, 1.231842
911, 84, 0.939994
911, 85, 3.020049
911, 86, 3.243218
911, 87, 2.334270
911, 88, 1.403196
911, 89, 0.544654
911, 90, 1.203636
911, 91, 1.384697
911, 92, 0.672629
911, 93, 2.671782
911, 94, 1.660579
911, 95, 0.918339
911, 96, 1.659631
911, 97, 4.306739
911, 98, 2.149230
911, 99, 1.083238
911, 100, 0.792004
911, 101, -0.031273
911, 102, 1.865048
911, 103, 0.000000
911, 104, 3.469478
911, 105, 2.852185
911, 106, 1.431670
911, 107, 1.909355
911, 108, -0.090013
911, 109, 0.388739
911, 110, 1.771988
911, 111, 0.823991
911, 112, 1.185186
911, 113, 3.527183
911, 114, 1.041432
911, 115, 1.997383
911, 116, 1.427192
911, 117, 2.385155
911, 118, 1.580220
911, 119, 1.334032
911, 120, 2.301379
911, 121, 3.607477
911, 122, 2.492063
911, 123, 0.346461
911, 124, 2.149925
911, 125, 4.245988
911, 126, 1.224198
911, 127, 0.838413
911, 128, 0.512609
911, 129, 0.068566
911, 130, 1.536904
911, 131, 1.765901
911, 132, 1.469586
911, 133, 0.158527
911, 134, 1.165754
911, 135, 0.744959
911, 136, -0.000010
911, 137, 1.547801
911, 138, 0.987940
911, 139, 0.937750
911, 140, 3.514342
911, 141, 2.345868
911, 142, 3.119775
911, 143, 1.954249
911, 144, 1.508965
911, 145, 1.077613
911, 146, 1.966183
911, 147, 3.906541
911, 148, 2.480981
911, 149, 3.530118
911, 150, 1.562608
911, 151, 1.927960
911, 152, 2.141067
911, 153, 0.000000
911, 154, 1.593774
911, 155, 2.281430
911, 156, -0.010000
911, 157, 3.007399
911, 158, 1.993107
911, 159, 1.077853
911, 160, 2.922524
911, 161, 2.100982
911, 162, 3.456419
911, 163, 2.510499
911, 164, 3.343883
911, 165, 2.990731
911, 166, 3.625735
911, 167, 1.409328
911, 168, 0.324529
911, 169, 1.777583
911, 170, 1.509260
911, 171, 2.818641
911, 172, 2.690235
911, 173, 2.627732
911, 174, 2.165493
911, 175, 1.474262
911, 176, 3.370090
911, 177, 2.485873
911, 178, 0.529260
911, 179, 3.051305
911, 180, 3.478838
911, 181, 0.837788
911, 182, 3.133410
911, 183, -0.040000
911, 184, 0.631502
911, 185, 1.880346
911, 186, 3.365381
911, 187, 0.000000
911, 188, 2.158469
911, 189, 2.884819
911, 190, 2.387929
911, 191, 0.717938
911, 192, 2.091012
911, 193, 2.741921
911, 194, 1.537409
911, 195, -0.281317
911, 196, 3.979283
911, 197, 2.395838
911, 198, 2.275156
911, 199, 1.457345
913, 0, 1.503664
913, 1, 1.547395
913, 2, 2.329373
913, 3, 1.150858
913, 4, -0.339888
913, 5, 2.006791
913, 6, -0.000013
913, 7, 1.283832
913, 8, 3.333641
913, 9, 1.717014
913, 10, 1.799210
913, 11, 2.271102
913, 12, 2.525308
913, 13, 0.000000
913, 14, 2.627308
913, 15, 2.563536
913, 16, 1.129258
913, 17, 3.227536
913, 18, 3.587094
913, 19, 2.589026
913, 20, 4.254206
913, 21, 0.436530
913, 22, 2.161510
913, 23, 1.270559
913, 24, 1.203357
913, 25, 2.046121
913, 26, 1.010668
913, 27, 0.812977
913, 28, 1.971460
913, 29, 1.907498
913, 30, 0.668950
913, 31, 2.568766
913, 32, 0.422124
913, 33, 2.771248
913, 34, 2.373338
913, 35, 2.612517
913, 36, 2.298487
913, 37, 1.511411
913, 38, 0.375477
913, 39, 1.569139
913, 40, 2.690736
913, 41, 1.751423
913, 42, 1.011686
913, 43, 1.442728
913, 44, 0.519650
913, 45, 1.447739
913, 46, 2.356167
913, 47, 1.415481
913, 48, 2.598426
913, 49, -0.160065
913, 50, 2.174345
913, 51, 0.485420
913, 52, 1.514256
913, 53, -0.000015
913, 54, 2.753957
913, 55, 3.164404
913, 56, 2.525956
913, 57, 2.973469
913, 58, 0.829374
913, 59, 1.691667
913, 60, 0.000000
913, 61, 1.402721
913, 62, 2.046886
913, 63, 1.722669
913, 64, 2.057648
913, 65, 3.457137
913, 66, 1.750670
913, 67, 2.511020
913, 68, 1.571999
913, 69, 2.720204
913, 70, 2.954926
913, 71, 2.582948
913, 72, 3.798631
913, 73, 3.212803
913, 74, 1.580833
913, 75, 1.934788
913, 76, 1.049166
913, 77, 1.420346
913, 78, 1.805377
913, 79, 2.797783
913, 80, 2.668081
913, 81, 1.710896
913, 82, -0.114617
913, 83, 1.231705
913, 84, 0.939994
913, 85, 3.020049
913, 86, 3.268761
913, 87, 2.334270
913, 88, 1.403196
913, 89, 0.544654
913, 90, 1.203635
913, 91, 1.392428
913, 92, 0.672629
913, 93, 2.632692
913, 94, 1.662166
913, 95, 0.899856
913, 96, 1.657989
913, 97, 4.283667
913, 98, 2.150373
913, 99, 1.083238
913, 100, 0.792004
913, 101, -0.031273
913, 102, 1.865048
913, 103, 0.000000
913, 104, 3.445910
913, 105, 2.855145
913, 106, 1.431670
913, 107, 1.926037
913, 108, -0.090013
913, 109, 0.379721
913, 110, 1.771988
913, 111, 0.824945
913, 112, 1.185186
913, 113, 3.555115
913, 114, 1.041432
913, 115, 1.997383
913, 116, 1.443794
913, 117, 2.385156
913, 118, 1.602918
913, 119, 1.334032
913, 120, 2.301379
913, 121, 3.678675
913, 122, 2.492063
913, 123, 0.346461
913, 124, 2.149925
913, 125, 4.287188
913, 126, 1.224221
913, 127, 0.838413
913, 128, 0.512609
913, 129, 0.068566
913, 130, 1.536904
913, 131, 1.765901
913, 132, 1.469586
913, 133, 0.158527
913, 134, 1.165754
913, 135, 0.744959
913, 136, -0.000010
913, 137, 1.547778
913, 138, 0.987940
913, 139, 0.937750
913, 140, 3.521570
913, 141, 2.345868
913, 142, 3.120394
913, 143, 1.962910
913, 144, 1.508965
913, 145, 1.077613
913, 146, 1.966183
913, 147, 3.903110
913, 148, 2.480981
913, 149, 3.531131
913, 150, 1.562608
913, 151, 1.925546
913, 152, 2.137244
913, 153, 0.000000
913, 154, 1.593774
913, 155, 2.281431
913, 156, -0.010000
913, 157, 3.007401
913, 158, 1.993107
913, 159, 1.077853
913, 160, 2.956598
913, 161, 2.100982
913, 162, 3.459148
913, 163, 2.510499
913, 164, 3.344110
913, 165, 2.990458
913, 166, 3.614043
913, 167, 1.409328
913, 168, 0.324529
913, 169, 1.777395
913, 170, 1.509260
913, 171, 2.779447
913, 172, 2.668458
913, 173, 2.626720
913, 174, 2.172293
913, 175, 1.474262
913, 176, 3.366770
913, 177, 2.492487
913, 178, 0.529260
913, 179, 3.046196
913, 180, 3.516417
913, 181, 0.837788
913, 182, 3.133410
913, 183, -0.040000
913, 184, 0.631502
913, 185, 1.880346
913, 186, 3.380696
913, 187, 0.000000
913, 188, 2.143204
913, 189, 2.787448
913, 190, 2.387929
913, 191, 0.717938
913, 192, 2.133230
913, 193, 2.742882
913, 194, 1.537407
913, 195, -0.281318
913, 196, 3.980594
913, 197, 2.395838
913, 198, 2.275114
913, 199, 1.457407
915, 0, 1.503664
915, 1, 1.547395
915, 2, 2.338250
915, 3, 1.150858
915, 4, -0.339888
915, 5, 2.006189
915, 6, -0.000013
915, 7, 1.283833
915, 8, 3.318429
915, 9, 1.717014
915, 10, 1.799210
915, 11, 2.271101
915, 12, 2.525073
915, 13, 0.000000
915, 14, 2.627099
915, 15, 2.576769
915, 16, 1.129258
915, 17, 3.228551
915, 18, 3.586149
915, 19, 2.589026
915, 20, 4.289952
915, 21, 0.436530
915, 22, 2.161510
915, 23, 1.270559
915, 24, 1.199476
915, 25, 2.046121
915, 26, 1.010668
915, 27, 0.812977
915, 28, 1.975945
915, 29, 1.899420
915, 30, 0.668950
915, 31, 2.568054
915, 32, 0.422124
915, 33, 2.783165
915, 34, 2.398589
915, 35, 2.612352
915, 36, 2.301264
915, 37, 1.610769
915, 38, 0.375477
915, 39, 1.569139
915, 40, 2.690736
915, 41, 1.751542
915, 42, 1.011686
915, 43, 1.442728
915, 44, 0.519650
915, 45, 1.440381
915, 46, 2.340418
915, 47, 1.415481
915, 48, 2.599238
915, 49, -0.160065
915, 50, 2.174345
915, 51, 0.485420
915, 52, 1.514256
915, 53, -0.000015
915, 54, 2.762468
915, 55, 3.167248
915, 56, 2.531802
915, 57, 2.973413
915, 58, 0.829374
915, 59, 1.691667
915, 60, 0.000000
915, 61, 1.402721
915, 62, 2.046885
915, 63, 1.722669
915, 64, 2.057648
915, 65, 3.457573
915, 66, 1.750670
915, 67, 2.511020
915, 68, 1.571999
915, 69, 2.720212
915, 70, 2.954883
915, 71, 2.582996
915, 72, 3.798908
915, 73, 3.212480
915, 74, 1.580833
915, 75, 1.934788
915, 76, 1.049166
915, 77, 1.420346
915, 78, 1.805377
915, 79, 2.797782
915, 80, 2.668879
915, 81, 1.710896
915, 82, -0.109657
915, 83, 1.231522
915, 84, 0.939994
915, 85, 3.020050
915, 86, 3.286071
915, 87, 2.334270
915, 88, 1.403196
915, 89, 0.544654
915, 90, 1.203637
915, 91, 1.362016
915, 92, 0.672629
915, 93, 2.656082
915, 94, 1.658703
915, 95, 0.921180
915, 96, 1.658379
915, 97, 4.305802
915, 98, 2.157163
915, 99, 1.083238
915, 100, 0.792004
915, 101, -0.031273
915, 102, 1.865048
915, 103, 0.000000
915, 104, 3.432786
915, 105, 2.853470
915, 106, 1.431670
915, 107, 1.911767
915, 108, -0.090013
915, 109, 0.384828
915, 110, 1.771988
915, 111, 0.825479
915, 112, 1.185186
915, 113, 3.555948
915, 114, 1.041432
915, 115, 1.997383
915, 116, 1.443794
915, 117, 2.385157
915, 118, 1.602007
915, 119, 1.334032
915, 120, 2.301379
915, 121, 3.605523
915, 122, 2.492461
915, 123, 0.346461
915, 124, 2.149925
915, 125, 4.263906
915, 126, 1.224401
915, 127, 0.838413
915, 128, 0.512609
915, 129, 0.068566
915, 130, 1.536904
915, 131, 1.765902
915, 132, 1.469586
915, 133, 0.158527
915, 134, 1.165754
915, 135, 0.744959
915, 136, -0.000010
915, 137, 1.547833
915, 138, 0.987940
915, 139, 0.937750
915, 140, 3.523815
915, 141, 2.345867
915, 142, 3.124741
915, 143, 1.962521
915, 144, 1.508965
915, 145, 1.077613
915, 146, 1.966183
915, 147, 3.903075
915, 148, 2.480981
915, 149, 3.530985
915, 150, 1.562608
915, 151, 1.922209
915, 152, 2.135373
915, 153, 0.000000
915, 154, 1.593774
915, 155, 2.281431
915, 156, -0.010000
915, 157, 3.007401
915, 158, 1.993107
915, 159, 1.077853
915, 160, 2.926227
915, 161, 2.100982
915, 162, 3.460619
915, 163, 2.510499
915, 164, 3.343883
915, 165, 2.989637
915, 166, 3.616934
915, 167, 1.409328
915, 168, 0.324529
915, 169, 1.777678
915, 170, 1.509260
915, 171, 2.785609
915, 172, 2.700227
915, 173, 2.626212
915, 174, 2.182880
915, 175, 1.474262
915, 176, 3.362726
915, 177, 2.475524
915, 178, 0.529260
915, 179, 3.042834
915, 180, 3.513491
915, 181, 0.837788
915, 182, 3.133410
915, 183, -0.040000
915, 184, 0.631502
915, 185, 1.880346
915, 186, 3.378538
915, 187, 0.000000
915, 188, 2.132188
915, 189, 2.815055
915, 190, 2.387929
915, 191, 0.717938
915, 192, 2.107498
915, 193, 2.742025
915, 194, 1.537407
915, 195, -0.281319
915, 196, 3.979070
915, 197, 2.395838
915, 198, 2.275090
915, 199, 1.457447
917, 0, 1.503664
917, 1, 1.547395
917, 2, 2.332785
917, 3, 1.150859
917, 4, -0.339888
917, 5, 2.005964
917, 6, -0.000013
917, 7, 1.283834
917, 8, 3.358822
917, 9, 1.717014
917, 10, 1.799210
917, 11, 2.271102
917, 12, 2.535272
917, 13, 0.000000
917, 14, 2.627244
917, 15, 2.547687
917, 16, 1.129258
917, 17, 3.221647
917, 18, 3.586829
917, 19, 2.589026
917, 20, 4.270691
917, 21, 0.436530
917, 22, 2.161510
917, 23, 1.270559
917, 24, 1.202446
917, 25, 2.046121
917, 26, 1.010668
917, 27, 0.812977
917, 28, 1.976527
917, 29, 1.895221
917, 30, 0.668950
917, 31, 2.581382
917, 32, 0.422124
917, 33, 2.771902
917, 34, 2.376125
917, 35, 2.612422
917, 36, 2.303577
917, 37, 1.709219
917, 38, 0.375477
917, 39, 1.569139
917, 40, 2.690736
917, 41, 1.751623
917, 42, 1.011686
917, 43, 1.442728
917, 44, 0.519650
917, 45, 1.436641
917, 46, 2.334021
917, 47, 1.415481
917, 48, 2.600522
917, 49, -0.160065
917, 50, 2.174345
917, 51, 0.485420
917, 52, 1.514256
917, 53, -0.000015
917, 54, 2.765342
917, 55, 3.169775
917, 56, 2.534215
917, 57, 2.973511
917, 58, 0.829374
917, 59, 1.691667
917, 60, 0.000000
917, 61, 1.402721
917, 62, 2.046885
917, 63, 1.722669
917, 64, 2.057648
917, 65, 3.450396
917, 66, 1.750670
917, 67, 2.511020
917, 68, 1.571999
917, 69, 2.720212
917, 70, 2.954944
917, 71, 2.583001
917, 72, 3.799158
917, 73, 3.216471
917, 74, 1.580833
917, 75, 1.934788
917, 76, 1.049166
917, 77, 1.420346
917, 78, 1.805377
917, 79, 2.797782
917, 80, 2.669592
917, 81, 1.710896
917, 82, -0.107165
917, 83, 1.231362
917, 84, 0.939994
917, 85, 3.020050
917, 86, 3.288889
917, 87, 2.334270
917, 88, 1.403196
917, 89, 0.544654
917, 90, 1.203637
917, 91, 1.346384
917, 92, 0.672629
917, 93, 2.661794
917, 94, 1.655238
917, 95, 0.928782
917, 96, 1.657202
917, 97, 4.290433
917, 98, 2.158466
917, 99, 1.083238
917, 100, 0.792004
917, 101, -0.031273
917, 102, 1.865048
917, 103, 0.000000
917, 104, 3.435774
917, 105, 2.851808
917, 106, 1.431670
917, 107, 1.932256
917, 108, -0.090013
917, 109, 0.391697
917, 110, 1.771988
917, 111, 0.825761
917, 112, 1.185186
917, 113, 3.554668
917, 114, 1.041432
917, 115, 1.997383
917, 116, 1.443794
917, 117, 2.385156
917, 118, 1.589893
917, 119, 1.334032
917, 120, 2.301379
917, 121, 3.668141
917, 122, 2.492992
917, 123, 0.346461
917, 124, 2.149926
917, 125, 4.286776
917, 126, 1.224496
917, 127, 0.838413
917, 128, 0.512609
917, 129, 0.068566
917, 130, 1.536904
917, 131, 1.765901
917, 132, 1.469586
917, 133, 0.158527
917, 134, 1.165754
917, 135, 0.744959
917, 136, -0.000010
917, 137, 1.547846
917, 138, 0.987940
917, 139, 0.937750
917, 140, 3.508458
917, 141, 2.345866
917, 142, 3.137329
917, 143, 1.956051
917, 144, 1.508965
917, 145, 1.077613
917, 146, 1.966183
917, 147, 3.906328
917, 148, 2.480981
917, 149, 3.529345
917, 150, 1.562608
917, 151, 1.921699
917, 152, 2.122160
917, 153, 0.000000
917, 154, 1.593774
917, 155, 2.281430
917, 156, -0.010000
917, 157, 3.007403
917, 158, 1.993107
917, 159, 1.077853
917, 160, 2.894781
917, 161, 2.097445
917, 162, 3.461402
917, 163, 2.510499
917, 164, 3.343884
917, 165, 2.990777
917, 166, 3.629969
917, 167, 1.409328
917, 168, 0.324529
917, 169, 1.778528
917, 170, 1.509260
917, 171, 2.797734
917, 172, 2.725327
917, 173, 2.624332
917, 174, 2.161255
917, 175, 1.474262
917, 176, 3.367329
917, 177, 2.487340
917, 178, 0.529260
917, 179, 3.047099
917, 180, 3.508214
917, 181, 0.837788
917, 182, 3.133410
917, 183, -0.040000
917, 184, 0.631502
917, 185, 1.880346
917, 186, 3.369127
917, 187, 0.000000
917, 188, 2.120103
917, 189, 2.745068
917, 190, 2.387929
917, 191, 0.717938
917, 192, 2.101468
917, 193, 2.741580
917, 194, 1.537406
917, 195, -0.281319
917, 196, 3.982371
917, 197, 2.396166
917, 198, 2.275076
917, 199, 1.457472
919, 0, 1.503664
919, 1, 1.547395
919, 2, 2.295247
919, 3, 1.150859
919, 4, -0.339888
919, 5, 2.004769
919, 6, -0.000013
919, 7, 1.283834
919, 8, 3.364208
919, 9, 1.717014
919, 10, 1.799210
919, 11, 2.271102
919, 12, 2.541555
919, 13, 0.000000
919, 14, 2.627264
919, 15, 2.531358
919, 16, 1.129258
919, 17, 3.227310
919, 18, 3.587955
919, 19, 2.589026
919, 20, 4.294534
919, 21, 0.436530
919, 22, 2.161510
919, 23, 1.270559
919, 24, 1.227837
919, 25, 2.046121
919, 26, 1.010668
919, 27, 0.812977
919, 28, 1.979099
919, 29, 1.893438
919, 30, 0.668950
919, 31, 2.589642
919, 32, 0.422124
919, 33, 2.776703
919, 34, 2.379303
919, 35, 2.612415
919, 36, 2.306306
919, 37, 1.708146
919, 38, 0.375477
919, 39, 1.569139
919, 40, 2.690736
919, 41, 1.751691
919, 42, 1.011686
919, 43, 1.442728
919, 44, 0.519650
919, 45, 1.435098
919, 46, 2.316336
919, 47, 1.415481
919, 48, 2.602987
919, 49, -0.160065
919, 50, 2.174345
919, 51, 0.485420
919, 52, 1.514256
919, 53, -0.000015
919, 54, 2.756513
919, 55, 3.170209
919, 56, 2.530652
919, 57, 2.973564
919, 58, 0.829374
919, 59, 1.691667
919, 60, 0.000000
919, 61, 1.402721
919, 62, 2.046885
919, 63, 1.722669
919, 64, 2.057648
919, 65, 3.465665
919, 66, 1.750670
919, 67, 2.511020
919, 68, 1.571999
919, 69, 2.720214
919, 70, 2.955157
919, 71, 2.583017
919, 72, 3.799433
919, 73, 3.220624
919, 74, 1.580833
919, 75, 1.934788
919, 76, 1.049166
919, 77, 1.420346
919, 78, 1.805377
919, 79, 2.797782
919, 80, 2.668997
919, 81, 1.710896
919, 82, -0.110276
919, 83, 1.231247
919, 84, 0.939994
919, 85, 3.020050
919, 86, 3.306819
919, 87, 2.334270
919, 88, 1.403196
919, 89, 0.544654
919, 90, 1.203637
919, 91, 1.344530
919, 92, 0.672629
919, 93, 2.645714
919, 94, 1.654315
919, 95, 0.936437
919, 96, 1.653550
919, 97, 4.306065
919, 98, 2.135713
919, 99, 1.083238
919, 100, 0.792004
919, 101, -0.031273
919, 102, 1.865048
919, 103, 0.000000
919, 104, 3.412058
919, 105, 2.851637
919, 106, 1.431670
919, 107, 1.923222
919, 108, -0.090013
919, 109, 0.428043
919, 110, 1.771988
919, 111, 0.825528
919, 112, 1.185186
919, 113, 3.552703
919, 114, 1.041432
919, 115, 1.997383
919, 116, 1.443794
919, 117, 2.385156
919, 118, 1.585012
919, 119, 1.334032
919, 120, 2.301379
919, 121, 3.586567
919, 122, 2.495682
919, 123, 0.346461
919, 124, 2.149925
919, 125, 4.261170
919, 126, 1.224548
919, 127, 0.838413
919, 128, 0.512609
919, 129, 0.068566
919, 130, 1.536904
919, 131, 1.765901
919, 132, 1.469586
919, 133, 0.158527
919, 134, 1.165754
919, 135, 0.744959
919, 136, -0.000010
919, 137, 1.547839
919, 138, 0.987940
919, 139, 0.937750
919, 140, 3.511713
919, 141, 2.345865
919, 142, 3.140184
919, 143, 1.953474
919, 144, 1.508965
919, 145, 1.077613
919, 146, 1.966183
919, 147, 3.907340
919, 148, 2.480981
919, 149, 3.530651
919, 150, 1.562608
919, 151, 1.923031
919, 152, 2.112062
919, 153, 0.000000
919, 154, 1.593774
919, 155, 2.281431
919, 156, -0.010000
919, 157, 3.007402
919, 158, 1.993107
919, 159, 1.077853
919, 160, 2.950466
919, 161, 2.097445
919, 162, 3.460801
919, 163, 2.511559
919, 164, 3.343884
919, 165, 2.989642
919, 166, 3.627372
919, 167, 1.409328
919, 168, 0.324529
919, 169, 1.779370
919, 170, 1.509260
919, 171, 2.813182
919, 172, 2.717441
919, 173, 2.621427
919, 174, 2.182265
919, 175, 1.474262
919, 176, 3.361121
919, 177, 2.481961
919, 178, 0.529260
919, 179, 3.049238
919, 180, 3.503428
919, 181, 0.837788
919, 182, 3.133410
919, 183, -0.040000
919, 184, 0.631502
919, 185, 1.880346
919, 186, 3.359146
919, 187, 0.000000
919, 188, 2.116506
919, 189, 2.791114
919, 190, 2.387929
919, 191, 0.717938
919, 192, 2.103287
919, 193, 2.742883
919, 194, 1.537406
919, 195, -0.281320
919, 196, 3.982977
919, 197, 2.400703
919, 198, 2.275045
919, 199, 1.457488
921, 0, 1.503664
921, 1, 1.547395
921, 2, 2.291667
921, 3, 1.150856
921, 4, -0.339888
921, 5, 2.005837
921, 6, -0.000013
921, 7, 1.283830
921, 8, 3.328852
921, 9, 1.717014
921, 10, 1.799209
921, 11, 2.271102
921, 12, 2.537777
921, 13, 0.000000
921, 14, 2.627262
921, 15, 2.509920
921, 16, 1.129258
921, 17, 3.225459
921, 18, 3.583015
921, 19, 2.589026
921, 20, 4.294476
921, 21, 0.436530
921, 22, 2.161510
921, 23, 1.270559
921, 24, 1.240474
921, 25, 2.046121
921, 26, 1.010668
921, 27, 0.812977
921, 28, 1.980702
921, 29, 1.891166
921, 30, 0.668950
921, 31, 2.585471
921, 32, 0.422124
921, 33, 2.780142
921, 34, 2.383404
921, 35, 2.612389
921, 36, 2.304278
921, 37, 1.747945
921, 38, 0.375477
921, 39, 1.569139
921, 40, 2.690736
921, 41, 1.751762
921, 42, 1.011686
921, 43, 1.442728
921, 44, 0.519650
921, 45, 1.431552
921, 46, 2.317727
921, 47, 1.415481
921, 48, 2.602879
921, 49, -0.160065
921, 50, 2.174345
921, 51, 0.485420
921, 52, 1.514256
921, 53, -0.000015
921, 54, 2.770140
921, 55, 3.168509
921, 56, 2.535508
921, 57, 2.973599
921, 58, 0.829374
921, 59, 1.691667
921, 60, 0.000000
921, 61, 1.402721
921, 62, 2.046886
921, 63, 1.722669
921, 64, 2.057648
921, 65, 3.465788
921, 66, 1.750670
921, 67, 2.511020
921, 68, 1.571999
921, 69, 2.720214
921, 70, 2.954617
921, 71, 2.583025
921, 72, 3.799405
921, 73, 3.218799
921, 74, 1.580833
921, 75, 1.934788
921, 76, 1.049166
921, 77, 1.420346
921, 78, 1.805377
921, 79, 2.797782
921, 80, 2.670161
921, 81, 1.710896
921, 82, -0.107903
921, 83, 1.231155
921, 84, 0.939994
921, 85, 3.020049
921, 86, 3.311484
921, 87, 2.346683
921, 88, 1.403196
921, 89, 0.544654
921, 90, 1.203633
921, 91, 1.333260
921, 92, 0.672629
921, 93, 2.655561
921, 94, 1.651447
921, 95, 0.942637
921, 96, 1.648904
921, 97, 4.306119
921, 98, 2.143944
921, 99, 1.083238
921, 100, 0.792004
921, 101, -0.031273
921, 102, 1.865048
921, 103, 0.000000
921, 104, 3.399180
921, 105, 2.850413
921, 106, 1.431670
921, 107, 1.941279
921, 108, -0.090013
921, 109, 0.452586
921, 110, 1.771988
921, 111, 0.825055
921, 112, 1.185186
921, 113, 3.553995
921, 114, 1.041432
921, 115, 1.997383
921, 116, 1.443794
921, 117, 2.385157
921, 118, 1.578638
921, 119, 1.334032
921, 120, 2.301379
921, 121, 3.651932
921, 122, 2.497387
921, 123, 0.346461
921, 124, 2.149925
921, 125, 4.282900
921, 126, 1.224594
921, 127, 0.838413
921, 128, 0.512609
921, 129, 0.068566
921, 130, 1.536905
921, 131, 1.765901
921, 132, 1.469586
921, 133, 0.158527
921, 134, 1.165754
921, 135, 0.744959
921, 136, -0.000010
921, 137, 1.547829
921, 138, 0.987940
921, 139, 0.937750
921, 140, 3.516937
921, 141, 2.345863
921, 142, 3.150313
921, 143, 1.949911
921, 144, 1.508965
921, 145, 1.077613
921, 146, 1.966183
921, 147, 3.910908
921, 148, 2.480981
921, 149, 3.530733
921, 150, 1.562608
921, 151, 1.926113
921, 152, 2.112823
921, 153, 0.000000
921, 154, 1.593774
921, 155, 2.281431
921, 156, -0.010000
921, 157, 3.011011
921, 158, 1.993107
921, 159, 1.077853
921, 160, 2.904033
921, 161, 2.097445
921, 162, 3.461722
921, 163, 2.510499
921, 164, 3.343884
921, 165, 2.988882
921, 166, 3.626689
921, 167, 1.409328
921, 168, 0.324529
921, 169, 1.780216
921, 170, 1.509260
921, 171, 2.790569
921, 172, 2.716770
921, 173, 2.621653
921, 174, 2.119064
921, 175, 1.474262
921, 176, 3.363868
921, 177, 2.502886
921, 178, 0.529260
921, 179, 3.051802
921, 180, 3.518366
921, 181, 0.837788
921, 182, 3.133410
921, 183, -0.040000
921, 184, 0.631502
921, 185, 1.880346
921, 186, 3.364870
921, 187, 0.000000
921, 188, 2.112625
921, 189, 2.800540
921, 190, 2.387929
921, 191, 0.717938
921, 192, 2.119978
921, 193, 2.738486
921, 194, 1.537404
921, 195, -0.281317
921, 196, 3.982252
921, 197, 2.400155
921, 198, 2.275020
921, 199, 1.457494
923, 0, 1.503664
923, 1, 1.547395
923, 2, 2.288840
923, 3, 1.150858
923, 4, -0.339888
923, 5, 2.004363
923, 6, -0.000013
923, 7, 1.283832
923, 8, 3.342246
923, 9, 1.717014
923, 10, 1.799210
923, 11, 2.271103
923, 12, 2.531168
923, 13, 0.000000
923, 14, 2.627262
923, 15, 2.495483
923, 16, 1.129258
923, 17, 3.209092
923, 18, 3.587291
923, 19, 2.589026
923, 20, 4.288714
923, 21, 0.436530
923, 22, 2.161510
923, 23, 1.270559
923, 24, 1.249539
923, 25, 2.046121
923, 26, 1.010668
923, 27, 0.812977
923, 28, 1.981707
923, 29, 1.894822
923, 30, 0.668950
923, 31, 2.578758
923, 32, 0.422124
923, 33, 2.783217
923, 34, 2.372260
923, 35, 2.612363
923, 36, 2.303535
923, 37, 1.774336
923, 38, 0.375477
923, 39, 1.569139
923, 40, 2.690736
923, 41, 1.751839
923, 42, 1.011686
923, 43, 1.442728
923, 44, 0.519650
923, 45, 1.434796
923, 46, 2.324356
923, 47, 1.415481
923, 48, 2.604115
923, 49, -0.160065
923, 50, 2.174345
923, 51, 0.485420
923, 52, 1.514256
923, 53, -0.000015
923, 54, 2.752594
923, 55, 3.168421
923, 56, 2.534171
923, 57, 2.973631
923, 58, 0.829374
923, 59, 1.691667
923, 60, 0.000000
923, 61, 1.402721
923, 62, 2.046886
923, 63, 1.722669
923, 64, 2.057648
923, 65, 3.466173
923, 66, 1.750670
923, 67, 2.511020
923, 68, 1.571999
923, 69, 2.720214
923, 70, 2.953919
923, 71, 2.583026
923, 72, 3.798371
923, 73, 3.216670
923, 74, 1.580833
923, 75, 1.934788
923, 76, 1.049166
923, 77, 1.420346
923, 78, 1.805377
923, 79, 2.797783
923, 80, 2.670056
923, 81, 1.710896
923, 82, -0.109965
923, 83, 1.231080
923, 84, 0.939994
923, 85, 3.020049
923, 86, 3.283702
923, 87, 2.334270
923, 88, 1.403196
923, 89, 0.544654
923, 90, 1.203634
923, 91, 1.360272
923, 92, 0.672629
923, 93, 2.663194
923, 94, 1.648654
923, 95, 0.940884
923, 96, 1.648918
923, 97, 4.305237
923, 98, 2.149971
923, 99, 1.083238
923, 100, 0.792004
923, 101, -0.031273
923, 102, 1.865048
923, 103, 0.000000
923, 104, 3.391753
923, 105, 2.853402
923, 106, 1.431670
923, 107, 1.938108
923, 108, -0.090013
923, 109, 0.475935
923, 110, 1.771988
923, 111, 0.825024
923, 112, 1.185186
923, 113, 3.555244
923, 114, 1.041432
923, 115, 1.997383
923, 116, 1.443794
923, 117, 2.385156
923, 118, 1.573144
923, 119, 1.334032
923, 120, 2.301379
923, 121, 3.698714
923, 122, 2.498924
923, 123, 0.346461
923, 124, 2.149925
923, 125, 4.282440
923, 126, 1.224678
923, 127, 0.838413
923, 128, 0.512609
923, 129, 0.068566
923, 130, 1.536904
923, 131, 1.765901
923, 132, 1.469586
923, 133, 0.158527
923, 134, 1.165754
923, 135, 0.744959
923, 136, -0.000010
923, 137, 1.547838
923, 138, 0.987940
923, 139, 0.937750
923, 140, 3.519314
923, 141, 2.345864
923, 142, 3.155637
923, 143, 1.953148
923, 144, 1.508965
923, 145, 1.077613
923, 146, 1.966183
923, 147, 3.896976
923, 148, 2.480981
923, 149, 3.530489
923, 150, 1.562608
923, 151, 1.927631
923, 152, 2.119008
923, 153, 0.000000
923, 154, 1.593774
923, 155, 2.281431
923, 156, -0.010000
923, 157, 3.007392
923, 158, 1.993107
923, 159, 1.077853
923, 160, 2.854264
923, 161, 2.097445
923, 162, 3.461090
923, 163, 2.510499
923, 164, 3.343884
923, 165, 2.990307
923, 166, 3.624722
923, 167, 1.409328
923, 168, 0.324529
923, 169, 1.780958
923, 170, 1.509260
923, 171, 2.790046
923, 172, 2.712170
923, 173, 2.623445
923, 174, 2.132539
923, 175, 1.474262
923, 176, 3.363868
923, 177, 2.469094
923, 178, 0.529260
923, 179, 3.053097
923, 180, 3.512243
923, 181, 0.837788
923, 182, 3.133410
923, 183, -0.040000
923, 184, 0.631502
923, 185, 1.880346
923, 186, 3.376231
923, 187, 0.000000
923, 188, 2.110124
923, 189, 2.856587
923, 190, 2.387929
923, 191, 0.717938
923, 192, 2.142722
923, 193, 2.742897
923, 194, 1.537404
923, 195, -0.281318
923, 196, 3.977457
923, 197, 2.396782
923, 198, 2.275001
923, 199, 1.457503
925, 0, 1.503664
925, 1, 1.547395
925, 2, 2.310492
925, 3, 1.150858
925, 4, -0.339888
925, 5, 2.001808
925, 6, -0.000013
925, 7, 1.283833
925, 8, 3.347480
925, 9, 1.717014
925, 10, 1.799210
925, 11, 2.271102
925, 12, 2.531593
925, 13, 0.000000
925, 14, 2.627256
925, 15, 2.448305
925, 16, 1.129258
925, 17, 3.224059
925, 18, 3.588943
925, 19, 2.590210
925, 20, 4.279232
925, 21, 0.436530
925, 22, 2.161510
925, 23, 1.270559
925, 24, 1.247043
925, 25, 2.046121
925, 26, 1.010668
925, 27, 0.812977
925, 28, 1.982337
925, 29, 1.895908
925, 30, 0.668950
925, 31, 2.578524
925, 32, 0.422124
925, 33, 2.771990
925, 34, 2.318810
925, 35, 2.612335
925, 36, 2.301772
925, 37, 1.605184
925, 38, 0.375477
925, 39, 1.569139
925, 40, 2.690736
925, 41, 1.751900
925, 42, 1.011686
925, 43, 1.442728
925, 44, 0.519650
925, 45, 1.437365
925, 46, 2.348298
925, 47, 1.415481
925, 48, 2.603532
925, 49, -0.160065
925, 50, 2.174345
925, 51, 0.485420
925, 52, 1.514256
925, 53, -0.000015
925, 54, 2.760455
925, 55, 3.170102
925, 56, 2.534030
925, 57, 2.973661
925, 58, 0.829374
925, 59, 1.691667
925, 60, 0.000000
925, 61, 1.402721
925, 62, 2.046885
925, 63, 1.722669
925, 64, 2.057648
925, 65, 3.477114
925, 66, 1.750670
925, 67, 2.511020
925, 68, 1.571999
925, 69, 2.720214
925, 70, 2.947949
925, 71, 2.584105
925, 72, 3.799339
925, 73, 3.216445
925, 74, 1.580833
925, 75, 1.934788
925, 76, 1.049166
925, 77, 1.420346
925, 78, 1.805377
925, 79, 2.797782
925, 80, 2.669623
925, 81, 1.710896
925, 82, -0.111631
925, 83, 1.231026
925, 84, 0.939994
925, 85, 3.020050
925, 86, 3.289578
925, 87, 2.334270
925, 88, 1.403196
925, 89, 0.544654
925, 90, 1.203634
925, 91, 1.359493
925, 92, 0.672629
925, 93, 2.669214
925, 94, 1.650838
925, 95, 0.928783
925, 96, 1.645034
925, 97, 4.295756
925, 98, 2.151930
925, 99, 1.083238
925, 100, 0.792004
925, 101, -0.031273
925, 102, 1.865048
925, 103, 0.000000
925, 104, 3.388342
925, 105, 2.853354
925, 106, 1.431670
925, 107, 1.932872
925, 108, -0.090013
925, 109, 0.484029
925, 110, 1.771988
925, 111, 0.825202
925, 112, 1.185186
925, 113, 3.555660
925, 114, 1.041432
925, 115, 1.997383
925, 116, 1.443794
925, 117, 2.385157
925, 118, 1.567766
925, 119, 1.334032
925, 120, 2.301379
925, 121, 3.648867
925, 122, 2.499438
925, 123, 0.346461
925, 124, 2.149925
925, 125, 4.280183
925, 126, 1.224777
925, 127, 0.838413
925, 128, 0.512609
925, 129, 0.068566
925, 130, 1.536904
925, 131, 1.765902
925, 132, 1.469586
925, 133, 0.158527
925, 134, 1.165754
925, 135, 0.744959
925, 136, -0.000010
925, 137, 1.547855
925, 138, 0.987940
925, 139, 0.937750
925, 140, 3.516273
925, 141, 2.345864
925, 142, 3.145890
925, 143, 1.960630
925, 144, 1.508965
925, 145, 1.077613
925, 146, 1.966183
925, 147, 3.897164
925, 148, 2.480981
925, 149, 3.530465
925, 150, 1.562608
925, 151, 1.928088
925, 152, 2.119117
925, 153, 0.000000
925, 154, 1.593774
925, 155, 2.281431
925, 156, -0.010000
925, 157, 3.014986
925, 158, 1.993107
925, 159, 1.077853
925, 160, 2.913188
925, 161, 2.097445
925, 162, 3.447133
925, 163, 2.510499
925, 164, 3.343884
925, 165, 2.990685
925, 166, 3.618093
925, 167, 1.409328
925, 168, 0.324529
925, 169, 1.780768
925, 170, 1.509260
925, 171, 2.799168
925, 172, 2.723441
925, 173, 2.623476
925, 174, 2.156593
925, 175, 1.474262
925, 176, 3.369474
925, 177, 2.496419
925, 178, 0.529260
925, 179, 3.042694
925, 180, 3.512895
925, 181, 0.837788
925, 182, 3.133410
925, 183, -0.040000
925, 184, 0.631502
925, 185, 1.880346
925, 186, 3.364215
925, 187, 0.000000
925, 188, 2.131419
925, 189, 2.858135
925, 190, 2.387929
925, 191, 0.717938
925, 192, 2.120381
925, 193, 2.739989
925, 194, 1.537405
925, 195, -0.281319
925, 196, 3.980180
925, 197, 2.403369
925, 198, 2.274981
925, 199, 1.457508
927, 0, 1.503664
927, 1, 1.547396
927, 2, 2.327755
927, 3, 1.150859
927, 4, -0.339888
927, 5, 2.000210
927, 6, -0.000013
927, 7, 1.283834
927, 8, 3.359464
927, 9, 1.717014
927, 10, 1.799210
927, 11, 2.271102
927, 12, 2.545121
927, 13, 0.000000
927, 14, 2.627249
927, 15, 2.477349
927, 16, 1.129258
927, 17, 3.207450
927, 18, 3.587646
927, 19, 2.596693
927, 20, 4.263942
927, 21, 0.436530
927, 22, 2.161510
927, 23, 1.270559
927, 24, 1.238494
927, 25, 2.046121
927, 26, 1.010668
927, 27, 0.812977
927, 28, 1.982332
927, 29, 1.894935
927, 30, 0.668950
927, 31, 2.591845
927, 32, 0.422124
927, 33, 2.778473
927, 34, 2.381026
927, 35, 2.612306
927, 36, 2.298884
927, 37, 1.677105
927, 38, 0.375477
927, 39, 1.569139
927, 40, 2.690736
927, 41, 1.751958
927, 42, 1.011686
927, 43, 1.442728
927, 44, 0.519650
927, 45, 1.436512
927, 46, 2.330819
927, 47, 1.415481
927, 48, 2.603500
927, 49, -0.160065
927, 50, 2.174345
927, 51, 0.485420
927, 52, 1.514256
927, 53, -0.000015
927, 54, 2.777575
927, 55, 3.169399
927, 56, 2.534512
927, 57, 2.973691
927, 58, 0.829374
927, 59, 1.691667
927, 60, 0.000000
927, 61, 1.402721
927, 62, 2.046885
927, 63, 1.722669
927, 64, 2.057648
927, 65, 3.474836
927, 66, 1.750670
927, 67, 2.511020
927, 68, 1.571999
927, 69, 2.720214
927, 70, 2.954801
927, 71, 2.583028
927, 72, 3.799252
927, 73, 3.220327
927, 74, 1.580833
927, 75, 1.934788
927, 76, 1.049166
927, 77, 1.420346
927, 78, 1.805377
927, 79, 2.797782
927, 80, 2.669682
927, 81, 1.710896
927, 82, -0.111012
927, 83, 1.230986
927, 84, 0.939994
927, 85, 3.020050
927, 86, 3.289037
927, 87, 2.334270
927, 88, 1.403196
927, 89, 0.544654
927, 90, 1.203635
927, 91, 1.358180
927, 92, 0.672629
927, 93, 2.678023
927, 94, 1.651844
927, 95, 0.912363
927, 96, 1.643868
927, 97, 4.286629
927, 98, 2.154760
927, 99, 1.083238
927, 100, 0.792004
927, 101, -0.031273
927, 102, 1.865048
927, 103, 0.000000
927, 104, 3.400697
927, 105, 2.853247
927, 106, 1.431670
927, 107, 1.931633
927, 108, -0.090013
927, 109, 0.477289
927, 110, 1.771988
927, 111, 0.824915
927, 112, 1.185186
927, 113, 3.552189
927, 114, 1.041432
927, 115, 1.997383
927, 116, 1.443794
927, 117, 2.385157
927, 118, 1.562800
927, 119, 1.334032
927, 120, 2.301379
927, 121, 3.670197
927, 122, 2.498593
927, 123, 0.346461
927, 124, 2.149925
927, 125, 4.286839
927, 126, 1.224862
927, 127, 0.838413
927, 128, 0.512609
927, 129, 0.068566
927, 130, 1.536904
927, 131, 1.765901
927, 132, 1.469586
927, 133, 0.158527
927, 134, 1.165754
927, 135, 0.744959
927, 136, -0.000010
927, 137, 1.547866
927, 138, 0.987940
927, 139, 0.937750
927, 140, 3.504024
927, 141, 2.345865
927, 142, 3.124573
927, 143, 1.962845
927, 144, 1.508965
927, 145, 1.077613
927, 146, 1.966183
927, 147, 3.894850
927, 148, 2.480981
927, 149, 3.530324
927, 150, 1.562608
927, 151, 1.927226
927, 152, 2.116067
927, 153, 0.000000
927, 154, 1.593774
927, 155, 2.281431
927, 156, -0.010000
927, 157, 3.007370
927, 158, 1.993107
927, 159, 1.077853
927, 160, 2.865797
927, 161, 2.097445
927, 162, 3.451446
927, 163, 2.510499
927, 164, 3.343884
927, 165, 2.990648
927, 166, 3.630243
927, 167, 1.409328
927, 168, 0.324529
927, 169, 1.780698
927, 170, 1.509260
927, 171, 2.795191
927, 172, 2.726587
927, 173, 2.622602
927, 174, 2.171915
927, 175, 1.474262
927, 176, 3.364323
927, 177, 2.499376
927, 178, 0.529260
927, 179, 3.050961
927, 180, 3.507824
927, 181, 0.837788
927, 182, 3.133410
927, 183, -0.040000
927, 184, 0.631502
927, 185, 1.880346
927, 186, 3.351346
927, 187, 0.000000
927, 188, 2.150652
927, 189, 2.864403
927, 190, 2.387929
927, 191, 0.717938
927, 192, 2.100296
927, 193, 2.741482
927, 194, 1.537405
927, 195, -0.281319
927, 196, 3.974389
927, 197, 2.395602
927, 198, 2.274964
927, 199, 1.457511
929, 0, 1.503664
929, 1, 1.547395
929, 2, 2.349497
929, 3, 1.150859
929, 4, -0.339888
929, 5, 1.999667
929, 6, -0.000013
929, 7, 1.283834
929, 8, 3.396032
929, 9, 1.717014
929, 10, 1.799210
929, 11, 2.271102
929, 12, 2.550737
929, 13, 0.000000
929, 14, 2.627243
929, 15, 2.500651
929, 16, 1.129258
929, 17, 3.230689
929, 18, 3.587300
929, 19, 2.604141
929, 20, 4.296819
929, 21, 0.436530
929, 22, 2.161510
929, 23, 1.270559
929, 24, 1.218082
929, 25, 2.046121
929, 26, 1.010668
929, 27, 0.812977
929, 28, 1.981809
929, 29, 1.893676
929, 30, 0.668950
929, 31, 2.596334
929, 32, 0.422124
929, 33, 2.717834
929, 34, 2.374446
929, 35, 2.612277
929, 36, 2.296626
929, 37, 1.693196
929, 38, 0.375477
929, 39, 1.569139
929, 40, 2.690736
929, 41, 1.752014
929, 42, 1.011686
929, 43, 1.442728
929, 44, 0.519650
929, 45, 1.435408
929, 46, 2.351635
929, 47, 1.415481
929, 48, 2.598890
929, 49, -0.160065
929, 50, 2.174345
929, 51, 0.485420
929, 52, 1.514256
929, 53, -0.000015
929, 54, 2.720057
929, 55, 3.170457
929, 56, 2.535009
929, 57, 2.973719
929, 58, 0.829374
929, 59, 1.691667
929, 60, 0.000000
929, 61, 1.402721
929, 62, 2.046885
929, 63, 1.722669
929, 64, 2.057648
929, 65, 3.485344
929, 66, 1.750670
929, 67, 2.511020
929, 68, 1.571999
929, 69, 2.720214
929, 70, 2.955014
929, 71, 2.585045
929, 72, 3.798303
929, 73, 3.221570
929, 74, 1.580833
929, 75, 1.934788
929, 76, 1.049166
929, 77, 1.420346
929, 78, 1.805377
929, 79, 2.797782
929, 80, 2.670089
929, 81, 1.710896
929, 82, -0.110233
929, 83, 1.230956
929, 84, 0.939994
929, 85, 3.020050
929, 86, 3.300299
929, 87, 2.334270
929, 88, 1.403196
929, 89, 0.544654
929, 90, 1.203635
929, 91, 1.344930
929, 92, 0.672629
929, 93, 2.652981
929, 94, 1.665941
929, 95, 0.937037
929, 96, 1.644333
929, 97, 4.306204
929, 98, 2.150630
929, 99, 1.083238
929, 100, 0.792004
929, 101, -0.031273
929, 102, 1.865048
929, 103, 0.000000
929, 104, 3.428956
929, 105, 2.852466
929, 106, 1.431670
929, 107, 1.944641
929, 108, -0.090013
929, 109, 0.448804
929, 110, 1.771988
929, 111, 0.824131
929, 112, 1.185186
929, 113, 3.550652
929, 114, 1.041432
929, 115, 1.997383
929, 116, 1.443794
929, 117, 2.385157
929, 118, 1.558861
929, 119, 1.334032
929, 120, 2.301379
929, 121, 3.647674
929, 122, 2.496681
929, 123, 0.346461
929, 124, 2.149925
929, 125, 4.281311
929, 126, 1.224956
929, 127, 0.838413
929, 128, 0.512609
929, 129, 0.068566
929, 130, 1.536904
929, 131, 1.765901
929, 132, 1.469586
929, 133, 0.158527
929, 134, 1.165754
929, 135, 0.744959
929, 136, -0.000010
929, 137, 1.547882
929, 138, 0.987940
929, 139, 0.937750
929, 140, 3.504300
929, 141, 2.345865
929, 142, 3.135664
929, 143, 1.960821
929, 144, 1.508965
929, 145, 1.077613
929, 146, 1.966183
929, 147, 3.911078
929, 148, 2.480981
929, 149, 3.530471
929, 150, 1.562608
929, 151, 1.922960
929, 152, 2.101710
929, 153, 0.000000
929, 154, 1.593774
929, 155, 2.281431
929, 156, -0.010000
929, 157, 3.009972
929, 158, 1.993107
929, 159, 1.077853
929, 160, 2.928097
929, 161, 2.097445
929, 162, 3.454237
929, 163, 2.510499
929, 164, 3.343884
929, 165, 2.990226
929, 166, 3.617107
929, 167, 1.409328
929, 168, 0.324529
929, 169, 1.780662
929, 170, 1.509260
929, 171, 2.817465
929, 172, 2.677921
929, 173, 2.618903
929, 174, 2.121071
929, 175, 1.474262
929, 176, 3.366263
929, 177, 2.482971
929, 178, 0.529260
929, 179, 3.051260
929, 180, 3.500920
929, 181, 0.837788
929, 182, 3.133410
929, 183, -0.040000
929, 184, 0.631502
929, 185, 1.880345
929, 186, 3.383009
929, 187, 0.000000
929, 188, 2.153626
929, 189, 2.870278
929, 190, 2.387929
929, 191, 0.717938
929, 192, 2.120231
929, 193, 2.743252
929, 194, 1.537405
929, 195, -0.281320
929, 196, 3.983292
929, 197, 2.401340
929, 198, 2.274948
929, 199, 1.457514
931, 0, 1.503664
931, 1, 1.547395
931, 2, 2.309192
931, 3, 1.150856
931, 4, -0.339888
931, 5, 1.992761
931, 6, -0.000013
931, 7, 1.283830
931, 8, 3.406673
931, 9, 1.717014
931, 10, 1.799209
931, 11, 2.271101
931, 12, 2.545114
931, 13, 0.000000
931, 14, 2.627231
931, 15, 2.518669
931, 16, 1.129258
931, 17, 3.226879
931, 18, 3.584394
931, 19, 2.600811
931, 20, 4.291802
931, 21, 0.436530
931, 22, 2.161510
931, 23, 1.270559
931, 24, 1.228937
931, 25, 2.046121
931, 26, 1.010668
931, 27, 0.812977
931, 28, 1.982400
931, 29, 1.905012
931, 30, 0.668950
931, 31, 2.597291
931, 32, 0.422124
931, 33, 2.703842
931, 34, 2.353152
931, 35, 2.612246
931, 36, 2.295691
931, 37, 1.678356
931, 38, 0.375477
931, 39, 1.569139
931, 40, 2.690736
931, 41, 1.752060
931, 42, 1.011686
931, 43, 1.442728
931, 44, 0.519650
931, 45, 1.439481
931, 46, 2.339780
931, 47, 1.415481
931, 48, 2.597584
931, 49, -0.160065
931, 50, 2.174345
931, 51, 0.485420
931, 52, 1.514256
931, 53, -0.000015
931, 54, 2.742874
931, 55, 3.169873
931, 56, 2.535509
931, 57, 2.973743
931, 58, 0.829374
931, 59, 1.691667
931, 60, 0.000000
931, 61, 1.402721
931, 62, 2.046886
931, 63, 1.722669
931, 64, 2.057648
931, 65, 3.467987
931, 66, 1.750670
931, 67, 2.511020
931, 68, 1.571999
931, 69, 2.720214
931, 70, 2.953665
931, 71, 2.583028
931, 72, 3.797714
931, 73, 3.222098
931, 74, 1.580833
931, 75, 1.934788
931, 76, 1.049166
931, 77, 1.420346
931, 78, 1.805377
931, 79, 2.797782
931, 80, 2.669482
931, 81, 1.710896
931, 82, -0.112919
931, 83, 1.230934
931, 84, 0.939994
931, 85, 3.020049
931, 86, 3.261787
931, 87, 2.334270
931, 88, 1.403196
931, 89, 0.544654
931, 90, 1.203633
931, 91, 1.375860
931, 92, 0.672629
931, 93, 2.651094
931, 94, 1.668572
931, 95, 0.941181
931, 96, 1.644623
931, 97, 4.305647
931, 98, 2.156031
931, 99, 1.083238
931, 100, 0.792004
931, 101, -0.031273
931, 102, 1.865048
931, 103, 0.000000
931, 104, 3.476966
931, 105, 2.855763
931, 106, 1.431670
931, 107, 1.939392
931, 108, -0.090013
931, 109, 0.402979
931, 110, 1.771988
931, 111, 0.823272
931, 112, 1.185186
931, 113, 3.551813
931, 114, 1.041432
931, 115, 1.997383
931, 116, 1.443794
931, 117, 2.385157
931, 118, 1.547334
931, 119, 1.334032
931, 120, 2.301379
931, 121, 3.698057
931, 122, 2.493347
931, 123, 0.346461
931, 124, 2.149925
931, 125, 4.280900
931, 126, 1.225043
931, 127, 0.838413
931, 128, 0.512609
931, 129, 0.068566
931, 130, 1.536904
931, 131, 1.765901
931, 132, 1.469586
931, 133, 0.158527
931, 134, 1.165754
931, 135, 0.744959
931, 136, -0.000010
931, 137, 1.547895
931, 138, 0.987940
931, 139, 0.937750
931, 140, 3.511741
931, 141, 2.345865
931, 142, 3.143196
931, 143, 1.954789
931, 144, 1.508965
931, 145, 1.077613
931, 146, 1.966183
931, 147, 3.903510
931, 148, 2.480981
931, 149, 3.528798
931, 150, 1.562608
931, 151, 1.925639
931, 152, 2.092300
931, 153, 0.000000
931, 154, 1.593774
931, 155, 2.281430
931, 156, -0.010000
931, 157, 3.009972
931, 158, 1.993107
931, 159, 1.077853
931, 160, 2.912622
931, 161, 2.097167
931, 162, 3.460177
931, 163, 2.510499
931, 164, 3.343884
931, 165, 2.993995
931, 166, 3.627324
931, 167, 1.409328
931, 168, 0.324529
931, 169, 1.780573
931, 170, 1.509260
931, 171, 2.822695
931, 172, 2.684554
931, 173, 2.612498
931, 174, 2.134851
931, 175, 1.474262
931, 176, 3.366263
931, 177, 2.505243
931, 178, 0.529260
931, 179, 3.045010
931, 180, 3.505127
931, 181, 0.837788
931, 182, 3.133410
931, 183, -0.040000
931, 184, 0.631502
931, 185, 1.880346
931, 186, 3.388672
931, 187, 0.000000
931, 188, 2.139022
931, 189, 2.892984
931, 190, 2.387929
931, 191, 0.717938
931, 192, 2.088307
931, 193, 2.741529
931, 194, 1.537404
931, 195, -0.281317
931, 196, 3.982531
931, 197, 2.396973
931, 198, 2.274930
931, 199, 1.457514
933, 0, 1.503664
933, 1, 1.547395
933, 2, 2.296242
933, 3, 1.150858
933, 4, -0.339888
933, 5, 1.989641
933, 6, -0.000013
933, 7, 1.283832
933, 8, 3.378519
933, 9, 1.717014
933, 10, 1.799210
933, 11, 2.271102
933, 12, 2.555106
933, 13, 0.000000
933, 14, 2.626718
933, 15, 2.560792
933, 16, 1.129258
933, 17, 3.228068
933, 18, 3.586094
933, 19, 2.600811
933, 20, 4.262243
933, 21, 0.436530
933, 22, 2.161510
933, 23, 1.270559
933, 24, 1.248596
933, 25, 2.046121
933, 26, 1.010668
933, 27, 0.812977
933, 28, 1.981220
933, 29, 1.902326
933, 30, 0.668950
933, 31, 2.594487
933, 32, 0.422124
933, 33, 2.757977
933, 34, 2.378673
933, 35, 2.612220
933, 36, 2.298059
933, 37, 1.454484
933, 38, 0.375477
933, 39, 1.569139
933, 40, 2.690736
933, 41, 1.752105
933, 42, 1.011686
933, 43, 1.442728
933, 44, 0.519650
933, 45, 1.437056
933, 46, 2.327513
933, 47, 1.415481
933, 48, 2.603565
933, 49, -0.160065
933, 50, 2.174345
933, 51, 0.485420
933, 52, 1.514256
933, 53, -0.000015
933, 54, 2.755914
933, 55, 3.167341
933, 56, 2.525774
933, 57, 2.973773
933, 58, 0.829374
933, 59, 1.691667
933, 60, 0.000000
933, 61, 1.402721
933, 62, 2.046886
933, 63, 1.722669
933, 64, 2.057648
933, 65, 3.466047
933, 66, 1.750670
933, 67, 2.511020
933, 68, 1.571999
933, 69, 2.720214
933, 70, 2.954856
933, 71, 2.587976
933, 72, 3.797721
933, 73, 3.221190
933, 74, 1.580833
933, 75, 1.934788
933, 76, 1.049166
933, 77, 1.420346
933, 78, 1.805377
933, 79, 2.797783
933, 80, 2.668083
933, 81, 1.710896
933, 82, -0.116096
933, 83, 1.230922
933, 84, 0.939994
933, 85, 3.020050
933, 86, 3.276020
933, 87, 2.334270
933, 88, 1.403196
933, 89, 0.544654
933, 90, 1.203634
933, 91, 1.378879
933, 92, 0.672629
933, 93, 2.650196
933, 94, 1.666250
933, 95, 0.945844
933, 96, 1.641284
933, 97, 4.280204
933, 98, 2.156039
933, 99, 1.083238
933, 100, 0.792004
933, 101, -0.031273
933, 102, 1.865048
933, 103, 0.000000
933, 104, 3.489538
933, 105, 2.856114
933, 106, 1.431670
933, 107, 1.934749
933, 108, -0.090013
933, 109, 0.402979
933, 110, 1.771988
933, 111, 0.822764
933, 112, 1.185186
933, 113, 3.542991
933, 114, 1.041432
933, 115, 1.997383
933, 116, 1.443794
933, 117, 2.385156
933, 118, 1.563889
933, 119, 1.334032
933, 120, 2.301379
933, 121, 3.649590
933, 122, 2.493347
933, 123, 0.346461
933, 124, 2.149925
933, 125, 4.281139
933, 126, 1.225142
933, 127, 0.838413
933, 128, 0.512609
933, 129, 0.068566
933, 130, 1.536904
933, 131, 1.765901
933, 132, 1.469586
933, 133, 0.158527
933, 134, 1.165754
933, 135, 0.744959
933, 136, -0.000010
933, 137, 1.547915
933, 138, 0.987940
933, 139, 0.937750
933, 140, 3.492409
933, 141, 2.345865
933, 142, 3.155018
933, 143, 1.962903
933, 144, 1.508965
933, 145, 1.077613
933, 146, 1.966183
933, 147, 3.910401
933, 148, 2.480981
933, 149, 3.530551
933, 150, 1.562608
933, 151, 1.923100
933, 152, 2.094585
933, 153, 0.000000
933, 154, 1.593774
933, 155, 2.281430
933, 156, -0.010000
933, 157, 3.008363
933, 158, 1.993107
933, 159, 1.077853
933, 160, 2.951584
933, 161, 2.097167
933, 162, 3.448055
933, 163, 2.510499
933, 164, 3.344730
933, 165, 2.993153
933, 166, 3.608100
933, 167, 1.409328
933, 168, 0.324529
933, 169, 1.780386
933, 170, 1.509260
933, 171, 2.792343
933, 172, 2.647049
933, 173, 2.613290
933, 174, 2.124860
933, 175, 1.474262
933, 176, 3.365096
933, 177, 2.479890
933, 178, 0.529260
933, 179, 3.040841
933, 180, 3.486775
933, 181, 0.837788
933, 182, 3.133410
933, 183, -0.040000
933, 184, 0.631502
933, 185, 1.880346
933, 186, 3.390963
933, 187, 0.000000
933, 188, 2.146764
933, 189, 2.767261
933, 190, 2.387929
933, 191, 0.717938
933, 192, 2.103993
933, 193, 2.742009
933, 194, 1.537405
933, 195, -0.281318
933, 196, 3.982016
933, 197, 2.397945
933, 198, 2.274915
933, 199, 1.457515
935, 0, 1.503664
935, 1, 1.547395
935, 2, 2.266231
935, 3, 1.150858
935, 4, -0.339888
935, 5, 1.988797
935, 6, -0.000013
935, 7, 1.283833
935, 8, 3.387263
935, 9, 1.717014
935, 10, 1.799210
935, 11, 2.271101
935, 12, 2.563999
935, 13, 0.000000
935, 14, 2.626142
935, 15, 2.580265
935, 16, 1.129258
935, 17, 3.229870
935, 18, 3.587627
935, 19, 2.591232
935, 20, 4.294809
935, 21, 0.436530
935, 22, 2.161510
935, 23, 1.270559
935, 24, 1.265146
935, 25, 2.046121
935, 26, 1.010668
935, 27, 0.812977
935, 28, 1.977901
935, 29, 1.901105
935, 30, 0.668950
935, 31, 2.602315
935, 32, 0.422124
935, 33, 2.715931
935, 34, 2.395248
935, 35, 2.611809
935, 36, 2.298208
935, 37, 1.566082
935, 38, 0.375477
935, 39, 1.569139
935, 40, 2.690736
935, 41, 1.752140
935, 42, 1.011686
935, 43, 1.442728
935, 44, 0.519650
935, 45, 1.435953
935, 46, 2.342530
935, 47, 1.415481
935, 48, 2.599808
935, 49, -0.160065
935, 50, 2.174345
935, 51, 0.485420
935, 52, 1.514256
935, 53, -0.000015
935, 54, 2.737414
935, 55, 3.170438
935, 56, 2.525491
935, 57, 2.973548
935, 58, 0.829374
935, 59, 1.691667
935, 60, 0.000000
935, 61, 1.402721
935, 62, 2.046885
935, 63, 1.722669
935, 64, 2.057648
935, 65, 3.464111
935, 66, 1.750670
935, 67, 2.511020
935, 68, 1.571999
935, 69, 2.720214
935, 70, 2.955050
935, 71, 2.583010
935, 72, 3.798515
935, 73, 3.223402
935, 74, 1.580833
935, 75, 1.934788
935, 76, 1.049166
935, 77, 1.420346
935, 78, 1.805377
935, 79, 2.797782
935, 80, 2.668809
935, 81, 1.710896
935, 82, -0.115290
935, 83, 1.230912
935, 84, 0.939994
935, 85, 3.020050
935, 86, 3.272874
935, 87, 2.334270
935, 88, 1.403196
935, 89, 0.544654
935, 90, 1.203634
935, 91, 1.384975
935, 92, 0.672629
935, 93, 2.652559
935, 94, 1.664225
935, 95, 0.947701
935, 96, 1.645004
935, 97, 4.305940
935, 98, 2.153839
935, 99, 1.083238
935, 100, 0.792004
935, 101, -0.031273
935, 102, 1.865048
935, 103, 0.000000
935, 104, 3.468557
935, 105, 2.856771
935, 106, 1.431670
935, 107, 1.929944
935, 108, -0.090013
935, 109, 0.402979
935, 110, 1.771988
935, 111, 0.821195
935, 112, 1.185186
935, 113, 3.508473
935, 114, 1.041432
935, 115, 1.997383
935, 116, 1.443794
935, 117, 2.385157
935, 118, 1.551245
935, 119, 1.334032
935, 120, 2.301379
935, 121, 3.678806
935, 122, 2.493347
935, 123, 0.346461
935, 124, 2.149925
935, 125, 4.288046
935, 126, 1.225551
935, 127, 0.838413
935, 128, 0.512609
935, 129, 0.068566
935, 130, 1.536904
935, 131, 1.765902
935, 132, 1.469586
935, 133, 0.158527
935, 134, 1.165754
935, 135, 0.744959
935, 136, -0.000010
935, 137, 1.548090
935, 138, 0.987940
935, 139, 0.937750
935, 140, 3.503609
935, 141, 2.345865
935, 142, 3.159544
935, 143, 1.961960
935, 144, 1.508965
935, 145, 1.077613
935, 146, 1.966183
935, 147, 3.907499
935, 148, 2.480981
935, 149, 3.531148
935, 150, 1.562608
935, 151, 1.893474
935, 152, 2.093835
935, 153, 0.000000
935, 154, 1.593774
935, 155, 2.281431
935, 156, -0.010000
935, 157, 3.008379
935, 158, 1.993107
935, 159, 1.077853
935, 160, 2.937044
935, 161, 2.097167
935, 162, 3.457995
935, 163, 2.510499
935, 164, 3.343873
935, 165, 2.992743
935, 166, 3.621741
935, 167, 1.409328
935, 168, 0.324529
935, 169, 1.780450
935, 170, 1.509260
935, 171, 2.818305
935, 172, 2.659525
935, 173, 2.613084
935, 174, 2.109442
935, 175, 1.474262
935, 176, 3.359678
935, 177, 2.473874
935, 178, 0.529260
935, 179, 3.040018
935, 180, 3.448199
935, 181, 0.837788
935, 182, 3.133410
935, 183, -0.040000
935, 184, 0.631502
935, 185, 1.880346
935, 186, 3.362300
935, 187, 0.000000
935, 188, 2.142982
935, 189, 2.797665
935, 190, 2.387929
935, 191, 0.717938
935, 192, 2.110411
935, 193, 2.742960
935, 194, 1.537405
935, 195, -0.281319
935, 196, 3.983301
935, 197, 2.394060
935, 198, 2.274920
935, 199, 1.457516
937, 0, 1.503664
937, 1, 1.547395
937, 2, 2.267479
937, 3, 1.150859
937, 4, -0.339888
937, 5, 1.989662
937, 6, -0.000013
937, 7, 1.283834
937, 8, 3.394658
937, 9, 1.717014
937, 10, 1.799210
937, 11, 2.271102
937, 12, 2.563209
937, 13, 0.000000
937, 14, 2.626727
937, 15, 2.499392
937, 16, 1.129258
937, 17, 3.203156
937, 18, 3.586258
937, 19, 2.589026
937, 20, 4.286252
937, 21, 0.436530
937, 22, 2.161510
937, 23, 1.270559
937, 24, 1.281214
937, 25, 2.046121
937, 26, 1.010668
937, 27, 0.812977
937, 28, 1.979961
937, 29, 1.897909
937, 30, 0.668950
937, 31, 2.601114
937, 32, 0.422124
937, 33, 2.741719
937, 34, 2.328865
937, 35, 2.612167
937, 36, 2.299546
937, 37, 1.566033
937, 38, 0.375477
937, 39, 1.569139
937, 40, 2.690736
937, 41, 1.752132
937, 42, 1.011686
937, 43, 1.442728
937, 44, 0.519650
937, 45, 1.433086
937, 46, 2.327545
937, 47, 1.415481
937, 48, 2.599701
937, 49, -0.160065
937, 50, 2.174345
937, 51, 0.485420
937, 52, 1.514256
937, 53, -0.000015
937, 54, 2.712519
937, 55, 3.169452
937, 56, 2.531797
937, 57, 2.973826
937, 58, 0.829374
937, 59, 1.691667
937, 60, 0.000000
937, 61, 1.402721
937, 62, 2.046885
937, 63, 1.722669
937, 64, 2.057648
937, 65, 3.461866
937, 66, 1.750670
937, 67, 2.511020
937, 68, 1.571999
937, 69, 2.720214
937, 70, 2.947119
937, 71, 2.587302
937, 72, 3.799362
937, 73, 3.222988
937, 74, 1.580833
937, 75, 1.934788
937, 76, 1.049166
937, 77, 1.420346
937, 78, 1.805377
937, 79, 2.797782
937, 80, 2.669920
937, 81, 1.710896
937, 82, -0.113306
937, 83, 1.230905
937, 84, 0.939994
937, 85, 3.020050
937, 86, 3.287913
937, 87, 2.334270
937, 88, 1.403196
937, 89, 0.544654
937, 90, 1.203634
937, 91, 1.364922
937, 92, 0.672629
937, 93, 2.663807
937, 94, 1.665855
937, 95, 0.938714
937, 96, 1.642834
937, 97, 4.299618
937, 98, 2.165892
937, 99, 1.083238
937, 100, 0.792004
937, 101, -0.031273
937, 102, 1.865048
937, 103, 0.000000
937, 104, 3.461818
937, 105, 2.854753
937, 106, 1.431670
937, 107, 1.942957
937, 108, -0.090013
937, 109, 0.402979
937, 110, 1.771988
937, 111, 0.819640
937, 112, 1.185186
937, 113, 3.552740
937, 114, 1.041432
937, 115, 1.997383
937, 116, 1.443794
937, 117, 2.385156
937, 118, 1.578674
937, 119, 1.334032
937, 120, 2.301379
937, 121, 3.645187
937, 122, 2.493347
937, 123, 0.346461
937, 124, 2.149925
937, 125, 4.279622
937, 126, 1.225443
937, 127, 0.838413
937, 128, 0.512609
937, 129, 0.068566
937, 130, 1.536904
937, 131, 1.765901
937, 132, 1.469586
937, 133, 0.158527
937, 134, 1.165754
937, 135, 0.744959
937, 136, -0.000010
937, 137, 1.548159
937, 138, 0.987940
937, 139, 0.937750
937, 140, 3.505066
937, 141, 2.345864
937, 142, 3.161090
937, 143, 1.962787
937, 144, 1.508965
937, 145, 1.077613
937, 146, 1.966183
937, 147, 3.900943
937, 148, 2.480981
937, 149, 3.531229
937, 150, 1.562608
937, 151, 1.906418
937, 152, 2.089653
937, 153, 0.000000
937, 154, 1.593774
937, 155, 2.281431
937, 156, -0.010000
937, 157, 3.013922
937, 158, 1.993107
937, 159, 1.077853
937, 160, 2.878467
937, 161, 2.097167
937, 162, 3.454813
937, 163, 2.511829
937, 164, 3.343883
937, 165, 2.991643
937, 166, 3.626802
937, 167, 1.409328
937, 168, 0.324529
937, 169, 1.780667
937, 170, 1.509260
937, 171, 2.804556
937, 172, 2.648135
937, 173, 2.611629
937, 174, 2.124211
937, 175, 1.474262
937, 176, 3.363932
937, 177, 2.491024
937, 178, 0.529260
937, 179, 3.046810
937, 180, 3.518003
937, 181, 0.837788
937, 182, 3.133410
937, 183, -0.040000
937, 184, 0.631502
937, 185, 1.880346
937, 186, 3.369406
937, 187, 0.000000
937, 188, 2.151287
937, 189, 2.811443
937, 190, 2.387929
937, 191, 0.717938
937, 192, 2.131908
937, 193, 2.737406
937, 194, 1.537405
937, 195, -0.281319
937, 196, 3.981614
937, 197, 2.398836
937, 198, 2.274932
937, 199, 1.457517
939, 0, 1.503664
939, 1, 1.547395
939, 2, 2.245342
939, 3, 1.150859
939, 4, -0.339888
939, 5, 1.990554
939, 6, -0.000013
939, 7, 1.283834
939, 8, 3.363234
939, 9, 1.717014
939, 10, 1.799210
939, 11, 2.271102
939, 12, 2.558828
939, 13, 0.000000
939, 14, 2.626862
939, 15, 2.464913
939, 16, 1.129258
939, 17, 3.229444
939, 18, 3.588493
939, 19, 2.589026
939, 20, 4.295911
939, 21, 0.436530
939, 22, 2.161510
939, 23, 1.270559
939, 24, 1.298775
939, 25, 2.046121
939, 26, 1.010668
939, 27, 0.812977
939, 28, 1.981245
939, 29, 1.896651
939, 30, 0.668950
939, 31, 2.596584
939, 32, 0.422124
939, 33, 2.739641
939, 34, 2.389884
939, 35, 2.612228
939, 36, 2.300697
939, 37, 1.511287
939, 38, 0.375477
939, 39, 1.569139
939, 40, 2.690736
939, 41, 1.752153
939, 42, 1.011686
939, 43, 1.442728
939, 44, 0.519650
939, 45, 1.431708
939, 46, 2.326072
939, 47, 1.415481
939, 48, 2.598957
939, 49, -0.160065
939, 50, 2.174345
939, 51, 0.485420
939, 52, 1.514256
939, 53, -0.000015
939, 54, 2.731422
939, 55, 3.170697
939, 56, 2.528723
939, 57, 2.973925
939, 58, 0.829374
939, 59, 1.691667
939, 60, 0.000000
939, 61, 1.402721
939, 62, 2.046885
939, 63, 1.722669
939, 64, 2.057648
939, 65, 3.462961
939, 66, 1.750670
939, 67, 2.511020
939, 68, 1.571999
939, 69, 2.663888
939, 70, 2.954768
939, 71, 2.583025
939, 72, 3.799273
939, 73, 3.222743
939, 74, 1.580833
939, 75, 1.934788
939, 76, 1.049166
939, 77, 1.420346
939, 78, 1.805377
939, 79, 2.797782
939, 80, 2.670747
939, 81, 1.710896
939, 82, -0.112329
939, 83, 1.230900
939, 84, 0.939994
939, 85, 3.020050
939, 86, 3.288918
939, 87, 2.334270
939, 88, 1.403196
939, 89, 0.544654
939, 90, 1.203632
939, 91, 1.356434
939, 92, 0.672629
939, 93, 2.659065
939, 94, 1.672289
939, 95, 0.944160
939, 96, 1.642914
939, 97, 4.306415
939, 98, 2.173095
939, 99, 1.083238
939, 100, 0.792004
939, 101, -0.031273
939, 102, 1.865048
939, 103, 0.000000
939, 104, 3.465144
939, 105, 2.853894
939, 106, 1.431670
939, 107, 1.941246
939, 108, -0.090013
939, 109, 0.402979
939, 110, 1.771988
939, 111, 0.818157
939, 112, 1.185186
939, 113, 3.553462
939, 114, 1.041432
939, 115, 1.997383
939, 116, 1.443794
939, 117, 2.385157
939, 118, 1.571858
939, 119, 1.334032
939, 120, 2.301379
939, 121, 3.668783
939, 122, 2.493347
939, 123, 0.346461
939, 124, 2.149926
939, 125, 4.287224
939, 126, 1.225305
939, 127, 0.838413
939, 128, 0.512609
939, 129, 0.068566
939, 130, 1.536904
939, 131, 1.765901
939, 132, 1.469586
939, 133, 0.158527
939, 134, 1.165754
939, 135, 0.744959
939, 136, -0.000010
939, 137, 1.548060
939, 138, 0.987940
939, 139, 0.937750
939, 140, 3.509179
939, 141, 2.345863
939, 142, 3.157922
939, 143, 1.959220
939, 144, 1.508965
939, 145, 1.077613
939, 146, 1.966183
939, 147, 3.894891
939, 148, 2.480981
939, 149, 3.531271
939, 150, 1.562608
939, 151, 1.914720
939, 152, 2.096537
939, 153, 0.000000
939, 154, 1.593774
939, 155, 2.281430
939, 156, -0.010000
939, 157, 3.007364
939, 158, 1.993107
939, 159, 1.077853
939, 160, 2.953440
939, 161, 2.097167
939, 162, 3.447002
939, 163, 2.511829
939, 164, 3.343884
939, 165, 2.991214
939, 166, 3.631647
939, 167, 1.409328
939, 168, 0.324529
939, 169, 1.781128
939, 170, 1.509260
939, 171, 2.822478
939, 172, 2.652613
939, 173, 2.614648
939, 174, 2.135473
939, 175, 1.474262
939, 176, 3.359182
939, 177, 2.493382
939, 178, 0.529260
939, 179, 3.049567
939, 180, 3.510859
939, 181, 0.837788
939, 182, 3.133410
939, 183, -0.040000
939, 184, 0.631502
939, 185, 1.880346
939, 186, 3.358255
939, 187, 0.000000
939, 188, 2.161380
939, 189, 2.830472
939, 190, 2.387929
939, 191, 0.717938
939, 192, 2.116394
939, 193, 2.742331
939, 194, 1.537405
939, 195, -0.281320
939, 196, 3.978384
939, 197, 2.394725
939, 198, 2.274891
939, 199, 1.457517
941, 0, 1.503664
941, 1, 1.547395
941, 2, 2.271945
941, 3, 1.150856
941, 4, -0.339888
941, 5, 1.991458
941, 6, -0.000013
941, 7, 1.283830
941, 8, 3.381833
941, 9, 1.717014
941, 10, 1.799209
941, 11, 2.271101
941, 12, 2.557443
941, 13, 0.000000
941, 14, 2.626900
941, 15, 2.521538
941, 16, 1.129258
941, 17, 3.231804
941, 18, 3.587812
941, 19, 2.605333
941, 20, 4.291105
941, 21, 0.436530
941, 22, 2.161510
941, 23, 1.270559
941, 24, 1.309533
941, 25, 2.046121
941, 26, 1.010668
941, 27, 0.812977
941, 28, 1.980992
941, 29, 1.895240
941, 30, 0.668950
941, 31, 2.594868
941, 32, 0.422124
941, 33, 2.755888
941, 34, 2.373220
941, 35, 2.612226
941, 36, 2.301050
941, 37, 1.605957
941, 38, 0.375477
941, 39, 1.569139
941, 40, 2.690736
941, 41, 1.752236
941, 42, 1.011686
941, 43, 1.442728
941, 44, 0.519650
941, 45, 1.430466
941, 46, 2.329451
941, 47, 1.415481
941, 48, 2.602215
941, 49, -0.160065
941, 50, 2.174345
941, 51, 0.485420
941, 52, 1.514256
941, 53, -0.000015
941, 54, 2.775195
941, 55, 3.171271
941, 56, 2.525663
941, 57, 2.973969
941, 58, 0.829374
941, 59, 1.691667
941, 60, 0.000000
941, 61, 1.402721
941, 62, 2.046886
941, 63, 1.722669
941, 64, 2.057648
941, 65, 3.468569
941, 66, 1.750670
941, 67, 2.511020
941, 68, 1.571999
941, 69, 2.663888
941, 70, 2.954694
941, 71, 2.585453
941, 72, 3.798295
941, 73, 3.222123
941, 74, 1.580833
941, 75, 1.934788
941, 76, 1.049166
941, 77, 1.420346
941, 78, 1.805377
941, 79, 2.797782
941, 80, 2.671335
941, 81, 1.710896
941, 82, -0.111451
941, 83, 1.230898
941, 84, 0.939994
941, 85, 3.020050
941, 86, 3.300447
941, 87, 2.334270
941, 88, 1.403196
941, 89, 0.544654
941, 90, 1.203629
941, 91, 1.342648
941, 92, 0.672629
941, 93, 2.668414
941, 94, 1.665844
941, 95, 0.940257
941, 96, 1.643004
941, 97, 4.305240
941, 98, 2.166353
941, 99, 1.083238
941, 100, 0.792004
941, 101, -0.031273
941, 102, 1.865048
941, 103, 0.000000
941, 104, 3.472595
941, 105, 2.853038
941, 106, 1.431670
941, 107, 1.951134
941, 108, -0.090013
941, 109, 0.402979
941, 110, 1.771988
941, 111, 0.817036
941, 112, 1.185186
941, 113, 3.539014
941, 114, 1.041432
941, 115, 1.997383
941, 116, 1.443794
941, 117, 2.385156
941, 118, 1.544990
941, 119, 1.334032
941, 120, 2.301379
941, 121, 3.646517
941, 122, 2.493347
941, 123, 0.346461
941, 124, 2.149925
941, 125, 4.281291
941, 126, 1.225217
941, 127, 0.838413
941, 128, 0.512609
941, 129, 0.068566
941, 130, 1.536905
941, 131, 1.765901
941, 132, 1.469586
941, 133, 0.158527
941, 134, 1.165754
941, 135, 0.744959
941, 136, -0.000010
941, 137, 1.547986
941, 138, 0.987940
941, 139, 0.937750
941, 140, 3.505952
941, 141, 2.345862
941, 142, 3.141250
941, 143, 1.957698
941, 144, 1.508965
941, 145, 1.077613
941, 146, 1.966183
941, 147, 3.881048
941, 148, 2.480981
941, 149, 3.529835
941, 150, 1.562608
941, 151, 1.909905
941, 152, 2.100254
941, 153, 0.000000
941, 154, 1.593774
941, 155, 2.281430
941, 156, -0.010000
941, 157, 3.010558
941, 158, 1.993107
941, 159, 1.077853
941, 160, 2.944641
941, 161, 2.097167
941, 162, 3.455631
941, 163, 2.511829
941, 164, 3.343885
941, 165, 2.990731
941, 166, 3.620539
941, 167, 1.409328
941, 168, 0.324529
941, 169, 1.781497
941, 170, 1.509260
941, 171, 2.818760
941, 172, 2.676713
941, 173, 2.615891
941, 174, 2.159287
941, 175, 1.474262
941, 176, 3.361617
941, 177, 2.474692
941, 178, 0.529260
941, 179, 3.050278
941, 180, 3.485955
941, 181, 0.837788
941, 182, 3.133410
941, 183, -0.040000
941, 184, 0.631502
941, 185, 1.880346
941, 186, 3.382247
941, 187, 0.000000
941, 188, 2.159671
941, 189, 2.884154
941, 190, 2.387929
941, 191, 0.717938
941, 192, 2.063874
941, 193, 2.743568
941, 194, 1.537404
941, 195, -0.281320
941, 196, 3.968787
941, 197, 2.400024
941, 198, 2.274854
941, 199, 1.457517
943, 0, 1.503664
943, 1, 1.547395
943, 2, 2.273283
943, 3, 1.150858
943, 4, -0.339888
943, 5, 1.991258
943, 6, -0.000013
943, 7, 1.283832
943, 8, 3.386022
943, 9, 1.717014
943, 10, 1.799210
943, 11, 2.271102
943, 12, 2.558928
943, 13, 0.000000
943, 14, 2.626910
943, 15, 2.431782
943, 16, 1.129258
943, 17, 3.229443
943, 18, 3.587523
943, 19, 2.591689
943, 20, 4.297257
943, 21, 0.436530
943, 22, 2.161510
943, 23, 1.270559
943, 24, 1.308510
943, 25, 2.046121
943, 26, 1.010668
943, 27, 0.812977
943, 28, 1.981000
943, 29, 1.894076
943, 30, 0.668950
943, 31, 2.595841
943, 32, 0.422124
943, 33, 2.747683
943, 34, 2.393096
943, 35, 2.612205
943, 36, 2.299477
943, 37, 1.684276
943, 38, 0.375477
943, 39, 1.569139
943, 40, 2.690736
943, 41, 1.752312
943, 42, 1.011686
943, 43, 1.442728
943, 44, 0.519650
943, 45, 1.429450
943, 46, 2.359243
943, 47, 1.415481
943, 48, 2.602785
943, 49, -0.160065
943, 50, 2.174345
943, 51, 0.485420
943, 52, 1.514256
943, 53, -0.000015
943, 54, 2.722545
943, 55, 3.170654
943, 56, 2.526160
943, 57, 2.973997
943, 58, 0.829374
943, 59, 1.691667
943, 60, 0.000000
943, 61, 1.402721
943, 62, 2.046886
943, 63, 1.722669
943, 64, 2.057648
943, 65, 3.473453
943, 66, 1.750670
943, 67, 2.511020
943, 68, 1.571999
943, 69, 2.663888
943, 70, 2.953355
943, 71, 2.583025
943, 72, 3.795622
943, 73, 3.222291
943, 74, 1.580833
943, 75, 1.934788
943, 76, 1.049166
943, 77, 1.420346
943, 78, 1.805377
943, 79, 2.797783
943, 80, 2.671909
943, 81, 1.710896
943, 82, -0.110725
943, 83, 1.230895
943, 84, 0.939994
943, 85, 3.020049
943, 86, 3.276157
943, 87, 2.334270
943, 88, 1.403196
943, 89, 0.544654
943, 90, 1.203629
943, 91, 1.363446
943, 92, 0.672629
943, 93, 2.672228
943, 94, 1.673857
943, 95, 0.922750
943, 96, 1.642943
943, 97, 4.307219
943, 98, 2.180823
943, 99, 1.083238
943, 100, 0.792004
943, 101, -0.031273
943, 102, 1.865048
943, 103, 0.000000
943, 104, 3.460907
943, 105, 2.855257
943, 106, 1.431670
943, 107, 1.945337
943, 108, -0.090013
943, 109, 0.402979
943, 110, 1.771988
943, 111, 0.815907
943, 112, 1.185186
943, 113, 3.554086
943, 114, 1.041432
943, 115, 1.997383
943, 116, 1.443794
943, 117, 2.385157
943, 118, 1.555757
943, 119, 1.334032
943, 120, 2.301379
943, 121, 3.696525
943, 122, 2.493347
943, 123, 0.346461
943, 124, 2.149925
943, 125, 4.281477
943, 126, 1.225229
943, 127, 0.838413
943, 128, 0.512609
943, 129, 0.068566
943, 130, 1.536904
943, 131, 1.765901
943, 132, 1.469586
943, 133, 0.158527
943, 134, 1.165754
943, 135, 0.744959
943, 136, -0.000010
943, 137, 1.547963
943, 138, 0.987940
943, 139, 0.937750
943, 140, 3.507205
943, 141, 2.345862
943, 142, 3.138590
943, 143, 1.962716
943, 144, 1.508965
943, 145, 1.077613
943, 146, 1.966183
943, 147, 3.909153
943, 148, 2.480981
943, 149, 3.531249
943, 150, 1.562608
943, 151, 1.922753
943, 152, 2.094818
943, 153, 0.000000
943, 154, 1.593774
943, 155, 2.281430
943, 156, -0.010000
943, 157, 3.010557
943, 158, 1.993107
943, 159, 1.077853
943, 160, 2.951055
943, 161, 2.097167
943, 162, 3.457797
943, 163, 2.511829
943, 164, 3.343884
943, 165, 2.991494
943, 166, 3.617942
943, 167, 1.409328
943, 168, 0.324529
943, 169, 1.781928
943, 170, 1.509260
943, 171, 2.806872
943, 172, 2.660156
943, 173, 2.614021
943, 174, 2.142598
943, 175, 1.474262
943, 176, 3.361617
943, 177, 2.510462
943, 178, 0.529260
943, 179, 3.046854
943, 180, 3.517359
943, 181, 0.837788
943, 182, 3.133410
943, 183, -0.040000
943, 184, 0.631502
943, 185, 1.880346
943, 186, 3.375259
943, 187, 0.000000
943, 188, 2.145446
943, 189, 2.884832
943, 190, 2.387929
943, 191, 0.717938
943, 192, 2.124775
943, 193, 2.739219
943, 194, 1.537405
943, 195, -0.281320
943, 196, 3.982724
943, 197, 2.396479
943, 198, 2.274824
943, 199, 1.457517
945, 0, 1.503664
945, 1, 1.547395
945, 2, 2.282221
945, 3, 1.150858
945, 4, -0.339888
945, 5, 1.988947
945, 6, -0.000013
945, 7, 1.283833
945, 8, 3.396197
945, 9, 1.717014
945, 10, 1.799210
945, 11, 2.271101
945, 12, 2.550976
945, 13, 0.000000
945, 14, 2.626908
945, 15, 2.429148
945, 16, 1.129258
945, 17, 3.229043
945, 18, 3.588901
945, 19, 2.591689
945, 20, 4.255098
945, 21, 0.436530
945, 22, 2.162544
945, 23, 1.270559
945, 24, 1.302551
945, 25, 2.046121
945, 26, 1.010668
945, 27, 0.812977
945, 28, 1.976140
945, 29, 1.895253
945, 30, 0.668950
945, 31, 2.588074
945, 32, 0.422124
945, 33, 2.757814
945, 34, 2.344985
945, 35, 2.612178
945, 36, 2.297873
945, 37, 1.715998
945, 38, 0.375477
945, 39, 1.569139
945, 40, 2.690736
945, 41, 1.752398
945, 42, 1.011686
945, 43, 1.442728
945, 44, 0.519650
945, 45, 1.430493
945, 46, 2.340665
945, 47, 1.415481
945, 48, 2.598777
945, 49, -0.160065
945, 50, 2.174345
945, 51, 0.485420
945, 52, 1.514256
945, 53, -0.000015
945, 54, 2.736349
945, 55, 3.171142
945, 56, 2.533040
945, 57, 2.974020
945, 58, 0.829374
945, 59, 1.691667
945, 60, 0.000000
945, 61, 1.402721
945, 62, 2.046885
945, 63, 1.722669
945, 64, 2.057648
945, 65, 3.475344
945, 66, 1.750670
945, 67, 2.511020
945, 68, 1.571999
945, 69, 2.663888
945, 70, 2.951200
945, 71, 2.595256
945, 72, 3.797985
945, 73, 3.219957
945, 74, 1.580833
945, 75, 1.934788
945, 76, 1.049166
945, 77, 1.420346
945, 78, 1.805377
945, 79, 2.797782
945, 80, 2.670753
945, 81, 1.710896
945, 82, -0.111013
945, 83, 1.230894
945, 84, 0.939994
945, 85, 3.020050
945, 86, 3.294905
945, 87, 2.337472
945, 88, 1.403196
945, 89, 0.544654
945, 90, 1.203631
945, 91, 1.346639
945, 92, 0.672629
945, 93, 2.662959
945, 94, 1.674482
945, 95, 0.933852
945, 96, 1.642899
945, 97, 4.306600
945, 98, 2.172029
945, 99, 1.083238
945, 100, 0.792004
945, 101, -0.031273
945, 102, 1.865048
945, 103, 0.000000
945, 104, 3.462213
945, 105, 2.853527
945, 106, 1.431670
945, 107, 1.901219
945, 108, -0.090013
945, 109, 0.382715
945, 110, 1.771988
945, 111, 0.815092
945, 112, 1.185186
945, 113, 3.553866
945, 114, 1.041432
945, 115, 1.997383
945, 116, 1.443794
945, 117, 2.385157
945, 118, 1.538877
945, 119, 1.334032
945, 120, 2.301379
945, 121, 3.701630
945, 122, 2.491774
945, 123, 0.346461
945, 124, 2.149925
945, 125, 4.279918
945, 126, 1.225283
945, 127, 0.838413
945, 128, 0.512609
945, 129, 0.068566
945, 130, 1.536904
945, 131, 1.765902
945, 132, 1.469586
945, 133, 0.158527
945, 134, 1.165754
945, 135, 0.744959
945, 136, -0.000010
945, 137, 1.547954
945, 138, 0.987940
945, 139, 0.937750
945, 140, 3.513055
945, 141, 2.345862
945, 142, 3.137837
945, 143, 1.958424
945, 144, 1.508965
945, 145, 1.077613
945, 146, 1.966183
945, 147, 3.904916
945, 148, 2.480981
945, 149, 3.531018
945, 150, 1.562608
945, 151, 1.917082
945, 152, 2.090478
945, 153, 0.000000
945, 154, 1.593774
945, 155, 2.281431
945, 156, -0.010000
945, 157, 3.008713
945, 158, 1.993107
945, 159, 1.077853
945, 160, 2.921169
945, 161, 2.097167
945, 162, 3.447836
945, 163, 2.510499
945, 164, 3.343884
945, 165, 2.991903
945, 166, 3.623914
945, 167, 1.409328
945, 168, 0.324529
945, 169, 1.782105
945, 170, 1.509260
945, 171, 2.819434
945, 172, 2.673825
945, 173, 2.612537
945, 174, 2.165827
945, 175, 1.474262
945, 176, 3.360209
945, 177, 2.478492
945, 178, 0.529260
945, 179, 3.046718
945, 180, 3.508470
945, 181, 0.837788
945, 182, 3.133410
945, 183, -0.040000
945, 184, 0.631502
945, 185, 1.880346
945, 186, 3.387688
945, 187, 0.000000
945, 188, 2.170271
945, 189, 2.890138
945, 190, 2.387929
945, 191, 0.717938
945, 192, 2.102438
945, 193, 2.742214
945, 194, 1.537405
945, 195, -0.281320
945, 196, 3.983440
945, 197, 2.396479
945, 198, 2.274799
945, 199, 1.457518
947, 0, 1.503664
947, 1, 1.547396
947, 2, 2.258661
947, 3, 1.150859
947, 4, -0.339888
947, 5, 1.989068
947, 6, -0.000013
947, 7, 1.283834
947, 8, 3.406225
947, 9, 1.717014
947, 10, 1.799210
947, 11, 2.271102
947, 12, 2.543412
947, 13, 0.000000
947, 14, 2.626908
947, 15, 2.378655
947, 16, 1.129258
947, 17, 3.211582
947, 18, 3.585645
947, 19, 2.591689
947, 20, 4.285060
947, 21, 0.436530
947, 22, 2.161510
947, 23, 1.270559
947, 24, 1.306095
947, 25, 2.046121
947, 26, 1.010668
947, 27, 0.812977
947, 28, 1.970049
947, 29, 1.893681
947, 30, 0.668950
947, 31, 2.580226
947, 32, 0.422124
947, 33, 2.736227
947, 34, 2.389009
947, 35, 2.612153
947, 36, 2.297435
947, 37, 1.753180
947, 38, 0.375477
947, 39, 1.569139
947, 40, 2.690736
947, 41, 1.752465
947, 42, 1.011686
947, 43, 1.442728
947, 44, 0.519650
947, 45, 1.429112
947, 46, 2.322596
947, 47, 1.415481
947, 48, 2.603103
947, 49, -0.160065
947, 50, 2.174345
947, 51, 0.485420
947, 52, 1.514256
947, 53, -0.000015
947, 54, 2.709641
947, 55, 3.166963
947, 56, 2.534451
947, 57, 2.974044
947, 58, 0.829374
947, 59, 1.691667
947, 60, 0.000000
947, 61, 1.402721
947, 62, 2.046885
947, 63, 1.722669
947, 64, 2.057648
947, 65, 3.460174
947, 66, 1.750670
947, 67, 2.511020
947, 68, 1.571999
947, 69, 2.663888
947, 70, 2.955122
947, 71, 2.592115
947, 72, 3.797959
947, 73, 3.217495
947, 74, 1.580833
947, 75, 1.934788
947, 76, 1.049166
947, 77, 1.420346
947, 78, 1.805377
947, 79, 2.797782
947, 80, 2.670902
947, 81, 1.710896
947, 82, -0.109810
947, 83, 1.230892
947, 84, 0.939994
947, 85, 3.020051
947, 86, 3.300084
947, 87, 2.334270
947, 88, 1.403196
947, 89, 0.544654
947, 90, 1.203632
947, 91, 1.338118
947, 92, 0.672629
947, 93, 2.644968
947, 94, 1.674919
947, 95, 0.939691
947, 96, 1.645530
947, 97, 4.307691
947, 98, 2.168054
947, 99, 1.083238
947, 100, 0.792004
947, 101, -0.031273
947, 102, 1.865048
947, 103, 0.000000
947, 104, 3.449816
947, 105, 2.852643
947, 106, 1.431670
947, 107, 1.879360
947, 108, -0.090013
947, 109, 0.382715
947, 110, 1.771988
947, 111, 0.814588
947, 112, 1.185186
947, 113, 3.549924
947, 114, 1.041432
947, 115, 1.997383
947, 116, 1.443794
947, 117, 2.385156
947, 118, 1.523372
947, 119, 1.334032
947, 120, 2.301379
947, 121, 3.694432
947, 122, 2.491774
947, 123, 0.346461
947, 124, 2.149925
947, 125, 4.286952
947, 126, 1.225357
947, 127, 0.838413
947, 128, 0.512609
947, 129, 0.068566
947, 130, 1.536904
947, 131, 1.765901
947, 132, 1.469586
947, 133, 0.158527
947, 134, 1.165754
947, 135, 0.744959
947, 136, -0.000010
947, 137, 1.547962
947, 138, 0.987940
947, 139, 0.937750
947, 140, 3.517112
947, 141, 2.345863
947, 142, 3.138761
947, 143, 1.949911
947, 144, 1.508965
947, 145, 1.077613
947, 146, 1.966183
947, 147, 3.893478
947, 148, 2.480981
947, 149, 3.530948
947, 150, 1.562608
947, 151, 1.914108
947, 152, 2.087445
947, 153, 0.000000
947, 154, 1.593774
947, 155, 2.281431
947, 156, -0.010000
947, 157, 3.008721
947, 158, 1.993107
947, 159, 1.077853
947, 160, 2.865826
947, 161, 2.097167
947, 162, 3.454383
947, 163, 2.510499
947, 164, 3.343885
947, 165, 2.991467
947, 166, 3.631860
947, 167, 1.409328
947, 168, 0.324529
947, 169, 1.782341
947, 170, 1.509260
947, 171, 2.797645
947, 172, 2.670592
947, 173, 2.611486
947, 174, 2.187121
947, 175, 1.474262
947, 176, 3.358878
947, 177, 2.476960
947, 178, 0.529260
947, 179, 3.045794
947, 180, 3.497957
947, 181, 0.837788
947, 182, 3.133410
947, 183, -0.040000
947, 184, 0.631502
947, 185, 1.880346
947, 186, 3.384689
947, 187, 0.000000
947, 188, 2.167227
947, 189, 2.939750
947, 190, 2.387929
947, 191, 0.717938
947, 192, 2.109433
947, 193, 2.742329
947, 194, 1.537405
947, 195, -0.281320
947, 196, 3.978885
947, 197, 2.396479
947, 198, 2.274781
947, 199, 1.457518
949, 0, 1.503664
949, 1, 1.547395
949, 2, 2.225400
949, 3, 1.150859
949, 4, -0.339888
949, 5, 1.986565
949, 6, -0.000013
949, 7, 1.283834
949, 8, 3.356775
949, 9, 1.717014
949, 10, 1.799210
949, 11, 2.271102
949, 12, 2.538734
949, 13, 0.000000
949, 14, 2.626501
949, 15, 2.458768
949, 16, 1.129258
949, 17, 3.228448
949, 18, 3.588290
949, 19, 2.589026
949, 20, 4.273246
949, 21, 0.436530
949, 22, 2.161510
949, 23, 1.270559
949, 24, 1.335924
949, 25, 2.046121
949, 26, 1.010668
949, 27, 0.812977
949, 28, 1.967448
949, 29, 1.897261
949, 30, 0.668950
949, 31, 2.575556
949, 32, 0.422124
949, 33, 2.719851
949, 34, 2.367811
949, 35, 2.611857
949, 36, 2.297474
949, 37, 1.643399
949, 38, 0.375477
949, 39, 1.569139
949, 40, 2.690736
949, 41, 1.752528
949, 42, 1.011686
949, 43, 1.442728
949, 44, 0.519650
949, 45, 1.432265
949, 46, 2.308478
949, 47, 1.415481
949, 48, 2.600213
949, 49, -0.160065
949, 50, 2.174345
949, 51, 0.485420
949, 52, 1.514256
949, 53, -0.000015
949, 54, 2.729442
949, 55, 3.170912
949, 56, 2.529841
949, 57, 2.973891
949, 58, 0.829374
949, 59, 1.691667
949, 60, 0.000000
949, 61, 1.402721
949, 62, 2.046885
949, 63, 1.722669
949, 64, 2.057648
949, 65, 3.481798
949, 66, 1.750670
949, 67, 2.511020
949, 68, 1.571999
949, 69, 2.663888
949, 70, 2.954259
949, 71, 2.592129
949, 72, 3.798298
949, 73, 3.215611
949, 74, 1.580833
949, 75, 1.934788
949, 76, 1.049166
949, 77, 1.420346
949, 78, 1.805377
949, 79, 2.797782
949, 80, 2.670639
949, 81, 1.710896
949, 82, -0.111642
949, 83, 1.230891
949, 84, 0.939994
949, 85, 3.020050
949, 86, 3.281819
949, 87, 2.334270
949, 88, 1.403196
949, 89, 0.544654
949, 90, 1.203633
949, 91, 1.360957
949, 92, 0.672629
949, 93, 2.654957
949, 94, 1.679940
949, 95, 0.943470
949, 96, 1.647187
949, 97, 4.298904
949, 98, 2.162459
949, 99, 1.083238
949, 100, 0.792004
949, 101, -0.031273
949, 102, 1.865048
949, 103, 0.000000
949, 104, 3.467077
949, 105, 2.855090
949, 106, 1.431670
949, 107, 1.879017
949, 108, -0.090013
949, 109, 0.382715
949, 110, 1.771988
949, 111, 0.814538
949, 112, 1.185186
949, 113, 3.548047
949, 114, 1.041432
949, 115, 1.997383
949, 116, 1.443794
949, 117, 2.385157
949, 118, 1.538826
949, 119, 1.334032
949, 120, 2.301379
949, 121, 3.708426
949, 122, 2.491774
949, 123, 0.346461
949, 124, 2.149926
949, 125, 4.278617
949, 126, 1.225430
949, 127, 0.838413
949, 128, 0.512609
949, 129, 0.068566
949, 130, 1.536904
949, 131, 1.765901
949, 132, 1.469586
949, 133, 0.158527
949, 134, 1.165754
949, 135, 0.744959
949, 136, -0.000010
949, 137, 1.547970
949, 138, 0.987940
949, 139, 0.937750
949, 140, 3.518796
949, 141, 2.345865
949, 142, 3.148173
949, 143, 1.958009
949, 144, 1.508965
949, 145, 1.077613
949, 146, 1.966183
949, 147, 3.910284
949, 148, 2.480981
949, 149, 3.531277
949, 150, 1.562608
949, 151, 1.910722
949, 152, 2.095983
949, 153, 0.000000
949, 154, 1.593774
949, 155, 2.281430
949, 156, -0.010000
949, 157, 3.008724
949, 158, 1.993107
949, 159, 1.077853
949, 160, 2.924433
949, 161, 2.097167
949, 162, 3.446842
949, 163, 2.510499
949, 164, 3.344567
949, 165, 2.992687
949, 166, 3.630906
949, 167, 1.409328
949, 168, 0.324529
949, 169, 1.782342
949, 170, 1.509260
949, 171, 2.822582
949, 172, 2.650861
949, 173, 2.614416
949, 174, 2.197205
949, 175, 1.474262
949, 176, 3.358878
949, 177, 2.474146
949, 178, 0.529260
949, 179, 3.046084
949, 180, 3.498509
949, 181, 0.837788
949, 182, 3.133410
949, 183, -0.040000
949, 184, 0.631502
949, 185, 1.880346
949, 186, 3.379316
949, 187, 0.000000
949, 188, 2.169146
949, 189, 2.911555
949, 190, 2.387929
949, 191, 0.717938
949, 192, 2.117706
949, 193, 2.743646
949, 194, 1.537405
949, 195, -0.281320
949, 196, 3.982239
949, 197, 2.393185
949, 198, 2.274765
949, 199, 1.457518
951, 0, 1.503664
951, 1, 1.547395
951, 2, 2.194659
951, 3, 1.150856
951, 4, -0.339888
951, 5, 1.985876
951, 6, -0.000013
951, 7, 1.283834
951, 8, 3.363968
951, 9, 1.717014
951, 10, 1.799209
951, 11, 2.271101
951, 12, 2.530351
951, 13, 0.000000
951, 14, 2.626596
951, 15, 2.464216
951, 16, 1.129258
951, 17, 3.218352
951, 18, 3.587471
951, 19, 2.589026
951, 20, 4.294611
951, 21, 0.436530
951, 22, 2.161510
951, 23, 1.270559
951, 24, 1.369151
951, 25, 2.046121
951, 26, 1.010668
951, 27, 0.812977
951, 28, 1.964267
951, 29, 1.895465
951, 30, 0.668950
951, 31, 2.567498
951, 32, 0.422124
951, 33, 2.706741
951, 34, 2.373006
951, 35, 2.611895
951, 36, 2.295324
951, 37, 1.560133
951, 38, 0.375477
951, 39, 1.569139
951, 40, 2.690736
951, 41, 1.752545
951, 42, 1.011686
951, 43, 1.442728
951, 44, 0.519650
951, 45, 1.430682
951, 46, 2.324689
951, 47, 1.415481
951, 48, 2.600613
951, 49, -0.160065
951, 50, 2.174345
951, 51, 0.485420
951, 52, 1.514256
951, 53, -0.000015
951, 54, 2.776401
951, 55, 3.169682
951, 56, 2.521913
951, 57, 2.973954
951, 58, 0.829374
951, 59, 1.691667
951, 60, 0.000000
951, 61, 1.402721
951, 62, 2.046886
951, 63, 1.722669
951, 64, 2.057648
951, 65, 3.452633
951, 66, 1.750670
951, 67, 2.511020
951, 68, 1.571999
951, 69, 2.663888
951, 70, 2.954768
951, 71, 2.596263
951, 72, 3.797854
951, 73, 3.213026
951, 74, 1.580833
951, 75, 1.934788
951, 76, 1.049166
951, 77, 1.420346
951, 78, 1.805377
951, 79, 2.797782
951, 80, 2.670499
951, 81, 1.710896
951, 82, -0.110540
951, 83, 1.230891
951, 84, 0.939994
951, 85, 3.020050
951, 86, 3.294528
951, 87, 2.334270
951, 88, 1.403196
951, 89, 0.544654
951, 90, 1.203630
951, 91, 1.345403
951, 92, 0.672629
951, 93, 2.655006
951, 94, 1.670750
951, 95, 0.945818
951, 96, 1.642014
951, 97, 4.305118
951, 98, 2.159812
951, 99, 1.083238
951, 100, 0.792004
951, 101, -0.031273
951, 102, 1.865048
951, 103, 0.000000
951, 104, 3.463691
951, 105, 2.854165
951, 106, 1.431670
951, 107, 1.888978
951, 108, -0.090013
951, 109, 0.382715
951, 110, 1.771988
951, 111, 0.814949
951, 112, 1.185186
951, 113, 3.546087
951, 114, 1.041432
951, 115, 1.997383
951, 116, 1.443794
951, 117, 2.385157
951, 118, 1.531265
951, 119, 1.334032
951, 120, 2.301380
951, 121, 3.655025
951, 122, 2.491774
951, 123, 0.346461
951, 124, 2.149925
951, 125, 4.282345
951, 126, 1.225824
951, 127, 0.838413
951, 128, 0.512609
951, 129, 0.068566
951, 130, 1.536905
951, 131, 1.765901
951, 132, 1.469586
951, 133, 0.158527
951, 134, 1.165754
951, 135, 0.744959
951, 136, -0.000010
951, 137, 1.548139
951, 138, 0.987940
951, 139, 0.937750
951, 140, 3.520709
951, 141, 2.345863
951, 142, 3.157481
951, 143, 1.954090
951, 144, 1.508965
951, 145, 1.077613
951, 146, 1.966183
951, 147, 3.881935
951, 148, 2.480981
951, 149, 3.530666
951, 150, 1.562608
951, 151, 1.910116
951, 152, 2.103487
951, 153, 0.000000
951, 154, 1.593774
951, 155, 2.281430
951, 156, -0.010000
951, 157, 3.012985
951, 158, 1.993107
951, 159, 1.077853
951, 160, 2.910715
951, 161, 2.097167
951, 162, 3.455623
951, 163, 2.510499
951, 164, 3.343882
951, 165, 2.992222
951, 166, 3.630364
951, 167, 1.409328
951, 168, 0.324529
951, 169, 1.782297
951, 170, 1.509260
951, 171, 2.819472
951, 172, 2.654520
951, 173, 2.616913
951, 174, 2.217999
951, 175, 1.474262
951, 176, 3.362176
951, 177, 2.491515
951, 178, 0.529260
951, 179, 3.042245
951, 180, 3.495659
951, 181, 0.837788
951, 182, 3.133410
951, 183, -0.040000
951, 184, 0.631502
951, 185, 1.880346
951, 186, 3.378043
951, 187, 0.000000
951, 188, 2.162854
951, 189, 2.781807
951, 190, 2.387929
951, 191, 0.717938
951, 192, 2.100464
951, 193, 2.743681
951, 194, 1.537404
951, 195, -0.281317
951, 196, 3.966943
951, 197, 2.398710
951, 198, 2.274780
951, 199, 1.457517
953, 0, 1.503664
953, 1, 1.547395
953, 2, 2.141280
953, 3, 1.150858
953, 4, -0.339888
953, 5, 1.986001
953, 6, -0.000013
953, 7, 1.283834
953, 8, 3.366075
953, 9, 1.717014
953, 10, 1.799210
953, 11, 2.271102
953, 12, 2.528624
953, 13, 0.000000
953, 14, 2.626828
953, 15, 2.494871
953, 16, 1.129258
953, 17, 3.203815
953, 18, 3.587061
953, 19, 2.589026
953, 20, 4.277595
953, 21, 0.436530
953, 22, 2.161510
953, 23, 1.270559
953, 24, 1.394333
953, 25, 2.046121
953, 26, 1.010668
953, 27, 0.812977
953, 28, 1.966538
953, 29, 1.893776
953, 30, 0.668950
953, 31, 2.565557
953, 32, 0.422124
953, 33, 2.779014
953, 34, 2.319186
953, 35, 2.612022
953, 36, 2.295399
953, 37, 1.543028
953, 38, 0.375477
953, 39, 1.569139
953, 40, 2.690736
953, 41, 1.752555
953, 42, 1.011686
953, 43, 1.442728
953, 44, 0.519650
953, 45, 1.429198
953, 46, 2.311983
953, 47, 1.415481
953, 48, 2.602870
953, 49, -0.160065
953, 50, 2.174345
953, 51, 0.485420
953, 52, 1.514256
953, 53, -0.000015
953, 54, 2.719238
953, 55, 3.169356
953, 56, 2.521903
953, 57, 2.974077
953, 58, 0.829374
953, 59, 1.691667
953, 60, 0.000000
953, 61, 1.402721
953, 62, 2.046886
953, 63, 1.722669
953, 64, 2.057648
953, 65, 3.480439
953, 66, 1.750670
953, 67, 2.511020
953, 68, 1.571999
953, 69, 2.663888
953, 70, 2.949479
953, 71, 2.582871
953, 72, 3.798254
953, 73, 3.212305
953, 74, 1.580833
953, 75, 1.934788
953, 76, 1.049166
953, 77, 1.420346
953, 78, 1.805377
953, 79, 2.797783
953, 80, 2.670893
953, 81, 1.710896
953, 82, -0.109514
953, 83, 1.230891
953, 84, 0.939994
953, 85, 3.020050
953, 86, 3.296685
953, 87, 2.334270
953, 88, 1.403196
953, 89, 0.544654
953, 90, 1.203632
953, 91, 1.340339
953, 92, 0.672629
953, 93, 2.647936
953, 94, 1.677948
953, 95, 0.947340
953, 96, 1.642841
953, 97, 4.297534
953, 98, 2.171381
953, 99, 1.083238
953, 100, 0.792004
953, 101, -0.031273
953, 102, 1.865048
953, 103, 0.000000
953, 104, 3.467093
953, 105, 2.853659
953, 106, 1.431670
953, 107, 1.904686
953, 108, -0.090013
953, 109, 0.382715
953, 110, 1.771988
953, 111, 0.815620
953, 112, 1.185186
953, 113, 3.532535
953, 114, 1.041432
953, 115, 1.997383
953, 116, 1.443794
953, 117, 2.385156
953, 118, 1.572358
953, 119, 1.334032
953, 120, 2.301379
953, 121, 3.675942
953, 122, 2.491774
953, 123, 0.346461
953, 124, 2.149925
953, 125, 4.289678
953, 126, 1.225835
953, 127, 0.838413
953, 128, 0.512609
953, 129, 0.068566
953, 130, 1.536904
953, 131, 1.765901
953, 132, 1.469586
953, 133, 0.158527
953, 134, 1.165754
953, 135, 0.744959
953, 136, -0.000010
953, 137, 1.548118
953, 138, 0.987940
953, 139, 0.937750
953, 140, 3.520859
953, 141, 2.345864
953, 142, 3.161536
953, 143, 1.968609
953, 144, 1.508965
953, 145, 1.077613
953, 146, 1.966183
953, 147, 3.909245
953, 148, 2.480981
953, 149, 3.531207
953, 150, 1.562608
953, 151, 1.921626
953, 152, 2.103601
953, 153, 0.000000
953, 154, 1.593774
953, 155, 2.281430
953, 156, -0.010000
953, 157, 3.007363
953, 158, 1.993107
953, 159, 1.077853
953, 160, 2.885714
953, 161, 2.097167
953, 162, 3.447423
953, 163, 2.510499
953, 164, 3.343884
953, 165, 2.991970
953, 166, 3.636142
953, 167, 1.409328
953, 168, 0.324529
953, 169, 1.782496
953, 170, 1.509260
953, 171, 2.795288
953, 172, 2.660299
953, 173, 2.616950
953, 174, 2.231654
953, 175, 1.474262
953, 176, 3.358282
953, 177, 2.512335
953, 178, 0.529260
953, 179, 3.051578
953, 180, 3.479788
953, 181, 0.837788
953, 182, 3.133410
953, 183, -0.040000
953, 184, 0.631502
953, 185, 1.880346
953, 186, 3.350526
953, 187, 0.000000
953, 188, 2.149190
953, 189, 2.811403
953, 190, 2.387929
953, 191, 0.717938
953, 192, 2.110116
953, 193, 2.739275
953, 194, 1.537405
953, 195, -0.281318
953, 196, 3.983109
953, 197, 2.395919
953, 198, 2.274776
953, 199, 1.457517
955, 0, 1.503664
955, 1, 1.547395
955, 2, 2.227946
955, 3, 1.150858
955, 4, -0.339888
955, 5, 1.986560
955, 6, -0.000013
955, 7, 1.283835
955, 8, 3.377918
955, 9, 1.717014
955, 10, 1.799210
955, 11, 2.271101
955, 12, 2.537960
955, 13, 0.000000
955, 14, 2.626870
955, 15, 2.464004
955, 16, 1.129258
955, 17, 3.231260
955, 18, 3.588753
955, 19, 2.589026
955, 20, 4.294741
955, 21, 0.436530
955, 22, 2.161510
955, 23, 1.270559
955, 24, 1.402618
955, 25, 2.046121
955, 26, 1.010668
955, 27, 0.812977
955, 28, 1.971559
955, 29, 1.892588
955, 30, 0.668950
955, 31, 2.573797
955, 32, 0.422124
955, 33, 2.707652
955, 34, 2.383051
955, 35, 2.612026
955, 36, 2.290326
955, 37, 1.600219
955, 38, 0.375477
955, 39, 1.569139
955, 40, 2.690736
955, 41, 1.752583
955, 42, 1.011686
955, 43, 1.442728
955, 44, 0.519650
955, 45, 1.428725
955, 46, 2.299841
955, 47, 1.415481
955, 48, 2.603364
955, 49, -0.160065
955, 50, 2.174345
955, 51, 0.485420
955, 52, 1.514256
955, 53, -0.000015
955, 54, 2.734436
955, 55, 3.167901
955, 56, 2.528156
955, 57, 2.974135
955, 58, 0.829374
955, 59, 1.691667
955, 60, 0.000000
955, 61, 1.402721
955, 62, 2.046885
955, 63, 1.722669
955, 64, 2.057648
955, 65, 3.471920
955, 66, 1.750670
955, 67, 2.511020
955, 68, 1.571999
955, 69, 2.663888
955, 70, 2.954549
955, 71, 2.585824
955, 72, 3.798914
955, 73, 3.214942
955, 74, 1.580833
955, 75, 1.934788
955, 76, 1.049166
955, 77, 1.420346
955, 78, 1.805377
955, 79, 2.797782
955, 80, 2.671220
955, 81, 1.710896
955, 82, -0.109158
955, 83, 1.230890
955, 84, 0.939994
955, 85, 3.020050
955, 86, 3.303692
955, 87, 2.334270
955, 88, 1.403196
955, 89, 0.544654
955, 90, 1.203633
955, 91, 1.332438
955, 92, 0.672629
955, 93, 2.662219
955, 94, 1.677711
955, 95, 0.940382
955, 96, 1.644463
955, 97, 4.306555
955, 98, 2.172508
955, 99, 1.083238
955, 100, 0.792004
955, 101, -0.031273
955, 102, 1.865048
955, 103, 0.000000
955, 104, 3.462439
955, 105, 2.852844
955, 106, 1.431670
955, 107, 1.924829
955, 108, -0.090013
955, 109, 0.382715
955, 110, 1.771988
955, 111, 0.816090
955, 112, 1.185186
955, 113, 3.551899
955, 114, 1.041432
955, 115, 1.997383
955, 116, 1.443794
955, 117, 2.385156
955, 118, 1.567721
955, 119, 1.334032
955, 120, 2.301379
955, 121, 3.656293
955, 122, 2.491774
955, 123, 0.346461
955, 124, 2.149925
955, 125, 4.284754
955, 126, 1.225828
955, 127, 0.838413
955, 128, 0.512609
955, 129, 0.068566
955, 130, 1.536904
955, 131, 1.765902
955, 132, 1.469586
955, 133, 0.158527
955, 134, 1.165754
955, 135, 0.744959
955, 136, -0.000010
955, 137, 1.548087
955, 138, 0.987940
955, 139, 0.937750
955, 140, 3.517339
955, 141, 2.345864
955, 142, 3.141519
955, 143, 1.966223
955, 144, 1.508965
955, 145, 1.077613
955, 146, 1.966183
955, 147, 3.902792
955, 148, 2.480981
955, 149, 3.530173
955, 150, 1.562608
955, 151, 1.921116
955, 152, 2.101682
955, 153, 0.000000
955, 154, 1.593774
955, 155, 2.281431
955, 156, -0.010000
955, 157, 3.011057
955, 158, 1.993107
955, 159, 1.077853
955, 160, 2.941071
955, 161, 2.097167
955, 162, 3.457052
955, 163, 2.510499
955, 164, 3.343884
955, 165, 2.991564
955, 166, 3.633949
955, 167, 1.409328
955, 168, 0.324529
955, 169, 1.782687
955, 170, 1.509260
955, 171, 2.811570
955, 172, 2.676025
955, 173, 2.616319
955, 174, 2.240419
955, 175, 1.474262
955, 176, 3.361123
955, 177, 2.484805
955, 178, 0.529260
955, 179, 3.054799
955, 180, 3.516712
955, 181, 0.837788
955, 182, 3.133410
955, 183, -0.040000
955, 184, 0.631502
955, 185, 1.880346
955, 186, 3.365556
955, 187, 0.000000
955, 188, 2.146484
955, 189, 2.850433
955, 190, 2.387929
955, 191, 0.717938
955, 192, 2.075198
955, 193, 2.739983
955, 194, 1.537405
955, 195, -0.281319
955, 196, 3.981889
955, 197, 2.397012
955, 198, 2.274747
955, 199, 1.457518
957, 0, 1.503664
957, 1, 1.547396
957, 2, 2.276353
957, 3, 1.150859
957, 4, -0.339888
957, 5, 1.987777
957, 6, -0.000013
957, 7, 1.283835
957, 8, 3.346782
957, 9, 1.717014
957, 10, 1.799210
957, 11, 2.271102
957, 12, 2.549668
957, 13, 0.000000
957, 14, 2.626888
957, 15, 2.467105
957, 16, 1.129258
957, 17, 3.228116
957, 18, 3.584598
957, 19, 2.589026
957, 20, 4.281484
957, 21, 0.436530
957, 22, 2.161510
957, 23, 1.270559
957, 24, 1.365638
957, 25, 2.046121
957, 26, 1.010668
957, 27, 0.812977
957, 28, 1.976007
957, 29, 1.891454
957, 30, 0.668950
957, 31, 2.584311
957, 32, 0.422124
957, 33, 2.732492
957, 34, 2.383741
957, 35, 2.612013
957, 36, 2.295755
957, 37, 1.671301
957, 38, 0.375477
957, 39, 1.569139
957, 40, 2.690736
957, 41, 1.752640
957, 42, 1.011686
957, 43, 1.442728
957, 44, 0.519650
957, 45, 1.427738
957, 46, 2.335351
957, 47, 1.415481
957, 48, 2.598094
957, 49, -0.160065
957, 50, 2.174345
957, 51, 0.485420
957, 52, 1.514256
957, 53, -0.000015
957, 54, 2.703596
957, 55, 3.158662
957, 56, 2.530657
957, 57, 2.974165
957, 58, 0.829374
957, 59, 1.691667
957, 60, 0.000000
957, 61, 1.402721
957, 62, 2.046885
957, 63, 1.722669
957, 64, 2.057648
957, 65, 3.448888
957, 66, 1.750670
957, 67, 2.511020
957, 68, 1.571999
957, 69, 2.663888
957, 70, 2.955160
957, 71, 2.582997
957, 72, 3.795729
957, 73, 3.218014
957, 74, 1.580833
957, 75, 1.934788
957, 76, 1.049166
957, 77, 1.420346
957, 78, 1.805377
957, 79, 2.797782
957, 80, 2.671762
957, 81, 1.710896
957, 82, -0.108466
957, 83, 1.230890
957, 84, 0.939994
957, 85, 3.020049
957, 86, 3.318730
957, 87, 2.334270
957, 88, 1.403196
957, 89, 0.544654
957, 90, 1.203634
957, 91, 1.315333
957, 92, 0.672629
957, 93, 2.651688
957, 94, 1.675319
957, 95, 0.951680
957, 96, 1.643135
957, 97, 4.307027
957, 98, 2.176219
957, 99, 1.083238
957, 100, 0.792004
957, 101, -0.031273
957, 102, 1.865048
957, 103, 0.000000
957, 104, 3.462452
957, 105, 2.852136
957, 106, 1.431670
957, 107, 1.926528
957, 108, -0.090013
957, 109, 0.382715
957, 110, 1.771988
957, 111, 0.816194
957, 112, 1.185186
957, 113, 3.551932
957, 114, 1.041432
957, 115, 1.997383
957, 116, 1.443794
957, 117, 2.385156
957, 118, 1.551069
957, 119, 1.334032
957, 120, 2.301379
957, 121, 3.676653
957, 122, 2.491774
957, 123, 0.346461
957, 124, 2.149925
957, 125, 4.288445
957, 126, 1.225843
957, 127, 0.838413
957, 128, 0.512609
957, 129, 0.068566
957, 130, 1.536904
957, 131, 1.765901
957, 132, 1.469586
957, 133, 0.158527
957, 134, 1.165754
957, 135, 0.744959
957, 136, -0.000010
957, 137, 1.548069
957, 138, 0.987940
957, 139, 0.937750
957, 140, 3.507036
957, 141, 2.345865
957, 142, 3.104063
957, 143, 1.955045
957, 144, 1.508965
957, 145, 1.077613
957, 146, 1.966183
957, 147, 3.909477
957, 148, 2.480981
957, 149, 3.531055
957, 150, 1.562608
957, 151, 1.921466
957, 152, 2.106608
957, 153, 0.000000
957, 154, 1.593774
957, 155, 2.281431
957, 156, -0.010000
957, 157, 3.007364
957, 158, 1.993107
957, 159, 1.077853
957, 160, 2.920032
957, 161, 2.097167
957, 162, 3.442413
957, 163, 2.510499
957, 164, 3.343885
957, 165, 2.991181
957, 166, 3.609520
957, 167, 1.409328
957, 168, 0.324529
957, 169, 1.782849
957, 170, 1.509260
957, 171, 2.779399
957, 172, 2.672722
957, 173, 2.617929
957, 174, 2.248684
957, 175, 1.474262
957, 176, 3.361123
957, 177, 2.489450
957, 178, 0.529260
957, 179, 3.048181
957, 180, 3.505751
957, 181, 0.837788
957, 182, 3.133410
957, 183, -0.040000
957, 184, 0.631502
957, 185, 1.880346
957, 186, 3.371887
957, 187, 0.000000
957, 188, 2.162545
957, 189, 2.860645
957, 190, 2.387929
957, 191, 0.717938
957, 192, 2.106457
957, 193, 2.742017
957, 194, 1.537405
957, 195, -0.281319
957, 196, 3.982300
957, 197, 2.393542
957, 198, 2.274726
957, 199, 1.457517
959, 0, 1.503664
959, 1, 1.547395
959, 2, 2.332130
959, 3, 1.150859
959, 4, -0.339888
959, 5, 1.987025
959, 6, -0.000013
959, 7, 1.283835
959, 8, 3.392499
959, 9, 1.717014
959, 10, 1.799210
959, 11, 2.271102
959, 12, 2.566227
959, 13, 0.000000
959, 14, 2.626891
959, 15, 2.541224
959, 16, 1.129258
959, 17, 3.220303
959, 18, 3.587940
959, 19, 2.589026
959, 20, 4.253473
959, 21, 0.436530
959, 22, 2.161510
959, 23, 1.270559
959, 24, 1.340707
959, 25, 2.046121
959, 26, 1.010668
959, 27, 0.812977
959, 28, 1.978780
959, 29, 1.891101
959, 30, 0.668950
959, 31, 2.601500
959, 32, 0.422124
959, 33, 2.753414
959, 34, 2.386939
959, 35, 2.611992
959, 36, 2.300208
959, 37, 1.723591
959, 38, 0.375477
959, 39, 1.569139
959, 40, 2.690736
959, 41, 1.752684
959, 42, 1.011686
959, 43, 1.442728
959, 44, 0.519650
959, 45, 1.427436
959, 46, 2.336791
959, 47, 1.415481
959, 48, 2.602013
959, 49, -0.160065
959, 50, 2.174345
959, 51, 0.485420
959, 52, 1.514256
959, 53, -0.000015
959, 54, 2.726210
959, 55, 3.171161
959, 56, 2.534333
959, 57, 2.974187
959, 58, 0.829374
959, 59, 1.691667
959, 60, 0.000000
959, 61, 1.402721
959, 62, 2.046885
959, 63, 1.722669
959, 64, 2.057648
959, 65, 3.447289
959, 66, 1.750670
959, 67, 2.511020
959, 68, 1.571999
959, 69, 2.697505
959, 70, 2.954851
959, 71, 2.583016
959, 72, 3.798674
959, 73, 3.223011
959, 74, 1.580833
959, 75, 1.934788
959, 76, 1.049166
959, 77, 1.420346
959, 78, 1.805377
959, 79, 2.797782
959, 80, 2.671443
959, 81, 1.710896
959, 82, -0.108225
959, 83, 1.230890
959, 84, 0.939994
959, 85, 3.020050
959, 86, 3.294345
959, 87, 2.334270
959, 88, 1.403196
959, 89, 0.544654
959, 90, 1.203635
959, 91, 1.338686
959, 92, 0.672629
959, 93, 2.659453
959, 94, 1.678659
959, 95, 0.946340
959, 96, 1.644261
959, 97, 4.281225
959, 98, 2.131786
959, 99, 1.083238
959, 100, 0.792004
959, 101, -0.031273
959, 102, 1.865048
959, 103, 0.000000
959, 104, 3.445681
959, 105, 2.854635
959, 106, 1.431670
959, 107, 1.916851
959, 108, -0.090013
959, 109, 0.382715
959, 110, 1.771988
959, 111, 0.814995
959, 112, 1.185186
959, 113, 3.553914
959, 114, 1.041432
959, 115, 1.997383
959, 116, 1.443794
959, 117, 2.385157
959, 118, 1.561909
959, 119, 1.334032
959, 120, 2.301379
959, 121, 3.593334
959, 122, 2.491774
959, 123, 0.346461
959, 124, 2.149926
959, 125, 4.260017
959, 126, 1.225899
959, 127, 0.838413
959, 128, 0.512609
959, 129, 0.068566
959, 130, 1.536904
959, 131, 1.765901
959, 132, 1.469586
959, 133, 0.158527
959, 134, 1.165754
959, 135, 0.744959
959, 136, -0.000010
959, 137, 1.548071
959, 138, 0.987940
959, 139, 0.937750
959, 140, 3.496873
959, 141, 2.345865
959, 142, 3.079837
959, 143, 1.960810
959, 144, 1.508965
959, 145, 1.077613
959, 146, 1.966183
959, 147, 3.909396
959, 148, 2.480981
959, 149, 3.530612
959, 150, 1.562608
959, 151, 1.924287
959, 152, 2.097979
959, 153, 0.000000
959, 154, 1.593774
959, 155, 2.281430
959, 156, -0.010000
959, 157, 3.007371
959, 158, 1.993107
959, 159, 1.077853
959, 160, 2.891155
959, 161, 2.097167
959, 162, 3.449039
959, 163, 2.511885
959, 164, 3.344735
959, 165, 2.992415
959, 166, 3.631555
959, 167, 1.409328
959, 168, 0.324529
959, 169, 1.783178
959, 170, 1.509260
959, 171, 2.818982
959, 172, 2.674723
959, 173, 2.615086
959, 174, 2.242713
959, 175, 1.474262
959, 176, 3.362983
959, 177, 2.471630
959, 178, 0.529260
959, 179, 3.051453
959, 180, 3.514322
959, 181, 0.837788
959, 182, 3.133410
959, 183, -0.040000
959, 184, 0.631502
959, 185, 1.880346
959, 186, 3.370797
959, 187, 0.000000
959, 188, 2.173646
959, 189, 2.779658
959, 190, 2.387929
959, 191, 0.717938
959, 192, 2.103231
959, 193, 2.742082
959, 194, 1.537405
959, 195, -0.281320
959, 196, 3.983226
959, 197, 2.398371
959, 198, 2.274704
959, 199, 1.457518
961, 0, 1.503664
961, 1, 1.547395
961, 2, 2.379423
961, 3, 1.150856
961, 4, -0.339888
961, 5, 1.986779
961, 6, -0.000013
961, 7, 1.283831
961, 8, 3.383333
961, 9, 1.717014
961, 10, 1.799209
961, 11, 2.271101
961, 12, 2.570683
961, 13, 0.000000
961, 14, 2.626732
961, 15, 2.548808
961, 16, 1.129258
961, 17, 3.224990
961, 18, 3.586880
961, 19, 2.589026
961, 20, 4.290727
961, 21, 0.436530
961, 22, 2.161510
961, 23, 1.270559
961, 24, 1.255149
961, 25, 2.046121
961, 26, 1.010668
961, 27, 0.812977
961, 28, 1.978227
961, 29, 1.889416
961, 30, 0.668950
961, 31, 2.605339
961, 32, 0.422124
961, 33, 2.748073
961, 34, 2.356541
961, 35, 2.611863
961, 36, 2.303794
961, 37, 1.413926
961, 38, 0.375477
961, 39, 1.569139
961, 40, 2.690736
961, 41, 1.752680
961, 42, 1.011686
961, 43, 1.442728
961, 44, 0.519650
961, 45, 1.427823
961, 46, 2.336330
961, 47, 1.415481
961, 48, 2.599501
961, 49, -0.160065
961, 50, 2.174345
961, 51, 0.485420
961, 52, 1.514256
961, 53, -0.000015
961, 54, 2.777846
961, 55, 3.170298
961, 56, 2.525636
961, 57, 2.973968
961, 58, 0.829374
961, 59, 1.691667
961, 60, 0.000000
961, 61, 1.402721
961, 62, 2.046886
961, 63, 1.722669
961, 64, 2.057648
961, 65, 3.485425
961, 66, 1.750670
961, 67, 2.511020
961, 68, 1.571999
961, 69, 2.697505
961, 70, 2.952060
961, 71, 2.583013
961, 72, 3.796967
961, 73, 3.225163
961, 74, 1.580833
961, 75, 1.934788
961, 76, 1.049166
961, 77, 1.420346
961, 78, 1.805377
961, 79, 2.797782
961, 80, 2.671212
961, 81, 1.710896
961, 82, -0.108437
961, 83, 1.230890
961, 84, 0.939994
961, 85, 3.020050
961, 86, 3.304111
961, 87, 2.350489
961, 88, 1.403196
961, 89, 0.544654
961, 90, 1.203634
961, 91, 1.329832
961, 92, 0.672629
961, 93, 2.661810
961, 94, 1.677745
961, 95, 0.939455
961, 96, 1.648335
961, 97, 4.305619
961, 98, 2.132989
961, 99, 1.083238
961, 100, 0.792004
961, 101, -0.031273
961, 102, 1.865048
961, 103, 0.000000
961, 104, 3.469552
961, 105, 2.853509
961, 106, 1.431670
961, 107, 1.938043
961, 108, -0.090013
961, 109, 0.382715
961, 110, 1.771988
961, 111, 0.813328
961, 112, 1.185186
961, 113, 3.549882
961, 114, 1.041432
961, 115, 1.997383
961, 116, 1.443794
961, 117, 2.385157
961, 118, 1.580048
961, 119, 1.334032
961, 120, 2.301379
961, 121, 3.664925
961, 122, 2.491774
961, 123, 0.346461
961, 124, 2.149925
961, 125, 4.288123
961, 126, 1.226167
961, 127, 0.838413
961, 128, 0.512609
961, 129, 0.068566
961, 130, 1.536904
961, 131, 1.765902
961, 132, 1.469586
961, 133, 0.158527
961, 134, 1.165754
961, 135, 0.744959
961, 136, -0.000010
961, 137, 1.548179
961, 138, 0.987940
961, 139, 0.937750
961, 140, 3.502223
961, 141, 2.345863
961, 142, 3.096485
961, 143, 1.965149
961, 144, 1.508965
961, 145, 1.077613
961, 146, 1.966183
961, 147, 3.903456
961, 148, 2.480981
961, 149, 3.531128
961, 150, 1.562608
961, 151, 1.923030
961, 152, 2.093490
961, 153, 0.000000
961, 154, 1.593774
961, 155, 2.281431
961, 156, -0.010000
961, 157, 3.007391
961, 158, 1.993107
961, 159, 1.077853
961, 160, 2.950764
961, 161, 2.097167
961, 162, 3.453915
961, 163, 2.511885
961, 164, 3.343883
961, 165, 2.991858
961, 166, 3.615714
961, 167, 1.409328
961, 168, 0.324529
961, 169, 1.783170
961, 170, 1.509260
961, 171, 2.805471
961, 172, 2.654958
961, 173, 2.613568
961, 174, 2.184715
961, 175, 1.474262
961, 176, 3.358719
961, 177, 2.471456
961, 178, 0.529260
961, 179, 3.045124
961, 180, 3.496568
961, 181, 0.837788
961, 182, 3.133410
961, 183, -0.040000
961, 184, 0.631502
961, 185, 1.880346
961, 186, 3.337010
961, 187, 0.000000
961, 188, 2.168344
961, 189, 2.798059
961, 190, 2.387929
961, 191, 0.717938
961, 192, 2.104648
961, 193, 2.742199
961, 194, 1.537404
961, 195, -0.281317
961, 196, 3.982071
961, 197, 2.395518
961, 198, 2.274761
961, 199, 1.457517
963, 0, 1.503664
963, 1, 1.547395
963, 2, 2.377710
963, 3, 1.150858
963, 4, -0.339888
963, 5, 1.986941
963, 6, -0.000013
963, 7, 1.283832
963, 8, 3.389914
963, 9, 1.717014
963, 10, 1.799210
963, 11, 2.271102
963, 12, 2.566885
963, 13, 0.000000
963, 14, 2.626779
963, 15, 2.539355
963, 16, 1.129258
963, 17, 3.228981
963, 18, 3.586219
963, 19, 2.600817
963, 20, 4.286679
963, 21, 0.436530
963, 22, 2.161510
963, 23, 1.270559
963, 24, 1.209259
963, 25, 2.046121
963, 26, 1.010668
963, 27, 0.812977
963, 28, 1.980160
963, 29, 1.889001
963, 30, 0.668950
963, 31, 2.601473
963, 32, 0.422124
963, 33, 2.715741
963, 34, 2.347588
963, 35, 2.611871
963, 36, 2.297016
963, 37, 1.511885
963, 38, 0.375477
963, 39, 1.569139
963, 40, 2.690736
963, 41, 1.752645
963, 42, 1.011686
963, 43, 1.442728
963, 44, 0.519650
963, 45, 1.427467
963, 46, 2.352240
963, 47, 1.415481
963, 48, 2.598468
963, 49, -0.160065
963, 50, 2.174345
963, 51, 0.485420
963, 52, 1.514256
963, 53, -0.000015
963, 54, 2.713842
963, 55, 3.169097
963, 56, 2.523577
963, 57, 2.974011
963, 58, 0.829374
963, 59, 1.691667
963, 60, 0.000000
963, 61, 1.402721
963, 62, 2.046886
963, 63, 1.722669
963, 64, 2.057648
963, 65, 3.466781
963, 66, 1.750670
963, 67, 2.511020
963, 68, 1.571999
963, 69, 2.697505
963, 70, 2.951318
963, 71, 2.586303
963, 72, 3.799085
963, 73, 3.223957
963, 74, 1.580833
963, 75, 1.934788
963, 76, 1.049166
963, 77, 1.420346
963, 78, 1.805377
963, 79, 2.797783
963, 80, 2.671417
963, 81, 1.710896
963, 82, -0.108162
963, 83, 1.230891
963, 84, 0.939994
963, 85, 3.020050
963, 86, 3.311650
963, 87, 2.343302
963, 88, 1.403196
963, 89, 0.544654
963, 90, 1.203633
963, 91, 1.321541
963, 92, 0.672629
963, 93, 2.678187
963, 94, 1.683938
963, 95, 0.921313
963, 96, 1.650903
963, 97, 4.304886
963, 98, 2.139812
963, 99, 1.083238
963, 100, 0.792004
963, 101, -0.031273
963, 102, 1.865048
963, 103, 0.000000
963, 104, 3.469559
963, 105, 2.853331
963, 106, 1.431670
963, 107, 1.928012
963, 108, -0.090013
963, 109, 0.382715
963, 110, 1.771988
963, 111, 0.811674
963, 112, 1.185186
963, 113, 3.519569
963, 114, 1.041432
963, 115, 1.997383
963, 116, 1.443794
963, 117, 2.385156
963, 118, 1.573775
963, 119, 1.334032
963, 120, 2.301379
963, 121, 3.603965
963, 122, 2.491774
963, 123, 0.346461
963, 124, 2.149925
963, 125, 4.269618
963, 126, 1.226131
963, 127, 0.838413
963, 128, 0.512609
963, 129, 0.068566
963, 130, 1.536904
963, 131, 1.765901
963, 132, 1.469586
963, 133, 0.158527
963, 134, 1.165754
963, 135, 0.744959
963, 136, -0.000010
963, 137, 1.548137
963, 138, 0.987940
963, 139, 0.937750
963, 140, 3.505160
963, 141, 2.345862
963, 142, 3.068257
963, 143, 1.963177
963, 144, 1.508965
963, 145, 1.077613
963, 146, 1.966183
963, 147, 3.907467
963, 148, 2.480981
963, 149, 3.530693
963, 150, 1.562608
963, 151, 1.925715
963, 152, 2.098103
963, 153, 0.000000
963, 154, 1.593774
963, 155, 2.281431
963, 156, -0.010000
963, 157, 3.007398
963, 158, 1.993107
963, 159, 1.077853
963, 160, 2.946029
963, 161, 2.097167
963, 162, 3.456176
963, 163, 2.511885
963, 164, 3.344130
963, 165, 2.991720
963, 166, 3.617536
963, 167, 1.409328
963, 168, 0.324529
963, 169, 1.783235
963, 170, 1.509260
963, 171, 2.812941
963, 172, 2.667042
963, 173, 2.615128
963, 174, 2.193846
963, 175, 1.474262
963, 176, 3.360048
963, 177, 2.482005
963, 178, 0.529260
963, 179, 3.053894
963, 180, 3.464142
963, 181, 0.837788
963, 182, 3.133410
963, 183, -0.040000
963, 184, 0.631502
963, 185, 1.880346
963, 186, 3.376140
963, 187, 0.000000
963, 188, 2.157343
963, 189, 2.823156
963, 190, 2.387929
963, 191, 0.717938
963, 192, 2.086451
963, 193, 2.740826
963, 194, 1.537405
963, 195, -0.281318
963, 196, 3.982495
963, 197, 2.398421
963, 198, 2.274762
963, 199, 1.457517
965, 0, 1.503664
965, 1, 1.547395
965, 2, 2.375739
965, 3, 1.150858
965, 4, -0.339888
965, 5, 1.988428
965, 6, -0.000013
965, 7, 1.283833
965, 8, 3.408544
965, 9, 1.717014
965, 10, 1.799210
965, 11, 2.271101
965, 12, 2.581959
965, 13, 0.000000
965, 14, 2.626936
965, 15, 2.515074
965, 16, 1.129258
965, 17, 3.231838
965, 18, 3.588480
965, 19, 2.589026
965, 20, 4.294035
965, 21, 0.436530
965, 22, 2.161510
965, 23, 1.270559
965, 24, 1.173955
965, 25, 2.046121
965, 26, 1.010668
965, 27, 0.812977
965, 28, 1.978652
965, 29, 1.886499
965, 30, 0.668950
965, 31, 2.615293
965, 32, 0.422124
965, 33, 2.700092
965, 34, 2.333654
965, 35, 2.611952
965, 36, 2.295866
965, 37, 1.625306
965, 38, 0.375477
965, 39, 1.569139
965, 40, 2.690736
965, 41, 1.752634
965, 42, 1.011686
965, 43, 1.442728
965, 44, 0.519650
965, 45, 1.425321
965, 46, 2.343006
965, 47, 1.415481
965, 48, 2.596621
965, 49, -0.160065
965, 50, 2.174345
965, 51, 0.485420
965, 52, 1.514256
965, 53, -0.000015
965, 54, 2.731248
965, 55, 3.169283
965, 56, 2.524579
965, 57, 2.974102
965, 58, 0.829374
965, 59, 1.691667
965, 60, 0.000000
965, 61, 1.402721
965, 62, 2.046885
965, 63, 1.722669
965, 64, 2.057648
965, 65, 3.482279
965, 66, 1.750670
965, 67, 2.511020
965, 68, 1.571999
965, 69, 2.697505
965, 70, 2.951354
965, 71, 2.583014
965, 72, 3.799313
965, 73, 3.227798
965, 74, 1.580833
965, 75, 1.934788
965, 76, 1.049166
965, 77, 1.420346
965, 78, 1.805377
965, 79, 2.797782
965, 80, 2.671993
965, 81, 1.710896
965, 82, -0.106721
965, 83, 1.230891
965, 84, 0.939994
965, 85, 3.020049
965, 86, 3.316497
965, 87, 2.334270
965, 88, 1.403196
965, 89, 0.544654
965, 90, 1.203632
965, 91, 1.309867
965, 92, 0.672629
965, 93, 2.684801
965, 94, 1.683718
965, 95, 0.892497
965, 96, 1.652518
965, 97, 4.306306
965, 98, 2.146689
965, 99, 1.083238
965, 100, 0.792004
965, 101, -0.031273
965, 102, 1.865048
965, 103, 0.000000
965, 104, 3.466774
965, 105, 2.852103
965, 106, 1.431670
965, 107, 1.945485
965, 108, -0.090013
965, 109, 0.382715
965, 110, 1.771988
965, 111, 0.809810
965, 112, 1.185186
965, 113, 3.555673
965, 114, 1.041432
965, 115, 1.997383
965, 116, 1.443794
965, 117, 2.385156
965, 118, 1.560076
965, 119, 1.334032
965, 120, 2.301379
965, 121, 3.661335
965, 122, 2.491774
965, 123, 0.346461
965, 124, 2.149925
965, 125, 4.286945
965, 126, 1.226152
965, 127, 0.838413
965, 128, 0.512609
965, 129, 0.068566
965, 130, 1.536904
965, 131, 1.765901
965, 132, 1.469586
965, 133, 0.158527
965, 134, 1.165754
965, 135, 0.744959
965, 136, -0.000010
965, 137, 1.548123
965, 138, 0.987940
965, 139, 0.937750
965, 140, 3.484703
965, 141, 2.345862
965, 142, 3.080529
965, 143, 1.955965
965, 144, 1.508965
965, 145, 1.077613
965, 146, 1.966183
965, 147, 3.911246
965, 148, 2.480981
965, 149, 3.531193
965, 150, 1.562608
965, 151, 1.927910
965, 152, 2.094050
965, 153, 0.000000
965, 154, 1.593774
965, 155, 2.281431
965, 156, -0.010000
965, 157, 3.007401
965, 158, 1.993107
965, 159, 1.077853
965, 160, 2.942250
965, 161, 2.097167
965, 162, 3.451531
965, 163, 2.511885
965, 164, 3.343884
965, 165, 2.990881
965, 166, 3.623562
965, 167, 1.409328
965, 168, 0.324529
965, 169, 1.783391
965, 170, 1.509260
965, 171, 2.820787
965, 172, 2.650727
965, 173, 2.612161
965, 174, 2.198218
965, 175, 1.474262
965, 176, 3.360048
965, 177, 2.498712
965, 178, 0.529260
965, 179, 3.052907
965, 180, 3.513206
965, 181, 0.837788
965, 182, 3.133410
965, 183, -0.040000
965, 184, 0.631502
965, 185, 1.880346
965, 186, 3.357883
965, 187, 0.000000
965, 188, 2.165981
965, 189, 2.810392
965, 190, 2.387929
965, 191, 0.717938
965, 192, 2.131182
965, 193, 2.741059
965, 194, 1.537405
965, 195, -0.281319
965, 196, 3.982630
965, 197, 2.395062
965, 198, 2.274755
965, 199, 1.457517
967, 0, 1.503664
967, 1, 1.547395
967, 2, 2.384506
967, 3, 1.150859
967, 4, -0.339888
967, 5, 1.989361
967, 6, -0.000013
967, 7, 1.283834
967, 8, 3.404932
967, 9, 1.717014
967, 10, 1.799210
967, 11, 2.271102
967, 12, 2.597235
967, 13, 0.000000
967, 14, 2.626974
967, 15, 2.519322
967, 16, 1.129258
967, 17, 3.210133
967, 18, 3.587792
967, 19, 2.589026
967, 20, 4.279335
967, 21, 0.436530
967, 22, 2.161510
967, 23, 1.270559
967, 24, 1.151101
967, 25, 2.046121
967, 26, 1.010668
967, 27, 0.812977
967, 28, 1.980430
967, 29, 1.886176
967, 30, 0.668950
967, 31, 2.630443
967, 32, 0.422124
967, 33, 2.776989
967, 34, 2.378083
967, 35, 2.611955
967, 36, 2.295839
967, 37, 1.720859
967, 38, 0.375477
967, 39, 1.569139
967, 40, 2.690736
967, 41, 1.752651
967, 42, 1.011686
967, 43, 1.442728
967, 44, 0.519650
967, 45, 1.425050
967, 46, 2.343825
967, 47, 1.415481
967, 48, 2.600392
967, 49, -0.160065
967, 50, 2.174345
967, 51, 0.485420
967, 52, 1.514256
967, 53, -0.000015
967, 54, 2.774130
967, 55, 3.166764
967, 56, 2.534036
967, 57, 2.974142
967, 58, 0.829374
967, 59, 1.691667
967, 60, 0.000000
967, 61, 1.402721
967, 62, 2.046885
967, 63, 1.722669
967, 64, 2.057648
967, 65, 3.468137
967, 66, 1.750670
967, 67, 2.511020
967, 68, 1.571999
967, 69, 2.723248
967, 70, 2.953822
967, 71, 2.583023
967, 72, 3.799022
967, 73, 3.231932
967, 74, 1.580833
967, 75, 1.934788
967, 76, 1.049166
967, 77, 1.420346
967, 78, 1.805377
967, 79, 2.797782
967, 80, 2.672227
967, 81, 1.710896
967, 82, -0.106504
967, 83, 1.230891
967, 84, 0.939994
967, 85, 3.020050
967, 86, 3.264938
967, 87, 2.334270
967, 88, 1.403196
967, 89, 0.544654
967, 90, 1.203632
967, 91, 1.353530
967, 92, 0.672629
967, 93, 2.638682
967, 94, 1.673485
967, 95, 0.935842
967, 96, 1.657615
967, 97, 4.306840
967, 98, 2.153745
967, 99, 1.083238
967, 100, 0.792004
967, 101, -0.031273
967, 102, 1.865048
967, 103, 0.000000
967, 104, 3.466788
967, 105, 2.851648
967, 106, 1.431670
967, 107, 1.934041
967, 108, -0.090013
967, 109, 0.382715
967, 110, 1.771988
967, 111, 0.793926
967, 112, 1.185186
967, 113, 3.555705
967, 114, 1.041432
967, 115, 1.997383
967, 116, 1.443794
967, 117, 2.385157
967, 118, 1.616988
967, 119, 1.334032
967, 120, 2.301379
967, 121, 3.698607
967, 122, 2.491774
967, 123, 0.346461
967, 124, 2.149925
967, 125, 4.284559
967, 126, 1.226125
967, 127, 0.838413
967, 128, 0.512609
967, 129, 0.068566
967, 130, 1.536904
967, 131, 1.765901
967, 132, 1.469586
967, 133, 0.158527
967, 134, 1.165754
967, 135, 0.744959
967, 136, -0.000010
967, 137, 1.548085
967, 138, 0.987940
967, 139, 0.937750
967, 140, 3.485034
967, 141, 2.345862
967, 142, 3.097047
967, 143, 1.962892
967, 144, 1.508965
967, 145, 1.077613
967, 146, 1.966183
967, 147, 3.910877
967, 148, 2.480981
967, 149, 3.531143
967, 150, 1.562608
967, 151, 1.927122
967, 152, 2.094050
967, 153, 0.000000
967, 154, 1.593774
967, 155, 2.281431
967, 156, -0.010000
967, 157, 3.007402
967, 158, 1.993107
967, 159, 1.077853
967, 160, 2.862240
967, 161, 2.097167
967, 162, 3.455194
967, 163, 2.511885
967, 164, 3.343884
967, 165, 2.990776
967, 166, 3.619475
967, 167, 1.409328
967, 168, 0.324529
967, 169, 1.783630
967, 170, 1.509260
967, 171, 2.785810
967, 172, 2.650950
967, 173, 2.612161
967, 174, 2.193989
967, 175, 1.474262
967, 176, 3.356692
967, 177, 2.489583
967, 178, 0.529260
967, 179, 3.050971
967, 180, 3.510981
967, 181, 0.837788
967, 182, 3.133410
967, 183, -0.040000
967, 184, 0.631502
967, 185, 1.880346
967, 186, 3.375393
967, 187, 0.000000
967, 188, 2.158093
967, 189, 2.827875
967, 190, 2.387929
967, 191, 0.717938
967, 192, 2.111171
967, 193, 2.737770
967, 194, 1.537405
967, 195, -0.281319
967, 196, 3.982814
967, 197, 2.395062
967, 198, 2.274738
967, 199, 1.457517
969, 0, 1.503664
969, 1, 1.547395
969, 2, 2.417896
969, 3, 1.150859
969, 4, -0.339888
969, 5, 1.990985
969, 6, -0.000013
969, 7, 1.283834
969, 8, 3.414391
969, 9, 1.720716
969, 10, 1.799210
969, 11, 2.271102
969, 12, 2.604432
969, 13, 0.000000
969, 14, 2.626982
969, 15, 2.550261
969, 16, 1.129258
969, 17, 3.229217
969, 18, 3.573602
969, 19, 2.589026
969, 20, 4.227719
969, 21, 0.436530
969, 22, 2.161510
969, 23, 1.270559
969, 24, 1.131706
969, 25, 2.046121
969, 26, 1.010668
969, 27, 0.812977
969, 28, 1.981539
969, 29, 1.895946
969, 30, 0.668950
969, 31, 2.635954
969, 32, 0.422124
969, 33, 2.771969
969, 34, 2.394744
969, 35, 2.611939
969, 36, 2.296636
969, 37, 1.731495
969, 38, 0.375477
969, 39, 1.572147
969, 40, 2.690736
969, 41, 1.752682
969, 42, 1.011686
969, 43, 1.442728
969, 44, 0.519650
969, 45, 1.433124
969, 46, 2.354581
969, 47, 1.415481
969, 48, 2.600492
969, 49, -0.160065
969, 50, 2.174345
969, 51, 0.485420
969, 52, 1.514256
969, 53, -0.000015
969, 54, 2.732860
969, 55, 3.170103
969, 56, 2.531062
969, 57, 2.974167
969, 58, 0.829374
969, 59, 1.691667
969, 60, 0.000000
969, 61, 1.402721
969, 62, 2.046885
969, 63, 1.722669
969, 64, 2.057648
969, 65, 3.470106
969, 66, 1.750670
969, 67, 2.511020
969, 68, 1.571999
969, 69, 2.723253
969, 70, 2.955042
969, 71, 2.587262
969, 72, 3.798828
969, 73, 3.233412
969, 74, 1.580833
969, 75, 1.934788
969, 76, 1.049166
969, 77, 1.420346
969, 78, 1.805377
969, 79, 2.797782
969, 80, 2.672461
969, 81, 1.710896
969, 82, -0.111814
969, 83, 1.230891
969, 84, 0.939994
969, 85, 3.020049
969, 86, 3.307066
969, 87, 2.334270
969, 88, 1.403196
969, 89, 0.544654
969, 90, 1.203632
969, 91, 1.333638
969, 92, 0.672629
969, 93, 2.649981
969, 94, 1.677065
969, 95, 0.948687
969, 96, 1.653288
969, 97, 4.265829
969, 98, 2.153069
969, 99, 1.083238
969, 100, 0.792004
969, 101, -0.031273
969, 102, 1.865048
969, 103, 0.000000
969, 104, 3.461522
969, 105, 2.849447
969, 106, 1.431670
969, 107, 1.932047
969, 108, -0.090013
969, 109, 0.382715
969, 110, 1.771988
969, 111, 0.767629
969, 112, 1.185186
969, 113, 3.556371
969, 114, 1.041432
969, 115, 1.997383
969, 116, 1.443794
969, 117, 2.385157
969, 118, 1.601863
969, 119, 1.334032
969, 120, 2.301379
969, 121, 3.650521
969, 122, 2.491774
969, 123, 0.346461
969, 124, 2.149925
969, 125, 4.284197
969, 126, 1.226145
969, 127, 0.838413
969, 128, 0.512609
969, 129, 0.068566
969, 130, 1.536904
969, 131, 1.765901
969, 132, 1.469586
969, 133, 0.158527
969, 134, 1.165754
969, 135, 0.744959
969, 136, -0.000010
969, 137, 1.548071
969, 138, 0.987940
969, 139, 0.937750
969, 140, 3.487025
969, 141, 2.345862
969, 142, 3.099115
969, 143, 1.954730
969, 144, 1.508965
969, 145, 1.077613
969, 146, 1.966183
969, 147, 3.910293
969, 148, 2.480981
969, 149, 3.531245
969, 150, 1.562608
969, 151, 1.923509
969, 152, 2.094050
969, 153, 0.000000
969, 154, 1.593774
969, 155, 2.281431
969, 156, -0.010000
969, 157, 3.007402
969, 158, 1.993107
969, 159, 1.077853
969, 160, 2.923056
969, 161, 2.097167
969, 162, 3.459208
969, 163, 2.512292
969, 164, 3.345555
969, 165, 2.989713
969, 166, 3.619449
969, 167, 1.409328
969, 168, 0.324529
969, 169, 1.783165
969, 170, 1.509260
969, 171, 2.799534
969, 172, 2.655277
969, 173, 2.612161
969, 174, 2.104732
969, 175, 1.474262
969, 176, 3.359304
969, 177, 2.472879
969, 178, 0.529260
969, 179, 3.045787
969, 180, 3.514136
969, 181, 0.837788
969, 182, 3.133410
969, 183, -0.040000
969, 184, 0.631502
969, 185, 1.880346
969, 186, 3.358356
969, 187, 0.000000
969, 188, 2.142195
969, 189, 2.793015
969, 190, 2.387929
969, 191, 0.717938
969, 192, 2.130071
969, 193, 2.742758
969, 194, 1.537405
969, 195, -0.281320
969, 196, 3.981270
969, 197, 2.402637
969, 198, 2.274718
969, 199, 1.457517
971, 0, 1.503664
971, 1, 1.547395
971, 2, 2.449994
971, 3, 1.150856
971, 4, -0.339888
971, 5, 1.992679
971, 6, -0.000013
971, 7, 1.283830
971, 8, 3.417741
971, 9, 1.717014
971, 10, 1.799209
971, 11, 2.271101
971, 12, 2.605277
971, 13, 0.000000
971, 14, 2.625729
971, 15, 2.535109
971, 16, 1.129258
971, 17, 3.224416
971, 18, 3.588794
971, 19, 2.600923
971, 20, 4.290471
971, 21, 0.436530
971, 22, 2.161510
971, 23, 1.270559
971, 24, 1.067609
971, 25, 2.046121
971, 26, 1.010668
971, 27, 0.812977
971, 28, 1.980670
971, 29, 1.894887
971, 30, 0.668950
971, 31, 2.636680
971, 32, 0.422124
971, 33, 2.716625
971, 34, 2.365084
971, 35, 2.611087
971, 36, 2.299527
971, 37, 1.760951
971, 38, 0.375477
971, 39, 1.572147
971, 40, 2.690736
971, 41, 1.752533
971, 42, 1.011686
971, 43, 1.442728
971, 44, 0.519650
971, 45, 1.431619
971, 46, 2.332367
971, 47, 1.415481
971, 48, 2.602664
971, 49, -0.160065
971, 50, 2.174345
971, 51, 0.485420
971, 52, 1.514256
971, 53, -0.000015
971, 54, 2.753022
971, 55, 3.169309
971, 56, 2.534810
971, 57, 2.973127
971, 58, 0.829374
971, 59, 1.691667
971, 60, 0.000000
971, 61, 1.402721
971, 62, 2.046886
971, 63, 1.722669
971, 64, 2.057648
971, 65, 3.460873
971, 66, 1.750670
971, 67, 2.511020
971, 68, 1.571999
971, 69, 2.723253
971, 70, 2.954570
971, 71, 2.583024
971, 72, 3.798109
971, 73, 3.233210
971, 74, 1.580833
971, 75, 1.934788
971, 76, 1.049166
971, 77, 1.420346
971, 78, 1.805377
971, 79, 2.797782
971, 80, 2.673018
971, 81, 1.710896
971, 82, -0.109898
971, 83, 1.230890
971, 84, 0.939994
971, 85, 3.020050
971, 86, 3.307425
971, 87, 2.340565
971, 88, 1.403196
971, 89, 0.544654
971, 90, 1.203632
971, 91, 1.327795
971, 92, 0.672629
971, 93, 2.677582
971, 94, 1.671558
971, 95, 0.933910
971, 96, 1.654012
971, 97, 4.304676
971, 98, 2.152224
971, 99, 1.083238
971, 100, 0.792004
971, 101, -0.031273
971, 102, 1.865048
971, 103, 0.000000
971, 104, 3.472516
971, 105, 2.848804
971, 106, 1.431670
971, 107, 1.926631
971, 108, -0.090013
971, 109, 0.382715
971, 110, 1.771988
971, 111, 0.765530
971, 112, 1.185186
971, 113, 3.545356
971, 114, 1.041432
971, 115, 1.997383
971, 116, 1.443794
971, 117, 2.385157
971, 118, 1.592806
971, 119, 1.334032
971, 120, 2.301379
971, 121, 3.671638
971, 122, 2.491774
971, 123, 0.346461
971, 124, 2.149925
971, 125, 4.288929
971, 126, 1.226627
971, 127, 0.838413
971, 128, 0.512609
971, 129, 0.068566
971, 130, 1.536905
971, 131, 1.765902
971, 132, 1.469586
971, 133, 0.158527
971, 134, 1.165754
971, 135, 0.744959
971, 136, -0.000010
971, 137, 1.548288
971, 138, 0.987940
971, 139, 0.937750
971, 140, 3.485595
971, 141, 2.345861
971, 142, 3.097385
971, 143, 1.956784
971, 144, 1.508965
971, 145, 1.077613
971, 146, 1.966183
971, 147, 3.857778
971, 148, 2.480981
971, 149, 3.530848
971, 150, 1.562608
971, 151, 1.921069
971, 152, 2.094050
971, 153, 0.000000
971, 154, 1.593774
971, 155, 2.281430
971, 156, -0.010000
971, 157, 3.007403
971, 158, 1.993107
971, 159, 1.077853
971, 160, 2.899647
971, 161, 2.097167
971, 162, 3.447361
971, 163, 2.512292
971, 164, 3.345619
971, 165, 2.989698
971, 166, 3.611928
971, 167, 1.409328
971, 168, 0.324529
971, 169, 1.782725
971, 170, 1.509260
971, 171, 2.811960
971, 172, 2.658272
971, 173, 2.612161
971, 174, 2.129843
971, 175, 1.474262
971, 176, 3.359304
971, 177, 2.485992
971, 178, 0.529260
971, 179, 3.046504
971, 180, 3.491865
971, 181, 0.837788
971, 182, 3.133410
971, 183, -0.040000
971, 184, 0.631502
971, 185, 1.880346
971, 186, 3.386704
971, 187, 0.000000
971, 188, 2.149023
971, 189, 2.788453
971, 190, 2.387929
971, 191, 0.717938
971, 192, 2.091821
971, 193, 2.743347
971, 194, 1.537404
971, 195, -0.281317
971, 196, 3.960216
971, 197, 2.393309
971, 198, 2.274884
971, 199, 1.457517
973, 0, 1.503664
973, 1, 1.547395
973, 2, 2.457033
973, 3, 1.150858
973, 4, -0.339888
973, 5, 1.993390
973, 6, -0.000013
973, 7, 1.283832
973, 8, 3.387460
973, 9, 1.717014
973, 10, 1.799210
973, 11, 2.271102
973, 12, 2.601780
973, 13, 0.000000
973, 14, 2.626369
973, 15, 2.500062
973, 16, 1.129258
973, 17, 3.231361
973, 18, 3.589455
973, 19, 2.597636
973, 20, 4.245050
973, 21, 0.436530
973, 22, 2.161510
973, 23, 1.270559
973, 24, 1.028242
973, 25, 2.046121
973, 26, 1.010668
973, 27, 0.812977
973, 28, 1.981684
973, 29, 1.896585
973, 30, 0.668950
973, 31, 2.632436
973, 32, 0.422124
973, 33, 2.703794
973, 34, 2.355659
973, 35, 2.611487
973, 36, 2.302156
973, 37, 1.632837
973, 38, 0.375477
973, 39, 1.572147
973, 40, 2.690736
973, 41, 1.752303
973, 42, 1.011686
973, 43, 1.442728
973, 44, 0.519650
973, 45, 1.433111
973, 46, 2.359296
973, 47, 1.415481
973, 48, 2.598532
973, 49, -0.160065
973, 50, 2.174345
973, 51, 0.485420
973, 52, 1.514256
973, 53, -0.000015
973, 54, 2.755339
973, 55, 3.169517
973, 56, 2.528888
973, 57, 2.973430
973, 58, 0.829374
973, 59, 1.691667
973, 60, 0.000000
973, 61, 1.402721
973, 62, 2.046886
973, 63, 1.722669
973, 64, 2.057648
973, 65, 3.457764
973, 66, 1.750670
973, 67, 2.511020
973, 68, 1.571999
973, 69, 2.723257
973, 70, 2.953815
973, 71, 2.583027
973, 72, 3.798801
973, 73, 3.232111
973, 74, 1.580833
973, 75, 1.934788
973, 76, 1.049166
973, 77, 1.420346
973, 78, 1.805377
973, 79, 2.797783
973, 80, 2.673047
973, 81, 1.710896
973, 82, -0.110847
973, 83, 1.230890
973, 84, 0.939994
973, 85, 3.020050
973, 86, 3.295103
973, 87, 2.340565
973, 88, 1.403196
973, 89, 0.544654
973, 90, 1.203632
973, 91, 1.342426
973, 92, 0.672629
973, 93, 2.679255
973, 94, 1.667246
973, 95, 0.909407
973, 96, 1.656353
973, 97, 4.277751
973, 98, 2.157223
973, 99, 1.083238
973, 100, 0.792004
973, 101, -0.031273
973, 102, 1.865048
973, 103, 0.000000
973, 104, 3.460689
973, 105, 2.850495
973, 106, 1.431670
973, 107, 1.919632
973, 108, -0.090013
973, 109, 0.382715
973, 110, 1.771988
973, 111, 0.763682
973, 112, 1.185186
973, 113, 3.554694
973, 114, 1.041432
973, 115, 1.997383
973, 116, 1.443794
973, 117, 2.385157
973, 118, 1.574839
973, 119, 1.334032
973, 120, 2.301379
973, 121, 3.607732
973, 122, 2.491774
973, 123, 0.346461
973, 124, 2.149925
973, 125, 4.267222
973, 126, 1.227303
973, 127, 0.838413
973, 128, 0.512609
973, 129, 0.068566
973, 130, 1.536904
973, 131, 1.765901
973, 132, 1.469586
973, 133, 0.158527
973, 134, 1.165754
973, 135, 0.744959
973, 136, -0.000010
973, 137, 1.548603
973, 138, 0.987940
973, 139, 0.937750
973, 140, 3.487727
973, 141, 2.345861
973, 142, 3.081768
973, 143, 1.949911
973, 144, 1.508965
973, 145, 1.077613
973, 146, 1.966183
973, 147, 3.909986
973, 148, 2.480981
973, 149, 3.531202
973, 150, 1.562608
973, 151, 1.923527
973, 152, 2.094050
973, 153, 0.000000
973, 154, 1.593774
973, 155, 2.281430
973, 156, -0.010000
973, 157, 3.007403
973, 158, 1.993107
973, 159, 1.077853
973, 160, 2.935699
973, 161, 2.097167
973, 162, 3.456026
973, 163, 2.510499
973, 164, 3.344546
973, 165, 2.989990
973, 166, 3.621008
973, 167, 1.409328
973, 168, 0.324529
973, 169, 1.782424
973, 170, 1.509260
973, 171, 2.819717
973, 172, 2.657449
973, 173, 2.612161
973, 174, 2.082001
973, 175, 1.474262
973, 176, 3.360997
973, 177, 2.495147
973, 178, 0.529260
973, 179, 3.040804
973, 180, 3.516466
973, 181, 0.837788
973, 182, 3.133410
973, 183, -0.040000
973, 184, 0.631502
973, 185, 1.880346
973, 186, 3.364551
973, 187, 0.000000
973, 188, 2.148263
973, 189, 2.841436
973, 190, 2.387929
973, 191, 0.717938
973, 192, 2.131668
973, 193, 2.741602
973, 194, 1.537405
973, 195, -0.281318
973, 196, 3.981128
973, 197, 2.396890
973, 198, 2.274982
973, 199, 1.457517
975, 0, 1.503664
975, 1, 1.547395
975, 2, 2.465934
975, 3, 1.150858
975, 4, -0.339888
975, 5, 1.993406
975, 6, -0.000013
975, 7, 1.283833
975, 8, 3.405507
975, 9, 1.717014
975, 10, 1.799210
975, 11, 2.271101
975, 12, 2.594047
975, 13, 0.000000
975, 14, 2.626602
975, 15, 2.522902
975, 16, 1.129258
975, 17, 3.227293
975, 18, 3.589218
975, 19, 2.597636
975, 20, 4.288758
975, 21, 0.436530
975, 22, 2.161510
975, 23, 1.270559
975, 24, 0.989041
975, 25, 2.046121
975, 26, 1.010668
975, 27, 0.812977
975, 28, 1.982317
975, 29, 1.896636
975, 30, 0.668950
975, 31, 2.625443
975, 32, 0.422124
975, 33, 2.776492
975, 34, 2.338894
975, 35, 2.611619
975, 36, 2.302459
975, 37, 1.693201
975, 38, 0.375477
975, 39, 1.572147
975, 40, 2.690736
975, 41, 1.752125
975, 42, 1.011686
975, 43, 1.442728
975, 44, 0.519650
975, 45, 1.433161
975, 46, 2.329619
975, 47, 1.415481
975, 48, 2.600051
975, 49, -0.160065
975, 50, 2.174345
975, 51, 0.485420
975, 52, 1.514256
975, 53, -0.000015
975, 54, 2.762163
975, 55, 3.167391
975, 56, 2.531466
975, 57, 2.973558
975, 58, 0.829374
975, 59, 1.691667
975, 60, 0.000000
975, 61, 1.402721
975, 62, 2.046885
975, 63, 1.722669
975, 64, 2.057648
975, 65, 3.459292
975, 66, 1.750670
975, 67, 2.511020
975, 68, 1.571999
975, 69, 2.723257
975, 70, 2.950945
975, 71, 2.583028
975, 72, 3.798679
975, 73, 3.230214
975, 74, 1.580833
975, 75, 1.934788
975, 76, 1.049166
975, 77, 1.420346
975, 78, 1.805377
975, 79, 2.797782
975, 80, 2.672699
975, 81, 1.710896
975, 82, -0.110831
975, 83, 1.230890
975, 84, 0.939994
975, 85, 3.020049
975, 86, 3.288633
975, 87, 2.340565
975, 88, 1.403196
975, 89, 0.544654
975, 90, 1.203633
975, 91, 1.348263
975, 92, 0.672629
975, 93, 2.647448
975, 94, 1.663786
975, 95, 0.937277
975, 96, 1.650850
975, 97, 4.305740
975, 98, 2.131150
975, 99, 1.083238
975, 100, 0.792004
975, 101, -0.031273
975, 102, 1.865048
975, 103, 0.000000
975, 104, 3.460696
975, 105, 2.849410
975, 106, 1.431670
975, 107, 1.935268
975, 108, -0.090013
975, 109, 0.382715
975, 110, 1.771988
975, 111, 0.762393
975, 112, 1.185186
975, 113, 3.553937
975, 114, 1.041432
975, 115, 1.997383
975, 116, 1.443794
975, 117, 2.385156
975, 118, 1.630602
975, 119, 1.334032
975, 120, 2.301379
975, 121, 3.666079
975, 122, 2.491774
975, 123, 0.346461
975, 124, 2.149925
975, 125, 4.286326
975, 126, 1.227150
975, 127, 0.838413
975, 128, 0.512609
975, 129, 0.068566
975, 130, 1.536904
975, 131, 1.765902
975, 132, 1.469586
975, 133, 0.158527
975, 134, 1.165754
975, 135, 0.744959
975, 136, -0.000010
975, 137, 1.548506
975, 138, 0.987940
975, 139, 0.937750
975, 140, 3.491436
975, 141, 2.345863
975, 142, 3.100868
975, 143, 1.962934
975, 144, 1.508965
975, 145, 1.077613
975, 146, 1.966183
975, 147, 3.895378
975, 148, 2.480981
975, 149, 3.531202
975, 150, 1.562608
975, 151, 1.921857
975, 152, 2.088404
975, 153, 0.000000
975, 154, 1.593774
975, 155, 2.281431
975, 156, -0.010000
975, 157, 3.010902
975, 158, 1.993107
975, 159, 1.077853
975, 160, 2.913113
975, 161, 2.097167
975, 162, 3.452849
975, 163, 2.510499
975, 164, 3.343874
975, 165, 2.990009
975, 166, 3.628823
975, 167, 1.409328
975, 168, 0.324529
975, 169, 1.782117
975, 170, 1.509260
975, 171, 2.788169
975, 172, 2.659699
975, 173, 2.611818
975, 174, 2.076596
975, 175, 1.474262
975, 176, 3.363670
975, 177, 2.477170
975, 178, 0.529260
975, 179, 3.046588
975, 180, 3.504945
975, 181, 0.837788
975, 182, 3.133410
975, 183, -0.040000
975, 184, 0.631502
975, 185, 1.880346
975, 186, 3.349412
975, 187, 0.000000
975, 188, 2.161972
975, 189, 2.867013
975, 190, 2.387929
975, 191, 0.717938
975, 192, 2.113957
975, 193, 2.743455
975, 194, 1.537405
975, 195, -0.281319
975, 196, 3.978073
975, 197, 2.395198
975, 198, 2.275004
975, 199, 1.457517
977, 0, 1.503664
977, 1, 1.547396
977, 2, 2.468207
977, 3, 1.150859
977, 4, -0.339888
977, 5, 1.993132
977, 6, -0.000013
977, 7, 1.283834
977, 8, 3.382842
977, 9, 1.717014
977, 10, 1.799210
977, 11, 2.271102
977, 12, 2.589937
977, 13, 0.000000
977, 14, 2.627106
977, 15, 2.482385
977, 16, 1.129258
977, 17, 3.228091
977, 18, 3.587968
977, 19, 2.597636
977, 20, 4.252550
977, 21, 0.436530
977, 22, 2.161510
977, 23, 1.270559
977, 24, 0.975384
977, 25, 2.046121
977, 26, 1.010668
977, 27, 0.812977
977, 28, 1.982717
977, 29, 1.898170
977, 30, 0.668950
977, 31, 2.621664
977, 32, 0.422124
977, 33, 2.722876
977, 34, 2.384569
977, 35, 2.611932
977, 36, 2.305443
977, 37, 1.663072
977, 38, 0.375477
977, 39, 1.572147
977, 40, 2.690736
977, 41, 1.752047
977, 42, 1.011686
977, 43, 1.442728
977, 44, 0.519650
977, 45, 1.434516
977, 46, 2.308349
977, 47, 1.415481
977, 48, 2.596954
977, 49, -0.160065
977, 50, 2.174345
977, 51, 0.485420
977, 52, 1.514256
977, 53, -0.000015
977, 54, 2.775259
977, 55, 3.170901
977, 56, 2.527680
977, 57, 2.973804
977, 58, 0.829374
977, 59, 1.691667
977, 60, 0.000000
977, 61, 1.402721
977, 62, 2.046885
977, 63, 1.722669
977, 64, 2.057648
977, 65, 3.451383
977, 66, 1.750670
977, 67, 2.511020
977, 68, 1.571999
977, 69, 2.723257
977, 70, 2.954216
977, 71, 2.583028
977, 72, 3.798389
977, 73, 3.229390
977, 74, 1.580833
977, 75, 1.934788
977, 76, 1.049166
977, 77, 1.420346
977, 78, 1.805377
977, 79, 2.797782
977, 80, 2.672472
977, 81, 1.710896
977, 82, -0.113673
977, 83, 1.230890
977, 84, 0.939994
977, 85, 3.020050
977, 86, 3.294298
977, 87, 2.334270
977, 88, 1.403196
977, 89, 0.544654
977, 90, 1.203634
977, 91, 1.351269
977, 92, 0.672629
977, 93, 2.654652
977, 94, 1.656888
977, 95, 0.941961
977, 96, 1.650229
977, 97, 4.284012
977, 98, 2.140841
977, 99, 1.083238
977, 100, 0.792004
977, 101, -0.031273
977, 102, 1.865048
977, 103, 0.000000
977, 104, 3.465683
977, 105, 2.849786
977, 106, 1.431670
977, 107, 1.927044
977, 108, -0.090013
977, 109, 0.382715
977, 110, 1.771988
977, 111, 0.761419
977, 112, 1.185186
977, 113, 3.543109
977, 114, 1.041432
977, 115, 1.997383
977, 116, 1.443794
977, 117, 2.385156
977, 118, 1.616259
977, 119, 1.334032
977, 120, 2.301379
977, 121, 3.605044
977, 122, 2.491774
977, 123, 0.346461
977, 124, 2.149925
977, 125, 4.266643
977, 126, 1.226790
977, 127, 0.838413
977, 128, 0.512609
977, 129, 0.068566
977, 130, 1.536904
977, 131, 1.765901
977, 132, 1.469586
977, 133, 0.158527
977, 134, 1.165754
977, 135, 0.744959
977, 136, -0.000010
977, 137, 1.548305
977, 138, 0.987940
977, 139, 0.937750
977, 140, 3.497051
977, 141, 2.345864
977, 142, 3.096946
977, 143, 1.955153
977, 144, 1.508965
977, 145, 1.077613
977, 146, 1.966183
977, 147, 3.902395
977, 148, 2.480981
977, 149, 3.531199
977, 150, 1.562608
977, 151, 1.927531
977, 152, 2.090013
977, 153, 0.000000
977, 154, 1.593774
977, 155, 2.281431
977, 156, -0.010000
977, 157, 3.010856
977, 158, 1.993107
977, 159, 1.077853
977, 160, 2.952603
977, 161, 2.097167
977, 162, 3.456064
977, 163, 2.510499
977, 164, 3.343883
977, 165, 2.990186
977, 166, 3.612391
977, 167, 1.409328
977, 168, 0.324529
977, 169, 1.781869
977, 170, 1.509260
977, 171, 2.820307
977, 172, 2.645010
977, 173, 2.612375
977, 174, 2.094800
977, 175, 1.474262
977, 176, 3.366243
977, 177, 2.504408
977, 178, 0.529260
977, 179, 3.048786
977, 180, 3.482861
977, 181, 0.837788
977, 182, 3.133410
977, 183, -0.040000
977, 184, 0.631502
977, 185, 1.880346
977, 186, 3.384072
977, 187, 0.000000
977, 188, 2.154791
977, 189, 2.865562
977, 190, 2.387929
977, 191, 0.717938
977, 192, 2.134580
977, 193, 2.735467
977, 194, 1.537405
977, 195, -0.281319
977, 196, 3.979832
977, 197, 2.395198
977, 198, 2.274983
977, 199, 1.457517
979, 0, 1.503664
979, 1, 1.547395
979, 2, 2.472438
979, 3, 1.150859
979, 4, -0.339888
979, 5, 1.993999
979, 6, -0.000013
979, 7, 1.283834
979, 8, 3.408096
979, 9, 1.717014
979, 10, 1.799210
979, 11, 2.271102
979, 12, 2.593127
979, 13, 0.000000
979, 14, 2.627230
979, 15, 2.410842
979, 16, 1.129258
979, 17, 3.228930
979, 18, 3.587726
979, 19, 2.589026
979, 20, 4.289433
979, 21, 0.436530
979, 22, 2.161510
979, 23, 1.270559
979, 24, 0.949667
979, 25, 2.046121
979, 26, 1.010668
979, 27, 0.812977
979, 28, 1.981731
979, 29, 1.896635
979, 30, 0.668950
979, 31, 2.624365
979, 32, 0.422124
979, 33, 2.747546
979, 34, 2.374279
979, 35, 2.611994
979, 36, 2.303110
979, 37, 1.714079
979, 38, 0.375477
979, 39, 1.572147
979, 40, 2.690736
979, 41, 1.752052
979, 42, 1.011686
979, 43, 1.442728
979, 44, 0.519650
979, 45, 1.433161
979, 46, 2.339070
979, 47, 1.415481
979, 48, 2.595649
979, 49, -0.160065
979, 50, 2.174345
979, 51, 0.485420
979, 52, 1.514256
979, 53, -0.000015
979, 54, 2.724266
979, 55, 3.171552
979, 56, 2.531818
979, 57, 2.973886
979, 58, 0.829374
979, 59, 1.691667
979, 60, 0.000000
979, 61, 1.402721
979, 62, 2.046885
979, 63, 1.722669
979, 64, 2.057648
979, 65, 3.474914
979, 66, 1.750670
979, 67, 2.511020
979, 68, 1.571999
979, 69, 2.723257
979, 70, 2.954993
979, 71, 2.583026
979, 72, 3.799298
979, 73, 3.230098
979, 74, 1.580833
979, 75, 1.934788
979, 76, 1.049166
979, 77, 1.420346
979, 78, 1.805377
979, 79, 2.797782
979, 80, 2.672590
979, 81, 1.710896
979, 82, -0.112706
979, 83, 1.230890
979, 84, 0.939994
979, 85, 3.020050
979, 86, 3.301723
979, 87, 2.334270
979, 88, 1.403196
979, 89, 0.544654
979, 90, 1.203634
979, 91, 1.341296
979, 92, 0.672629
979, 93, 2.667617
979, 94, 1.667740
979, 95, 0.930575
979, 96, 1.647055
979, 97, 4.306497
979, 98, 2.147434
979, 99, 1.083238
979, 100, 0.792004
979, 101, -0.031273
979, 102, 1.865048
979, 103, 0.000000
979, 104, 3.465050
979, 105, 2.848672
979, 106, 1.431670
979, 107, 1.942463
979, 108, -0.090013
979, 109, 0.382715
979, 110, 1.771988
979, 111, 0.760668
979, 112, 1.185186
979, 113, 3.556545
979, 114, 1.041432
979, 115, 1.997383
979, 116, 1.443794
979, 117, 2.385156
979, 118, 1.621521
979, 119, 1.334032
979, 120, 2.301379
979, 121, 3.666050
979, 122, 2.491774
979, 123, 0.346461
979, 124, 2.149926
979, 125, 4.286960
979, 126, 1.226415
979, 127, 0.838413
979, 128, 0.512609
979, 129, 0.068566
979, 130, 1.536904
979, 131, 1.765901
979, 132, 1.469586
979, 133, 0.158527
979, 134, 1.165754
979, 135, 0.744959
979, 136, -0.000010
979, 137, 1.548097
979, 138, 0.987940
979, 139, 0.937750
979, 140, 3.486707
979, 141, 2.345864
979, 142, 3.078030
979, 143, 1.958189
979, 144, 1.508965
979, 145, 1.077613
979, 146, 1.966183
979, 147, 3.905142
979, 148, 2.480981
979, 149, 3.530897
979, 150, 1.562608
979, 151, 1.928947
979, 152, 2.090013
979, 153, 0.000000
979, 154, 1.593774
979, 155, 2.281430
979, 156, -0.010000
979, 157, 3.010866
979, 158, 1.993107
979, 159, 1.077853
979, 160, 2.919806
979, 161, 2.097167
979, 162, 3.452809
979, 163, 2.510499
979, 164, 3.343884
979, 165, 2.989665
979, 166, 3.620357
979, 167, 1.409328
979, 168, 0.324529
979, 169, 1.781745
979, 170, 1.509260
979, 171, 2.817305
979, 172, 2.657342
979, 173, 2.612375
979, 174, 2.096770
979, 175, 1.474262
979, 176, 3.361125
979, 177, 2.483044
979, 178, 0.529260
979, 179, 3.055059
979, 180, 3.514328
979, 181, 0.837788
979, 182, 3.133410
979, 183, -0.040000
979, 184, 0.631502
979, 185, 1.880346
979, 186, 3.367725
979, 187, 0.000000
979, 188, 2.154860
979, 189, 2.901465
979, 190, 2.387929
979, 191, 0.717938
979, 192, 2.100762
979, 193, 2.742919
979, 194, 1.537405
979, 195, -0.281320
979, 196, 3.982011
979, 197, 2.393548
979, 198, 2.274929
979, 199, 1.457517
981, 0, 1.503664
981, 1, 1.547395
981, 2, 2.471712
981, 3, 1.150856
981, 4, -0.339888
981, 5, 1.994904
981, 6, -0.000013
981, 7, 1.283830
981, 8, 3.409220
981, 9, 1.717014
981, 10, 1.799209
981, 11, 2.271101
981, 12, 2.595407
981, 13, 0.000000
981, 14, 2.627247
981, 15, 2.333129
981, 16, 1.129258
981, 17, 3.220153
981, 18, 3.569107
981, 19, 2.589026
981, 20, 4.258584
981, 21, 0.436530
981, 22, 2.161510
981, 23, 1.270559
981, 24, 0.930049
981, 25, 2.046121
981, 26, 1.010668
981, 27, 0.812977
981, 28, 1.982347
981, 29, 1.896260
981, 30, 0.668950
981, 31, 2.629273
981, 32, 0.422124
981, 33, 2.757001
981, 34, 2.383177
981, 35, 2.611994
981, 36, 2.301688
981, 37, 1.746599
981, 38, 0.375477
981, 39, 1.572147
981, 40, 2.690736
981, 41, 1.752113
981, 42, 1.011686
981, 43, 1.442728
981, 44, 0.519650
981, 45, 1.432828
981, 46, 2.343143
981, 47, 1.415481
981, 48, 2.594630
981, 49, -0.160065
981, 50, 2.174345
981, 51, 0.485420
981, 52, 1.514256
981, 53, -0.000015
981, 54, 2.737568
981, 55, 3.170408
981, 56, 2.534753
981, 57, 2.973927
981, 58, 0.829374
981, 59, 1.691667
981, 60, 0.000000
981, 61, 1.402721
981, 62, 2.046886
981, 63, 1.722669
981, 64, 2.057648
981, 65, 3.465117
981, 66, 1.750670
981, 67, 2.511020
981, 68, 1.571999
981, 69, 2.723257
981, 70, 2.955119
981, 71, 2.583028
981, 72, 3.798477
981, 73, 3.231432
981, 74, 1.580833
981, 75, 1.934788
981, 76, 1.049166
981, 77, 1.420346
981, 78, 1.805377
981, 79, 2.797782
981, 80, 2.672702
981, 81, 1.710896
981, 82, -0.112433
981, 83, 1.230891
981, 84, 0.939994
981, 85, 3.020050
981, 86, 3.303167
981, 87, 2.334270
981, 88, 1.403196
981, 89, 0.544654
981, 90, 1.203633
981, 91, 1.339083
981, 92, 0.672629
981, 93, 2.645230
981, 94, 1.668712
981, 95, 0.936522
981, 96, 1.647864
981, 97, 4.293201
981, 98, 2.147149
981, 99, 1.083238
981, 100, 0.792004
981, 101, -0.031273
981, 102, 1.865048
981, 103, 0.000000
981, 104, 3.467458
981, 105, 2.848446
981, 106, 1.431670
981, 107, 1.933961
981, 108, -0.090013
981, 109, 0.382715
981, 110, 1.771988
981, 111, 0.759617
981, 112, 1.185186
981, 113, 3.547388
981, 114, 1.041432
981, 115, 1.997383
981, 116, 1.443794
981, 117, 2.385157
981, 118, 1.613063
981, 119, 1.334032
981, 120, 2.301379
981, 121, 3.679952
981, 122, 2.491774
981, 123, 0.346461
981, 124, 2.149925
981, 125, 4.289875
981, 126, 1.226261
981, 127, 0.838413
981, 128, 0.512609
981, 129, 0.068566
981, 130, 1.536905
981, 131, 1.765901
981, 132, 1.469586
981, 133, 0.158527
981, 134, 1.165754
981, 135, 0.744959
981, 136, -0.000010
981, 137, 1.548001
981, 138, 0.987940
981, 139, 0.937750
981, 140, 3.481905
981, 141, 2.345864
981, 142, 3.069861
981, 143, 1.962363
981, 144, 1.508965
981, 145, 1.077613
981, 146, 1.966183
981, 147, 3.891186
981, 148, 2.480981
981, 149, 3.531213
981, 150, 1.562608
981, 151, 1.925323
981, 152, 2.090013
981, 153, 0.000000
981, 154, 1.593774
981, 155, 2.281430
981, 156, -0.010000
981, 157, 3.007388
981, 158, 1.993107
981, 159, 1.077853
981, 160, 2.885684
981, 161, 2.097167
981, 162, 3.457024
981, 163, 2.510499
981, 164, 3.343884
981, 165, 2.989564
981, 166, 3.607733
981, 167, 1.409328
981, 168, 0.324529
981, 169, 1.781751
981, 170, 1.509260
981, 171, 2.803024
981, 172, 2.654550
981, 173, 2.612375
981, 174, 2.123707
981, 175, 1.474262
981, 176, 3.356693
981, 177, 2.474264
981, 178, 0.529260
981, 179, 3.046519
981, 180, 3.490001
981, 181, 0.837788
981, 182, 3.133410
981, 183, -0.040000
981, 184, 0.631502
981, 185, 1.880346
981, 186, 3.382590
981, 187, 0.000000
981, 188, 2.150486
981, 189, 2.950197
981, 190, 2.387929
981, 191, 0.717938
981, 192, 2.125397
981, 193, 2.743841
981, 194, 1.537404
981, 195, -0.281317
981, 196, 3.978711
981, 197, 2.393548
981, 198, 2.274881
981, 199, 1.457517
983, 0, 1.503664
983, 1, 1.547395
983, 2, 2.488527
983, 3, 1.150858
983, 4, -0.339888
983, 5, 1.996395
983, 6, -0.000013
983, 7, 1.283832
983, 8, 3.410797
983, 9, 1.717014
983, 10, 1.799210
983, 11, 2.271102
983, 12, 2.595831
983, 13, 0.000000
983, 14, 2.627250
983, 15, 2.313641
983, 16, 1.129258
983, 17, 3.222026
983, 18, 3.586802
983, 19, 2.607747
983, 20, 4.290410
983, 21, 0.436530
983, 22, 2.161510
983, 23, 1.270559
983, 24, 0.918483
983, 25, 2.046121
983, 26, 1.010668
983, 27, 0.812977
983, 28, 1.980241
983, 29, 1.894740
983, 30, 0.668950
983, 31, 2.629435
983, 32, 0.422124
983, 33, 2.722183
983, 34, 2.389267
983, 35, 2.611976
983, 36, 2.300960
983, 37, 1.354028
983, 38, 0.375477
983, 39, 1.572147
983, 40, 2.690736
983, 41, 1.752226
983, 42, 1.011686
983, 43, 1.442728
983, 44, 0.519650
983, 45, 1.431487
983, 46, 2.338117
983, 47, 1.415481
983, 48, 2.591738
983, 49, -0.160065
983, 50, 2.174345
983, 51, 0.485420
983, 52, 1.514256
983, 53, -0.000015
983, 54, 2.756061
983, 55, 3.162575
983, 56, 2.525589
983, 57, 2.973955
983, 58, 0.829374
983, 59, 1.691667
983, 60, 0.000000
983, 61, 1.402721
983, 62, 2.046886
983, 63, 1.722669
983, 64, 2.057648
983, 65, 3.471171
983, 66, 1.750670
983, 67, 2.511020
983, 68, 1.571999
983, 69, 2.723257
983, 70, 2.954951
983, 71, 2.583022
983, 72, 3.799338
983, 73, 3.231484
983, 74, 1.580833
983, 75, 1.934788
983, 76, 1.049166
983, 77, 1.420346
983, 78, 1.805377
983, 79, 2.797783
983, 80, 2.672927
983, 81, 1.710896
983, 82, -0.111489
983, 83, 1.230891
983, 84, 0.939994
983, 85, 3.020049
983, 86, 3.313457
983, 87, 2.334270
983, 88, 1.403196
983, 89, 0.544654
983, 90, 1.203634
983, 91, 1.326323
983, 92, 0.672629
983, 93, 2.672141
983, 94, 1.665142
983, 95, 0.931592
983, 96, 1.650640
983, 97, 4.306159
983, 98, 2.130535
983, 99, 1.083238
983, 100, 0.792004
983, 101, -0.031273
983, 102, 1.865048
983, 103, 0.000000
983, 104, 3.471586
983, 105, 2.847291
983, 106, 1.431670
983, 107, 1.944551
983, 108, -0.090013
983, 109, 0.382715
983, 110, 1.771988
983, 111, 0.758424
983, 112, 1.185186
983, 113, 3.493223
983, 114, 1.041432
983, 115, 1.997383
983, 116, 1.443794
983, 117, 2.385156
983, 118, 1.601400
983, 119, 1.334032
983, 120, 2.301379
983, 121, 3.660932
983, 122, 2.491774
983, 123, 0.346461
983, 124, 2.149925
983, 125, 4.287013
983, 126, 1.226221
983, 127, 0.838413
983, 128, 0.512609
983, 129, 0.068566
983, 130, 1.536904
983, 131, 1.765901
983, 132, 1.469586
983, 133, 0.158527
983, 134, 1.165754
983, 135, 0.744959
983, 136, -0.000010
983, 137, 1.547960
983, 138, 0.987940
983, 139, 0.937750
983, 140, 3.490056
983, 141, 2.345865
983, 142, 3.042251
983, 143, 1.956102
983, 144, 1.508965
983, 145, 1.077613
983, 146, 1.966183
983, 147, 3.861631
983, 148, 2.480981
983, 149, 3.530849
983, 150, 1.562608
983, 151, 1.927664
983, 152, 2.090013
983, 153, 0.000000
983, 154, 1.593774
983, 155, 2.281430
983, 156, -0.010000
983, 157, 3.007397
983, 158, 1.993107
983, 159, 1.077853
983, 160, 2.949113
983, 161, 2.097167
983, 162, 3.459256
983, 163, 2.510499
983, 164, 3.343885
983, 165, 2.989036
983, 166, 3.624900
983, 167, 1.409328
983, 168, 0.324529
983, 169, 1.781769
983, 170, 1.509260
983, 171, 2.793500
983, 172, 2.666832
983, 173, 2.612375
983, 174, 2.137350
983, 175, 1.474262
983, 176, 3.357946
983, 177, 2.469090
983, 178, 0.529260
983, 179, 3.046771
983, 180, 3.426094
983, 181, 0.837788
983, 182, 3.133410
983, 183, -0.040000
983, 184, 0.631502
983, 185, 1.880346
983, 186, 3.364654
983, 187, 0.000000
983, 188, 2.136218
983, 189, 2.984457
983, 190, 2.387929
983, 191, 0.717938
983, 192, 2.095811
983, 193, 2.742920
983, 194, 1.537405
983, 195, -0.281318
983, 196, 3.956506
983, 197, 2.392636
983, 198, 2.274850
983, 199, 1.457517
985, 0, 1.503664
985, 1, 1.547395
985, 2, 2.514570
985, 3, 1.150858
985, 4, -0.339888
985, 5, 1.997481
985, 6, -0.000013
985, 7, 1.283833
985, 8, 3.374530
985, 9, 1.717014
985, 10, 1.799210
985, 11, 2.271101
985, 12, 2.591037
985, 13, 0.000000
985, 14, 2.627000
985, 15, 2.243209
985, 16, 1.129258
985, 17, 3.230569
985, 18, 3.587598
985, 19, 2.617642
985, 20, 4.286424
985, 21, 0.436530
985, 22, 2.161510
985, 23, 1.270559
985, 24, 0.879621
985, 25, 2.046121
985, 26, 1.010668
985, 27, 0.812977
985, 28, 1.981419
985, 29, 1.894337
985, 30, 0.668950
985, 31, 2.624962
985, 32, 0.422124
985, 33, 2.743288
985, 34, 2.371147
985, 35, 2.611792
985, 36, 2.301520
985, 37, 1.529330
985, 38, 0.375477
985, 39, 1.572147
985, 40, 2.690736
985, 41, 1.752294
985, 42, 1.011686
985, 43, 1.442728
985, 44, 0.519650
985, 45, 1.431136
985, 46, 2.342787
985, 47, 1.415481
985, 48, 2.596952
985, 49, -0.160065
985, 50, 2.174345
985, 51, 0.485420
985, 52, 1.514256
985, 53, -0.000015
985, 54, 2.747075
985, 55, 3.170273
985, 56, 2.522601
985, 57, 2.973772
985, 58, 0.829374
985, 59, 1.691667
985, 60, 0.000000
985, 61, 1.402721
985, 62, 2.046885
985, 63, 1.722669
985, 64, 2.057648
985, 65, 3.455840
985, 66, 1.750670
985, 67, 2.511020
985, 68, 1.571999
985, 69, 2.723264
985, 70, 2.954756
985, 71, 2.583026
985, 72, 3.798660
985, 73, 3.229501
985, 74, 1.580833
985, 75, 1.934788
985, 76, 1.049166
985, 77, 1.420346
985, 78, 1.805377
985, 79, 2.797782
985, 80, 2.673092
985, 81, 1.710896
985, 82, -0.110541
985, 83, 1.230890
985, 84, 0.939994
985, 85, 3.020050
985, 86, 3.309835
985, 87, 2.349170
985, 88, 1.403196
985, 89, 0.544654
985, 90, 1.203635
985, 91, 1.327104
985, 92, 0.672629
985, 93, 2.689742
985, 94, 1.662447
985, 95, 0.895137
985, 96, 1.659360
985, 97, 4.306121
985, 98, 2.133041
985, 99, 1.083238
985, 100, 0.792004
985, 101, -0.031273
985, 102, 1.865048
985, 103, 0.000000
985, 104, 3.453051
985, 105, 2.847408
985, 106, 1.431670
985, 107, 1.938566
985, 108, -0.090013
985, 109, 0.382715
985, 110, 1.771988
985, 111, 0.757459
985, 112, 1.185186
985, 113, 3.552638
985, 114, 1.041432
985, 115, 1.997383
985, 116, 1.443794
985, 117, 2.385157
985, 118, 1.587592
985, 119, 1.334032
985, 120, 2.301379
985, 121, 3.699729
985, 122, 2.491774
985, 123, 0.346461
985, 124, 2.149925
985, 125, 4.284843
985, 126, 1.226250
985, 127, 0.838413
985, 128, 0.512609
985, 129, 0.068566
985, 130, 1.536904
985, 131, 1.765902
985, 132, 1.469586
985, 133, 0.158527
985, 134, 1.165754
985, 135, 0.744959
985, 136, -0.000010
985, 137, 1.547952
985, 138, 0.987940
985, 139, 0.937750
985, 140, 3.493558
985, 141, 2.345865
985, 142, 2.985979
985, 143, 1.957196
985, 144, 1.508965
985, 145, 1.077613
985, 146, 1.966183
985, 147, 3.909006
985, 148, 2.480981
985, 149, 3.530991
985, 150, 1.562608
985, 151, 1.926074
985, 152, 2.090013
985, 153, 0.000000
985, 154, 1.593774
985, 155, 2.281431
985, 156, -0.010000
985, 157, 3.007400
985, 158, 1.993107
985, 159, 1.077853
985, 160, 2.952162
985, 161, 2.097167
985, 162, 3.461293
985, 163, 2.510499
985, 164, 3.344396
985, 165, 2.989096
985, 166, 3.615530
985, 167, 1.409328
985, 168, 0.324529
985, 169, 1.782015
985, 170, 1.509260
985, 171, 2.806707
985, 172, 2.672551
985, 173, 2.612375
985, 174, 2.149730
985, 175, 1.474262
985, 176, 3.356692
985, 177, 2.479041
985, 178, 0.529260
985, 179, 3.045084
985, 180, 3.512465
985, 181, 0.837788
985, 182, 3.133410
985, 183, -0.040000
985, 184, 0.631502
985, 185, 1.880346
985, 186, 3.383067
985, 187, 0.000000
985, 188, 2.122568
985, 189, 3.018463
985, 190, 2.387929
985, 191, 0.717938
985, 192, 2.104532
985, 193, 2.744273
985, 194, 1.537405
985, 195, -0.281319
985, 196, 3.980584
985, 197, 2.392636
985, 198, 2.274847
985, 199, 1.457518
987, 0, 1.503664
987, 1, 1.547396
987, 2, 2.502774
987, 3, 1.150859
987, 4, -0.339888
987, 5, 1.990332
987, 6, -0.000013
987, 7, 1.283834
987, 8, 3.391151
987, 9, 1.717014
987, 10, 1.799210
987, 11, 2.271102
987, 12, 2.584779
987, 13, 0.000000
987, 14, 2.627223
987, 15, 2.277848
987, 16, 1.129258
987, 17, 3.231827
987, 18, 3.589595
987, 19, 2.589026
987, 20, 4.260257
987, 21, 0.436530
987, 22, 2.161510
987, 23, 1.270559
987, 24, 0.864794
987, 25, 2.046121
987, 26, 1.010668
987, 27, 0.812977
987, 28, 1.982152
987, 29, 1.906477
987, 30, 0.668950
987, 31, 2.619178
987, 32, 0.422124
987, 33, 2.705419
987, 34, 2.386501
987, 35, 2.611921
987, 36, 2.302718
987, 37, 1.629690
987, 38, 0.375477
987, 39, 1.570295
987, 40, 2.690736
987, 41, 1.752320
987, 42, 1.011686
987, 43, 1.442728
987, 44, 0.519650
987, 45, 1.442111
987, 46, 2.329123
987, 47, 1.415481
987, 48, 2.597055
987, 49, -0.160065
987, 50, 2.174345
987, 51, 0.485420
987, 52, 1.514256
987, 53, -0.000015
987, 54, 2.747023
987, 55, 3.168187
987, 56, 2.525147
987, 57, 2.973897
987, 58, 0.829374
987, 59, 1.691667
987, 60, 0.000000
987, 61, 1.402721
987, 62, 2.046885
987, 63, 1.722669
987, 64, 2.057648
987, 65, 3.474690
987, 66, 1.750670
987, 67, 2.511020
987, 68, 1.571999
987, 69, 2.723275
987, 70, 2.954640
987, 71, 2.583028
987, 72, 3.798980
987, 73, 3.228063
987, 74, 1.580833
987, 75, 1.934788
987, 76, 1.049166
987, 77, 1.420346
987, 78, 1.805377
987, 79, 2.797782
987, 80, 2.671354
987, 81, 1.710896
987, 82, -0.113456
987, 83, 1.230889
987, 84, 0.939994
987, 85, 3.020049
987, 86, 3.280568
987, 87, 2.349170
987, 88, 1.403196
987, 89, 0.544654
987, 90, 1.203637
987, 91, 1.363134
987, 92, 0.672629
987, 93, 2.634357
987, 94, 1.663291
987, 95, 0.909843
987, 96, 1.659925
987, 97, 4.282756
987, 98, 2.138713
987, 99, 1.083238
987, 100, 0.792004
987, 101, -0.031273
987, 102, 1.865048
987, 103, 0.000000
987, 104, 3.449657
987, 105, 2.851564
987, 106, 1.431670
987, 107, 1.904762
987, 108, -0.090013
987, 109, 0.382715
987, 110, 1.771988
987, 111, 0.756938
987, 112, 1.185186
987, 113, 3.534986
987, 114, 1.041432
987, 115, 1.997383
987, 116, 1.443794
987, 117, 2.385157
987, 118, 1.583434
987, 119, 1.334032
987, 120, 2.301379
987, 121, 3.568742
987, 122, 2.491774
987, 123, 0.346461
987, 124, 2.149925
987, 125, 4.244664
987, 126, 1.226408
987, 127, 0.838413
987, 128, 0.512609
987, 129, 0.068566
987, 130, 1.536904
987, 131, 1.765901
987, 132, 1.469586
987, 133, 0.158527
987, 134, 1.165754
987, 135, 0.744959
987, 136, -0.000010
987, 137, 1.548010
987, 138, 0.987940
987, 139, 0.937750
987, 140, 3.499328
987, 141, 2.345865
987, 142, 3.006730
987, 143, 1.955022
987, 144, 1.508965
987, 145, 1.077613
987, 146, 1.966183
987, 147, 3.876224
987, 148, 2.480981
987, 149, 3.530939
987, 150, 1.562608
987, 151, 1.925480
987, 152, 2.093949
987, 153, 0.000000
987, 154, 1.593774
987, 155, 2.281431
987, 156, -0.010000
987, 157, 3.007398
987, 158, 1.993107
987, 159, 1.077853
987, 160, 2.942823
987, 161, 2.098509
987, 162, 3.454410
987, 163, 2.510499
987, 164, 3.343884
987, 165, 2.993241
987, 166, 3.618047
987, 167, 1.409328
987, 168, 0.324529
987, 169, 1.781667
987, 170, 1.509260
987, 171, 2.814365
987, 172, 2.673676
987, 173, 2.613725
987, 174, 2.172371
987, 175, 1.474262
987, 176, 3.356692
987, 177, 2.476651
987, 178, 0.529260
987, 179, 3.046537
987, 180, 3.468407
987, 181, 0.837788
987, 182, 3.133410
987, 183, -0.040000
987, 184, 0.631502
987, 185, 1.880346
987, 186, 3.358398
987, 187, 0.000000
987, 188, 2.145930
987, 189, 2.974527
987, 190, 2.387929
987, 191, 0.717938
987, 192, 2.106130
987, 193, 2.740617
987, 194, 1.537405
987, 195, -0.281319
987, 196, 3.966243
987, 197, 2.392636
987, 198, 2.274855
987, 199, 1.457519
989, 0, 1.503664
989, 1, 1.547395
989, 2, 2.489438
989, 3, 1.150859
989, 4, -0.339888
989, 5, 1.989708
989, 6, -0.000013
989, 7, 1.283834
989, 8, 3.355397
989, 9, 1.717014
989, 10, 1.799210
989, 11, 2.271102
989, 12, 2.572848
989, 13, 0.000000
989, 14, 2.627273
989, 15, 2.258191
989, 16, 1.129258
989, 17, 3.231565
989, 18, 3.589507
989, 19, 2.589026
989, 20, 4.295823
989, 21, 0.436530
989, 22, 2.161510
989, 23, 1.270559
989, 24, 0.854801
989, 25, 2.046121
989, 26, 1.010668
989, 27, 0.812977
989, 28, 1.972994
989, 29, 1.901639
989, 30, 0.668950
989, 31, 2.608393
989, 32, 0.422124
989, 33, 2.732126
989, 34, 2.387453
989, 35, 2.611936
989, 36, 2.302085
989, 37, 1.576163
989, 38, 0.375477
989, 39, 1.570295
989, 40, 2.690736
989, 41, 1.752352
989, 42, 1.011686
989, 43, 1.442728
989, 44, 0.519650
989, 45, 1.437830
989, 46, 2.331439
989, 47, 1.415481
989, 48, 2.594710
989, 49, -0.160065
989, 50, 2.174345
989, 51, 0.485420
989, 52, 1.514256
989, 53, -0.000015
989, 54, 2.742660
989, 55, 3.156778
989, 56, 2.523556
989, 57, 2.973946
989, 58, 0.829374
989, 59, 1.691667
989, 60, 0.000000
989, 61, 1.402721
989, 62, 2.046885
989, 63, 1.722669
989, 64, 2.057648
989, 65, 3.466890
989, 66, 1.750670
989, 67, 2.511020
989, 68, 1.571999
989, 69, 2.723278
989, 70, 2.953584
989, 71, 2.596320
989, 72, 3.799248
989, 73, 3.224779
989, 74, 1.580833
989, 75, 1.934788
989, 76, 1.049166
989, 77, 1.420346
989, 78, 1.805377
989, 79, 2.797782
989, 80, 2.670519
989, 81, 1.710896
989, 82, -0.109229
989, 83, 1.230888
989, 84, 0.939994
989, 85, 3.020050
989, 86, 3.299929
989, 87, 2.334270
989, 88, 1.403196
989, 89, 0.544654
989, 90, 1.203636
989, 91, 1.332594
989, 92, 0.672629
989, 93, 2.655521
989, 94, 1.664569
989, 95, 0.924989
989, 96, 1.649488
989, 97, 4.307490
989, 98, 2.149409
989, 99, 1.083238
989, 100, 0.792004
989, 101, -0.031273
989, 102, 1.865048
989, 103, 0.000000
989, 104, 3.470472
989, 105, 2.848124
989, 106, 1.431670
989, 107, 1.928262
989, 108, -0.090013
989, 109, 0.382715
989, 110, 1.771988
989, 111, 0.757001
989, 112, 1.185186
989, 113, 3.555987
989, 114, 1.041432
989, 115, 1.997383
989, 116, 1.443794
989, 117, 2.385157
989, 118, 1.605767
989, 119, 1.334032
989, 120, 2.301379
989, 121, 3.645243
989, 122, 2.491774
989, 123, 0.346461
989, 124, 2.149926
989, 125, 4.280579
989, 126, 1.226393
989, 127, 0.838413
989, 128, 0.512609
989, 129, 0.068566
989, 130, 1.536904
989, 131, 1.765901
989, 132, 1.469586
989, 133, 0.158527
989, 134, 1.165754
989, 135, 0.744959
989, 136, -0.000010
989, 137, 1.547982
989, 138, 0.987940
989, 139, 0.937750
989, 140, 3.506086
989, 141, 2.345865
989, 142, 3.028460
989, 143, 1.952984
989, 144, 1.508965
989, 145, 1.077613
989, 146, 1.966183
989, 147, 3.909128
989, 148, 2.480981
989, 149, 3.531263
989, 150, 1.562608
989, 151, 1.924231
989, 152, 2.089200
989, 153, 0.000000
989, 154, 1.593774
989, 155, 2.281430
989, 156, -0.010000
989, 157, 3.009861
989, 158, 1.993107
989, 159, 1.077853
989, 160, 2.948117
989, 161, 2.098509
989, 162, 3.456980
989, 163, 2.511299
989, 164, 3.343885
989, 165, 2.991630
989, 166, 3.622014
989, 167, 1.409328
989, 168, 0.324529
989, 169, 1.780803
989, 170, 1.509260
989, 171, 2.778054
989, 172, 2.650495
989, 173, 2.612094
989, 174, 2.135781
989, 175, 1.474262
989, 176, 3.361617
989, 177, 2.488852
989, 178, 0.529260
989, 179, 3.049124
989, 180, 3.514950
989, 181, 0.837788
989, 182, 3.133410
989, 183, -0.040000
989, 184, 0.631502
989, 185, 1.880346
989, 186, 3.371740
989, 187, 0.000000
989, 188, 2.142799
989, 189, 3.009658
989, 190, 2.387929
989, 191, 0.717938
989, 192, 2.122024
989, 193, 2.735755
989, 194, 1.537405
989, 195, -0.281320
989, 196, 3.983109
989, 197, 2.402487
989, 198, 2.274838
989, 199, 1.457518
991, 0, 1.503664
991, 1, 1.547395
991, 2, 2.497577
991, 3, 1.150856
991, 4, -0.339888
991, 5, 1.990223
991, 6, -0.000013
991, 7, 1.283830
991, 8, 3.371518
991, 9, 1.717014
991, 10, 1.799210
991, 11, 2.271101
991, 12, 2.568265
991, 13, 0.000000
991, 14, 2.627276
991, 15, 2.285578
991, 16, 1.129258
991, 17, 3.228147
991, 18, 3.576831
991, 19, 2.603308
991, 20, 4.295875
991, 21, 0.436530
991, 22, 2.161510
991, 23, 1.270559
991, 24, 0.861293
991, 25, 2.046121
991, 26, 1.010668
991, 27, 0.812977
991, 28, 1.976896
991, 29, 1.900555
991, 30, 0.668950
991, 31, 2.604026
991, 32, 0.422124
991, 33, 2.718101
991, 34, 2.370426
991, 35, 2.611920
991, 36, 2.300795
991, 37, 1.649131
991, 38, 0.375477
991, 39, 1.570295
991, 40, 2.690736
991, 41, 1.752380
991, 42, 1.011686
991, 43, 1.442728
991, 44, 0.519650
991, 45, 1.436861
991, 46, 2.348161
991, 47, 1.415481
991, 48, 2.595625
991, 49, -0.160065
991, 50, 2.174345
991, 51, 0.485420
991, 52, 1.514256
991, 53, -0.000015
991, 54, 2.768772
991, 55, 3.168107
991, 56, 2.528221
991, 57, 2.973976
991, 58, 0.829374
991, 59, 1.691667
991, 60, 0.000000
991, 61, 1.402721
991, 62, 2.046886
991, 63, 1.722669
991, 64, 2.057648
991, 65, 3.459940
991, 66, 1.750670
991, 67, 2.511020
991, 68, 1.571999
991, 69, 2.723278
991, 70, 2.954752
991, 71, 2.583004
991, 72, 3.797960
991, 73, 3.223125
991, 74, 1.580833
991, 75, 1.934788
991, 76, 1.049166
991, 77, 1.420346
991, 78, 1.805377
991, 79, 2.797782
991, 80, 2.670968
991, 81, 1.710896
991, 82, -0.107421
991, 83, 1.230885
991, 84, 0.939994
991, 85, 3.020049
991, 86, 3.299771
991, 87, 2.334270
991, 88, 1.403196
991, 89, 0.544654
991, 90, 1.203632
991, 91, 1.327507
991, 92, 0.672629
991, 93, 2.673237
991, 94, 1.659021
991, 95, 0.919804
991, 96, 1.648081
991, 97, 4.306510
991, 98, 2.151118
991, 99, 1.083238
991, 100, 0.792004
991, 101, -0.031273
991, 102, 1.865048
991, 103, 0.000000
991, 104, 3.459228
991, 105, 2.847556
991, 106, 1.431670
991, 107, 1.930687
991, 108, -0.090013
991, 109, 0.382715
991, 110, 1.771988
991, 111, 0.757561
991, 112, 1.185186
991, 113, 3.545338
991, 114, 1.041432
991, 115, 1.997383
991, 116, 1.443794
991, 117, 2.385157
991, 118, 1.601882
991, 119, 1.334032
991, 120, 2.301379
991, 121, 3.668082
991, 122, 2.491774
991, 123, 0.346461
991, 124, 2.149925
991, 125, 4.287587
991, 126, 1.226393
991, 127, 0.838413
991, 128, 0.512609
991, 129, 0.068566
991, 130, 1.536905
991, 131, 1.765901
991, 132, 1.469586
991, 133, 0.158527
991, 134, 1.165754
991, 135, 0.744959
991, 136, -0.000010
991, 137, 1.547960
991, 138, 0.987940
991, 139, 0.937750
991, 140, 3.501441
991, 141, 2.345863
991, 142, 3.048011
991, 143, 1.961713
991, 144, 1.508965
991, 145, 1.077613
991, 146, 1.966183
991, 147, 3.906440
991, 148, 2.480981
991, 149, 3.531163
991, 150, 1.562608
991, 151, 1.923068
991, 152, 2.097401
991, 153, 0.000000
991, 154, 1.593774
991, 155, 2.281430
991, 156, -0.010000
991, 157, 3.007389
991, 158, 1.993107
991, 159, 1.077853
991, 160, 2.919540
991, 161, 2.098509
991, 162, 3.456823
991, 163, 2.511299
991, 164, 3.343885
991, 165, 2.991252
991, 166, 3.614918
991, 167, 1.409328
991, 168, 0.324529
991, 169, 1.780611
991, 170, 1.509260
991, 171, 2.808956
991, 172, 2.650309
991, 173, 2.614892
991, 174, 2.099271
991, 175, 1.474262
991, 176, 3.361617
991, 177, 2.493297
991, 178, 0.529260
991, 179, 3.044820
991, 180, 3.496480
991, 181, 0.837788
991, 182, 3.133410
991, 183, -0.040000
991, 184, 0.631502
991, 185, 1.880346
991, 186, 3.367798
991, 187, 0.000000
991, 188, 2.141601
991, 189, 3.032522
991, 190, 2.387929
991, 191, 0.717938
991, 192, 2.134932
991, 193, 2.743276
991, 194, 1.537404
991, 195, -0.281317
991, 196, 3.982963
991, 197, 2.395276
991, 198, 2.274818
991, 199, 1.457517
993, 0, 1.503664
993, 1, 1.547395
993, 2, 2.487793
993, 3, 1.150858
993, 4, -0.339888
993, 5, 1.990671
993, 6, -0.000013
993, 7, 1.283832
993, 8, 3.384583
993, 9, 1.717014
993, 10, 1.799210
993, 11, 2.271102
993, 12, 2.569217
993, 13, 0.000000
993, 14, 2.627275
993, 15, 2.352812
993, 16, 1.129258
993, 17, 3.220533
993, 18, 3.586109
993, 19, 2.601504
993, 20, 4.279278
993, 21, 0.436530
993, 22, 2.161510
993, 23, 1.270559
993, 24, 0.857950
993, 25, 2.046121
993, 26, 1.010668
993, 27, 0.812977
993, 28, 1.979335
993, 29, 1.899868
993, 30, 0.668950
993, 31, 2.604521
993, 32, 0.422124
993, 33, 2.733283
993, 34, 2.326733
993, 35, 2.611901
993, 36, 2.302661
993, 37, 1.702737
993, 38, 0.375477
993, 39, 1.570295
993, 40, 2.690736
993, 41, 1.752433
993, 42, 1.011686
993, 43, 1.442728
993, 44, 0.519650
993, 45, 1.436246
993, 46, 2.342055
993, 47, 1.415481
993, 48, 2.594299
993, 49, -0.160065
993, 50, 2.174345
993, 51, 0.485420
993, 52, 1.514256
993, 53, -0.000015
993, 54, 2.770941
993, 55, 3.169154
993, 56, 2.534245
993, 57, 2.974002
993, 58, 0.829374
993, 59, 1.691667
993, 60, 0.000000
993, 61, 1.402721
993, 62, 2.046886
993, 63, 1.722669
993, 64, 2.057648
993, 65, 3.450796
993, 66, 1.750670
993, 67, 2.511020
993, 68, 1.571999
993, 69, 2.723278
993, 70, 2.949818
993, 71, 2.583018
993, 72, 3.798879
993, 73, 3.223245
993, 74, 1.580833
993, 75, 1.934788
993, 76, 1.049166
993, 77, 1.420346
993, 78, 1.805377
993, 79, 2.797782
993, 80, 2.671340
993, 81, 1.710896
993, 82, -0.106979
993, 83, 1.230887
993, 84, 0.939994
993, 85, 3.020050
993, 86, 3.264587
993, 87, 2.334270
993, 88, 1.403196
993, 89, 0.544654
993, 90, 1.203631
993, 91, 1.358751
993, 92, 0.672629
993, 93, 2.635265
993, 94, 1.653343
993, 95, 0.903133
993, 96, 1.650776
993, 97, 4.307675
993, 98, 2.130696
993, 99, 1.083238
993, 100, 0.792004
993, 101, -0.031273
993, 102, 1.865048
993, 103, 0.000000
993, 104, 3.451208
993, 105, 2.851159
993, 106, 1.431670
993, 107, 1.904832
993, 108, -0.090013
993, 109, 0.382715
993, 110, 1.771988
993, 111, 0.758147
993, 112, 1.185186
993, 113, 3.554113
993, 114, 1.041432
993, 115, 1.997383
993, 116, 1.443794
993, 117, 2.385157
993, 118, 1.603760
993, 119, 1.334032
993, 120, 2.301379
993, 121, 3.699203
993, 122, 2.491774
993, 123, 0.346461
993, 124, 2.149925
993, 125, 4.283787
993, 126, 1.226442
993, 127, 0.838413
993, 128, 0.512609
993, 129, 0.068566
993, 130, 1.536904
993, 131, 1.765901
993, 132, 1.469586
993, 133, 0.158527
993, 134, 1.165754
993, 135, 0.744959
993, 136, -0.000010
993, 137, 1.547964
993, 138, 0.987940
993, 139, 0.937750
993, 140, 3.500097
993, 141, 2.345863
993, 142, 3.039117
993, 143, 1.962784
993, 144, 1.508965
993, 145, 1.077613
993, 146, 1.966183
993, 147, 3.911773
993, 148, 2.480981
993, 149, 3.531026
993, 150, 1.562608
993, 151, 1.923851
993, 152, 2.095127
993, 153, 0.000000
993, 154, 1.593774
993, 155, 2.281430
993, 156, -0.010000
993, 157, 3.008057
993, 158, 1.993107
993, 159, 1.077853
993, 160, 2.890906
993, 161, 2.098082
993, 162, 3.457042
993, 163, 2.510499
993, 164, 3.343884
993, 165, 2.992866
993, 166, 3.629238
993, 167, 1.409328
993, 168, 0.324529
993, 169, 1.780603
993, 170, 1.509260
993, 171, 2.806116
993, 172, 2.685316
993, 173, 2.614125
993, 174, 2.113068
993, 175, 1.474262
993, 176, 3.362118
993, 177, 2.482435
993, 178, 0.529260
993, 179, 3.044445
993, 180, 3.516614
993, 181, 0.837788
993, 182, 3.133410
993, 183, -0.040000
993, 184, 0.631502
993, 185, 1.880346
993, 186, 3.356686
993, 187, 0.000000
993, 188, 2.140401
993, 189, 2.962932
993, 190, 2.387929
993, 191, 0.717938
993, 192, 2.106913
993, 193, 2.743733
993, 194, 1.537405
993, 195, -0.281318
993, 196, 3.982680
993, 197, 2.395276
993, 198, 2.274801
993, 199, 1.457518
995, 0, 1.503664
995, 1, 1.547395
995, 2, 2.464316
995, 3, 1.150858
995, 4, -0.339888
995, 5, 1.986068
995, 6, -0.000013
995, 7, 1.283833
995, 8, 3.412228
995, 9, 1.717014
995, 10, 1.799210
995, 11, 2.271101
995, 12, 2.590375
995, 13, 0.000000
995, 14, 2.625896
995, 15, 2.437911
995, 16, 1.129258
995, 17, 3.225446
995, 18, 3.587364
995, 19, 2.591611
995, 20, 4.262704
995, 21, 0.436530
995, 22, 2.161510
995, 23, 1.270559
995, 24, 0.871405
995, 25, 2.046121
995, 26, 1.010668
995, 27, 0.812977
995, 28, 1.980425
995, 29, 1.901947
995, 30, 0.668950
995, 31, 2.622901
995, 32, 0.422124
995, 33, 2.741384
995, 34, 2.375562
995, 35, 2.610969
995, 36, 2.299117
995, 37, 1.396197
995, 38, 0.375477
995, 39, 1.570295
995, 40, 2.690736
995, 41, 1.752483
995, 42, 1.011686
995, 43, 1.442728
995, 44, 0.519650
995, 45, 1.438109
995, 46, 2.338147
995, 47, 1.415481
995, 48, 2.596669
995, 49, -0.160065
995, 50, 2.174345
995, 51, 0.485420
995, 52, 1.514256
995, 53, -0.000015
995, 54, 2.741530
995, 55, 3.170733
995, 56, 2.525677
995, 57, 2.973427
995, 58, 0.829374
995, 59, 1.691667
995, 60, 0.000000
995, 61, 1.402721
995, 62, 2.046885
995, 63, 1.722669
995, 64, 2.057648
995, 65, 3.472512
995, 66, 1.750670
995, 67, 2.511020
995, 68, 1.571999
995, 69, 2.723278
995, 70, 2.952765
995, 71, 2.584228
995, 72, 3.799382
995, 73, 3.227296
995, 74, 1.580833
995, 75, 1.934788
995, 76, 1.049166
995, 77, 1.420346
995, 78, 1.805377
995, 79, 2.797782
995, 80, 2.669852
995, 81, 1.710896
995, 82, -0.112389
995, 83, 1.230888
995, 84, 0.939994
995, 85, 3.020049
995, 86, 3.276847
995, 87, 2.334270
995, 88, 1.403196
995, 89, 0.544654
995, 90, 1.203633
995, 91, 1.363953
995, 92, 0.672629
995, 93, 2.653856
995, 94, 1.649729
995, 95, 0.927489
995, 96, 1.651509
995, 97, 4.292447
995, 98, 2.134043
995, 99, 1.083238
995, 100, 0.792004
995, 101, -0.031273
995, 102, 1.865048
995, 103, 0.000000
995, 104, 3.436436
995, 105, 2.852664
995, 106, 1.431670
995, 107, 1.884449
995, 108, -0.090013
995, 109, 0.382336
995, 110, 1.771988
995, 111, 0.758446
995, 112, 1.185186
995, 113, 3.555215
995, 114, 1.041432
995, 115, 1.997383
995, 116, 1.443794
995, 117, 2.385157
995, 118, 1.586007
995, 119, 1.334032
995, 120, 2.301379
995, 121, 3.669699
995, 122, 2.491744
995, 123, 0.346461
995, 124, 2.149925
995, 125, 4.285627
995, 126, 1.226490
995, 127, 0.838413
995, 128, 0.512609
995, 129, 0.068566
995, 130, 1.536904
995, 131, 1.765902
995, 132, 1.469586
995, 133, 0.158527
995, 134, 1.165754
995, 135, 0.744959
995, 136, -0.000010
995, 137, 1.547969
995, 138, 0.987940
995, 139, 0.937750
995, 140, 3.486933
995, 141, 2.345864
995, 142, 3.056259
995, 143, 1.953247
995, 144, 1.508965
995, 145, 1.077613
995, 146, 1.966183
995, 147, 3.878050
995, 148, 2.480981
995, 149, 3.530708
995, 150, 1.562608
995, 151, 1.924179
995, 152, 2.093819
995, 153, 0.000000
995, 154, 1.593774
995, 155, 2.281431
995, 156, -0.010000
995, 157, 3.008960
995, 158, 1.993107
995, 159, 1.077853
995, 160, 2.950613
995, 161, 2.098082
995, 162, 3.454033
995, 163, 2.510499
995, 164, 3.346162
995, 165, 2.993627
995, 166, 3.625777
995, 167, 1.409328
995, 168, 0.324529
995, 169, 1.780543
995, 170, 1.509260
995, 171, 2.809231
995, 172, 2.682576
995, 173, 2.613680
995, 174, 2.125203
995, 175, 1.474262
995, 176, 3.362803
995, 177, 2.492930
995, 178, 0.529260
995, 179, 3.049807
995, 180, 3.511578
995, 181, 0.837788
995, 182, 3.133410
995, 183, -0.040000
995, 184, 0.631502
995, 185, 1.880346
995, 186, 3.361380
995, 187, 0.000000
995, 188, 2.142077
995, 189, 2.902302
995, 190, 2.387929
995, 191, 0.717938
995, 192, 2.108580
995, 193, 2.733195
995, 194, 1.537405
995, 195, -0.281319
995, 196, 3.968765
995, 197, 2.394046
995, 198, 2.274786
995, 199, 1.457518
997, 0, 1.503664
997, 1, 1.547396
997, 2, 2.484176
997, 3, 1.150859
997, 4, -0.339888
997, 5, 1.984041
997, 6, -0.000013
997, 7, 1.283834
997, 8, 3.415119
997, 9, 1.717014
997, 10, 1.799210
997, 11, 2.271102
997, 12, 2.597318
997, 13, 0.000000
997, 14, 2.626791
997, 15, 2.458265
997, 16, 1.129258
997, 17, 3.211051
997, 18, 3.587923
997, 19, 2.589026
997, 20, 4.292991
997, 21, 0.436530
997, 22, 2.161510
997, 23, 1.270559
997, 24, 0.875536
997, 25, 2.046121
997, 26, 1.010668
997, 27, 0.812977
997, 28, 1.980758
997, 29, 1.900054
997, 30, 0.668950
997, 31, 2.628934
997, 32, 0.422124
997, 33, 2.744946
997, 34, 2.378211
997, 35, 2.611545
997, 36, 2.297697
997, 37, 1.576357
997, 38, 0.375477
997, 39, 1.570295
997, 40, 2.690736
997, 41, 1.752429
997, 42, 1.011686
997, 43, 1.442728
997, 44, 0.519650
997, 45, 1.436412
997, 46, 2.340203
997, 47, 1.415481
997, 48, 2.595173
997, 49, -0.160065
997, 50, 2.174345
997, 51, 0.485420
997, 52, 1.514256
997, 53, -0.000015
997, 54, 2.776692
997, 55, 3.169154
997, 56, 2.521676
997, 57, 2.973840
997, 58, 0.829374
997, 59, 1.691667
997, 60, 0.000000
997, 61, 1.402721
997, 62, 2.046885
997, 63, 1.722669
997, 64, 2.057648
997, 65, 3.480395
997, 66, 1.750670
997, 67, 2.511020
997, 68, 1.571999
997, 69, 2.723278
997, 70, 2.954938
997, 71, 2.583738
997, 72, 3.798257
997, 73, 3.229124
997, 74, 1.580833
997, 75, 1.934788
997, 76, 1.049166
997, 77, 1.420346
997, 78, 1.805377
997, 79, 2.797782
997, 80, 2.669719
997, 81, 1.710896
997, 82, -0.111205
997, 83, 1.230889
997, 84, 0.939994
997, 85, 3.020050
997, 86, 3.237939
997, 87, 2.334270
997, 88, 1.403196
997, 89, 0.544654
997, 90, 1.203633
997, 91, 1.395991
997, 92, 0.672629
997, 93, 2.658981
997, 94, 1.649833
997, 95, 0.931797
997, 96, 1.651585
997, 97, 4.305150
997, 98, 2.144546
997, 99, 1.083238
997, 100, 0.792004
997, 101, -0.031273
997, 102, 1.865048
997, 103, 0.000000
997, 104, 3.421109
997, 105, 2.856089
997, 106, 1.431670
997, 107, 1.878197
997, 108, -0.090013
997, 109, 0.398293
997, 110, 1.771988
997, 111, 0.757336
997, 112, 1.185186
997, 113, 3.556095
997, 114, 1.041432
997, 115, 1.997383
997, 116, 1.443794
997, 117, 2.385157
997, 118, 1.592816
997, 119, 1.334032
997, 120, 2.301379
997, 121, 3.609957
997, 122, 2.492989
997, 123, 0.346461
997, 124, 2.149925
997, 125, 4.250623
997, 126, 1.227154
997, 127, 0.838413
997, 128, 0.512609
997, 129, 0.068566
997, 130, 1.536904
997, 131, 1.765901
997, 132, 1.469586
997, 133, 0.158527
997, 134, 1.165754
997, 135, 0.744959
997, 136, -0.000010
997, 137, 1.548281
997, 138, 0.987940
997, 139, 0.937750
997, 140, 3.490500
997, 141, 2.345865
997, 142, 3.049695
997, 143, 1.962563
997, 144, 1.508965
997, 145, 1.077613
997, 146, 1.966183
997, 147, 3.883187
997, 148, 2.480981
997, 149, 3.530985
997, 150, 1.562608
997, 151, 1.929269
997, 152, 2.093819
997, 153, 0.000000
997, 154, 1.593774
997, 155, 2.281431
997, 156, -0.010000
997, 157, 3.021807
997, 158, 1.993107
997, 159, 1.077853
997, 160, 2.885218
997, 161, 2.098282
997, 162, 3.457864
997, 163, 2.512650
997, 164, 3.343880
997, 165, 2.995259
997, 166, 3.605454
997, 167, 1.409328
997, 168, 0.324529
997, 169, 1.780482
997, 170, 1.509260
997, 171, 2.801969
997, 172, 2.702905
997, 173, 2.613680
997, 174, 2.123033
997, 175, 1.474262
997, 176, 3.372641
997, 177, 2.491793
997, 178, 0.529260
997, 179, 3.048461
997, 180, 3.516845
997, 181, 0.837788
997, 182, 3.133410
997, 183, -0.040000
997, 184, 0.631502
997, 185, 1.880346
997, 186, 3.382658
997, 187, 0.000000
997, 188, 2.137062
997, 189, 2.786994
997, 190, 2.387929
997, 191, 0.717938
997, 192, 2.129071
997, 193, 2.740433
997, 194, 1.537405
997, 195, -0.281319
997, 196, 3.971780
997, 197, 2.398269
997, 198, 2.274848
997, 199, 1.457517
999, 0, 1.503664
999, 1, 1.547395
999, 2, 2.463237
999, 3, 1.150859
999, 4, -0.339888
999, 5, 1.976406
999, 6, -0.000013
999, 7, 1.283834
999, 8, 3.382950
999, 9, 1.717014
999, 10, 1.799210
999, 11, 2.271102
999, 12, 2.592319
999, 13, 0.000000
999, 14, 2.627138
999, 15, 2.435290
999, 16, 1.129258
999, 17, 3.228715
999, 18, 3.586859
999, 19, 2.589026
999, 20, 4.279378
999, 21, 0.436530
999, 22, 2.161510
999, 23, 1.270559
999, 24, 0.886075
999, 25, 2.046121
999, 26, 1.010668
999, 27, 0.812977
999, 28, 1.981144
999, 29, 1.903261
999, 30, 0.668950
999, 31, 2.624383
999, 32, 0.422124
999, 33, 2.698936
999, 34, 2.362682
999, 35, 2.611757
999, 36, 2.296856
999, 37, 1.472873
999, 38, 0.375477
999, 39, 1.570295
999, 40, 2.690736
999, 41, 1.752408
999, 42, 1.011686
999, 43, 1.442728
999, 44, 0.519650
999, 45, 1.439295
999, 46, 2.358622
999, 47, 1.415481
999, 48, 2.596058
999, 49, -0.160065
999, 50, 2.174345
999, 51, 0.485420
999, 52, 1.514256
999, 53, -0.000015
999, 54, 2.735145
999, 55, 3.166637
999, 56, 2.522191
999, 57, 2.974015
999, 58, 0.829374
999, 59, 1.691667
999, 60, 0.000000
999, 61, 1.402721
999, 62, 2.046885
999, 63, 1.722669
999, 64, 2.057648
999, 65, 3.479973
999, 66, 1.750670
999, 67, 2.511020
999, 68, 1.571999
999, 69, 2.723278
999, 70, 2.954271
999, 71, 2.583025
999, 72, 3.798765
999, 73, 3.227957
999, 74, 1.580833
999, 75, 1.934788
999, 76, 1.049166
999, 77, 1.420346
999, 78, 1.805377
999, 79, 2.797782
999, 80, 2.667780
999, 81, 1.710896
999, 82, -0.113090
999, 83, 1.230889
999, 84, 0.939994
999, 85, 3.020049
999, 86, 3.247354
999, 87, 2.334270
999, 88, 1.403196
999, 89, 0.544654
999, 90, 1.203632
999, 91, 1.412050
999, 92, 0.672629
999, 93, 2.662531
999, 94, 1.652890
999, 95, 0.930648
999, 96, 1.631535
999, 97, 4.297000
999, 98, 2.149909
999, 99, 1.083238
999, 100, 0.792004
999, 101, -0.031273
999, 102, 1.865048
999, 103, 0.000000
999, 104, 3.416634
999, 105, 2.857766
999, 106, 1.431670
999, 107, 1.899953
999, 108, -0.090013
999, 109, 0.423848
999, 110, 1.771988
999, 111, 0.756386
999, 112, 1.185186
999, 113, 3.554786
999, 114, 1.041432
999, 115, 1.997383
999, 116, 1.443794
999, 117, 2.385157
999, 118, 1.590818
999, 119, 1.334032
999, 120, 2.301379
999, 121, 3.684635
999, 122, 2.494904
999, 123, 0.346461
999, 124, 2.149926
999, 125, 4.283976
999, 126, 1.227107
999, 127, 0.838413
999, 128, 0.512609
999, 129, 0.068566
999, 130, 1.536904
999, 131, 1.765901
999, 132, 1.469586
999, 133, 0.158527
999, 134, 1.165754
999, 135, 0.744959
999, 136, -0.000010
999, 137, 1.548249
999, 138, 0.987940
999, 139, 0.937750
999, 140, 3.493239
999, 141, 2.345864
999, 142, 3.060014
999, 143, 1.963444
999, 144, 1.508965
999, 145, 1.077613
999, 146, 1.966183
999, 147, 3.910666
999, 148, 2.480981
999, 149, 3.530954
999, 150, 1.562608
999, 151, 1.929780
999, 152, 2.093819
999, 153, 0.000000
999, 154, 1.593774
999, 155, 2.281430
999, 156, -0.010000
999, 157, 3.021511
999, 158, 1.993107
999, 159, 1.077853
999, 160, 2.955004
999, 161, 2.098282
999, 162, 3.459410
999, 163, 2.512650
999, 164, 3.343884
999, 165, 2.996443
999, 166, 3.613466
999, 167, 1.409328
999, 168, 0.324529
999, 169, 1.780356
999, 170, 1.509260
999, 171, 2.812700
999, 172, 2.702407
999, 173, 2.613680
999, 174, 2.135529
999, 175, 1.474262
999, 176, 3.372086
999, 177, 2.500306
999, 178, 0.529260
999, 179, 3.042890
999, 180, 3.518021
999, 181, 0.837788
999, 182, 3.133410
999, 183, -0.040000
999, 184, 0.631502
999, 185, 1.880346
999, 186, 3.360639
999, 187, 0.000000
999, 188, 2.130037
999, 189, 2.853384
999, 190, 2.387929
999, 191, 0.717938
999, 192, 2.134454
999, 193, 2.740561
999, 194, 1.537405
999, 195, -0.281320
999, 196, 3.982490
999, 197, 2.394265
999, 198, 2.274837
999, 199, 1.457517
